,State,District,Crop,Optimized Area (Hectare),Original Area (Hectare),Original yield,Optimized production kg,Original production kg,Optimized Total N Applied,Original Total N Applied,Optimized Total P Applied,Original Total P Applied,Optimized Total N surplus,Original Total N surplus,Optimized Total P surplus,Original Total P surplus,Optimized Calorie,Original Calorie,Optimized AGHG,Original AGHG,Optimized N_leach,Original N_leach,Optimized N_emission,Original N_emission,Optimized water,Original water,Optimized profit,Original profit,Area (Hectare),% change in water,% change in nitrogen,% change in Phosphorus,% change in nitrogen applied,% change in Phosphorus applied,% change in calorie,% change in profit,% change in AGHG,% change in N emission,% change in N leaach
0,andaman and nicobar,ariyalurariyalurariyalurariyalurariyalurcoimbatorecoimbatorecoimbatorecoimbatorecoimbatorecuddalorecuddalorecuddalorecuddalorecuddaloredharmapuridharmapuridharmapuridharmapuridharmapuridindiguldindiguldindiguldindiguldindigulerodeerodeerodeerodeerodekancheepuramkancheepuramkancheepuramkancheepuramkancheepuramkanniyakumarikanniyakumarikanniyakumarikanniyakumarikanniyakumarikarurkarurkarurkarurkarurkrishnagirikrishnagirikrishnagirikrishnagirikrishnagirimaduraimaduraimaduraimaduraimadurainagappattinamnagappattinamnagappattinamnagappattinamnagappattinamnamakkalnamakkalnamakkalnamakkalnamakkalperambalurperambalurperambalurperambalurperambalurpudukkottaipudukkottaipudukkottaipudukkottaipudukkottairamanathapuramramanathapuramramanathapuramramanathapuramramanathapuramsalemsalemsalemsalemsalemsivagangasivagangasivagangasivagangasivagangathanjavurthanjavurthanjavurthanjavurthanjavurthe nilgiristhe nilgiristhe nilgiristhe nilgiristhe nilgiristhenithenithenithenithenithiruvallurthiruvallurthiruvallurthiruvallurthiruvallurthiruvarurthiruvarurthiruvarurthiruvarurthiruvarurtiruchirappallitiruchirappallitiruchirappallitiruchirappallitiruchirappallitirunelvelitirunelvelitirunelvelitirunelvelitirunelvelitiruppurtiruppurtiruppurtiruppurtiruppurtiruvannamalaitiruvannamalaitiruvannamalaitiruvannamalaitiruvannamalaituticorintuticorintuticorintuticorintuticorinvellorevellorevellorevellorevelloreviluppuramviluppuramviluppuramviluppuramviluppuramvirudhunagarvirudhunagarvirudhunagarvirudhunagarvirudhunagaramritsaramritsaramritsaramritsaramritsarbarnalabarnalabarnalabarnalabarnalabathindabathindabathindabathindabathindafaridkotfaridkotfaridkotfaridkotfaridkotfatehgarh sahibfatehgarh sahibfatehgarh sahibfatehgarh sahibfatehgarh sahibfazilkafazilkafazilkafazilkafazilkafirozpurfirozpurfirozpurfirozpurfirozpurgurdaspurgurdaspurgurdaspurgurdaspurgurdaspurhoshiarpurhoshiarpurhoshiarpurhoshiarpurhoshiarpurjalandharjalandharjalandharjalandharjalandharkapurthalakapurthalakapurthalakapurthalakapurthalaludhianaludhianaludhianaludhianaludhianamansamansamansamansamansamogamogamogamogamogamuktsarmuktsarmuktsarmuktsarmuktsarpathankotpathankotpathankotpathankotpathankotpatialapatialapatialapatialapatialarupnagarrupnagarrupnagarrupnagarrupnagarsangrursangrursangrursangrursangrurshahid bhagat singh nagarshahid bhagat singh nagarshahid bhagat singh nagarshahid bhagat singh nagarshahid bhagat singh nagartarn tarantarn tarantarn tarantarn tarantarn taranambalaambalaambalaambalaambalabhiwanibhiwanibhiwanibhiwanibhiwanicharki dadricharki dadricharki dadricharki dadricharki dadrifaridabadfaridabadfaridabadfaridabadfaridabadfatehabadfatehabadfatehabadfatehabadfatehabadgurgaongurgaongurgaongurgaongurgaonhisarhisarhisarhisarhisarjhajjarjhajjarjhajjarjhajjarjhajjarjindjindjindjindjindkaithalkaithalkaithalkaithalkaithalkarnalkarnalkarnalkarnalkarnalkurukshetrakurukshetrakurukshetrakurukshetrakurukshetramewatmewatmewatmewatmewatpalwalpalwalpalwalpalwalpalwalpanchkulapanchkulapanchkulapanchkulapanchkulapanipatpanipatpanipatpanipatpanipatrewarirewarirewarirewarirewarirohtakrohtakrohtakrohtakrohtaksirsasirsasirsasirsasirsasonipatsonipatsonipatsonipatsonipatyamunanagaryamunanagaryamunanagaryamunanagaryamunanagaranantapuranantapuranantapuranantapuranantapurchittoorchittoorchittoorchittoorchittooreast godavarieast godavarieast godavarieast godavarieast godavarigunturgunturgunturgunturgunturkadapakadapakadapakadapakadapakrishnakrishnakrishnakrishnakrishnakurnoolkurnoolkurnoolkurnoolkurnoolprakasamprakasamprakasamprakasamprakasamnellorenellorenellorenellorenelloresrikakulamsrikakulamsrikakulamsrikakulamsrikakulamvisakhapatnamvisakhapatnamvisakhapatnamvisakhapatnamvisakhapatnamvizianagaramvizianagaramvizianagaramvizianagaramvizianagaramwest godavariwest godavariwest godavariwest godavariwest godavariballariballariballariballariballaribangalore ruralbangalore ruralbangalore ruralbangalore ruralbangalore ruralbelagavibelagavibelagavibelagavibelagavibengaluru urbanbengaluru urbanbengaluru urbanbengaluru urbanbengaluru urbanbidarbidarbidarbidarbidarchamarajanagarachamarajanagarachamarajanagarachamarajanagarachamarajanagarachikkaballapurachikkaballapurachikkaballapurachikkaballapurachikkaballapurachikmagalurchikmagalurchikmagalurchikmagalurchikmagalurchitradurgachitradurgachitradurgachitradurgachitradurgadakshina kannadadakshina kannadadakshina kannadadakshina kannadadakshina kannadadavangeredavangeredavangeredavangeredavangeredharwaddharwaddharwaddharwaddharwadgadaggadaggadaggadaggadaghassanhassanhassanhassanhassanhaverihaverihaverihaverihaverikalaburagikalaburagikalaburagikalaburagikalaburagikodagukodagukodagukodagukodagukolarkolarkolarkolarkolarkoppalkoppalkoppalkoppalkoppalmandyamandyamandyamandyamandyamysurumysurumysurumysurumysururaichurraichurraichurraichurraichurramanagararamanagararamanagararamanagararamanagarashivamoggashivamoggashivamoggashivamoggashivamoggatumakurutumakurutumakurutumakurutumakuruudupiudupiudupiudupiudupiuttara kannadauttara kannadauttara kannadauttara kannadauttara kannadavijayapuravijayapuravijayapuravijayapuravijayapurayadgiryadgiryadgiryadgiryadgiralmoraalmoraalmoraalmoraalmorabageshwarbageshwarbageshwarbageshwarbageshwarchamolichamolichamolichamolichamolichampawatchampawatchampawatchampawatchampawatdehradundehradundehradundehradundehradunhardwarhardwarhardwarhardwarhardwarnainitalnainitalnainitalnainitalnainitalpauri garhwalpauri garhwalpauri garhwalpauri garhwalpauri garhwalpithoragarhpithoragarhpithoragarhpithoragarhpithoragarhrudra prayagrudra prayagrudra prayagrudra prayagrudra prayagtehri garhwaltehri garhwaltehri garhwaltehri garhwaltehri garhwaludham singh nagarudham singh nagarudham singh nagarudham singh nagarudham singh nagaruttar kashiuttar kashiuttar kashiuttar kashiuttar kashispsr nellorespsr nellorespsr nellorespsr nellorespsr nellorevisakhapatanamvisakhapatanamvisakhapatanamvisakhapatanamvisakhapatanamparaganas northparaganas northparaganas northparaganas northparaganas northparaganas southparaganas southparaganas southparaganas southparaganas southalipurduaralipurduaralipurduaralipurduaralipurduarbankurabankurabankurabankurabankurabirbhumbirbhumbirbhumbirbhumbirbhumcoochbeharcoochbeharcoochbeharcoochbeharcoochbehardarjeelingdarjeelingdarjeelingdarjeelingdarjeelingdakshin dinajpurdakshin dinajpurdakshin dinajpurdakshin dinajpurdakshin dinajpuruttar dinajpuruttar dinajpuruttar dinajpuruttar dinajpuruttar dinajpurhooghlyhooghlyhooghlyhooghlyhooghlyhowrahhowrahhowrahhowrahhowrahjalpaigurijalpaigurijalpaigurijalpaigurijalpaigurijhargramjhargramjhargramjhargramjhargramkalimpongkalimpongkalimpongkalimpongkalimpongmaldahmaldahmaldahmaldahmaldahmedinipur eastmedinipur eastmedinipur eastmedinipur eastmedinipur eastmedinipur westmedinipur westmedinipur westmedinipur westmedinipur westmurshidabadmurshidabadmurshidabadmurshidabadmurshidabadnadianadianadianadianadiabarddhamanbarddhamanbarddhamanbarddhamanbarddhamanpuruliyapuruliyapuruliyapuruliyapuruliyaalappuzhaalappuzhaalappuzhaalappuzhaalappuzhaernakulamernakulamernakulamernakulamernakulamidukkiidukkiidukkiidukkiidukkikannurkannurkannurkannurkannurkasaragodkasaragodkasaragodkasaragodkasaragodkollamkollamkollamkollamkollamkottayamkottayamkottayamkottayamkottayamkozhikodekozhikodekozhikodekozhikodekozhikodemalappurammalappurammalappurammalappurammalappurampalakkadpalakkadpalakkadpalakkadpalakkadpathanamthittapathanamthittapathanamthittapathanamthittapathanamthittathiruvananthapuramthiruvananthapuramthiruvananthapuramthiruvananthapuramthiruvananthapuramthrissurthrissurthrissurthrissurthrissurwayanadwayanadwayanadwayanadwayanadbagalkotbagalkotbagalkotbagalkotbagalkotchikballapurachikballapurachikballapurachikballapurachikballapurachikkamagaluruchikkamagaluruchikkamagaluruchikkamagaluruchikkamagalurudavanageredavanageredavanageredavanageredavanagereyadagiriyadagiriyadagiriyadagiriyadagiriagraagraagraagraagraaligarhaligarhaligarhaligarhaligarhallahabadallahabadallahabadallahabadallahabadambedkar nagarambedkar nagarambedkar nagarambedkar nagarambedkar nagaramethiamethiamethiamethiamethiamrohaamrohaamrohaamrohaamrohaauraiyaauraiyaauraiyaauraiyaauraiyaazamgarhazamgarhazamgarhazamgarhazamgarhbaghpatbaghpatbaghpatbaghpatbaghpatbahraichbahraichbahraichbahraichbahraichballiaballiaballiaballiaballiabalrampurbalrampurbalrampurbalrampurbalrampurbandabandabandabandabandabarabankibarabankibarabankibarabankibarabankibareillybareillybareillybareillybareillybastibastibastibastibastibijnorbijnorbijnorbijnorbijnorbudaunbudaunbudaunbudaunbudaunbulandshahrbulandshahrbulandshahrbulandshahrbulandshahrchandaulichandaulichandaulichandaulichandaulichitrakootchitrakootchitrakootchitrakootchitrakootdeoriadeoriadeoriadeoriadeoriaetahetahetahetahetahetawahetawahetawahetawahetawahfaizabadfaizabadfaizabadfaizabadfaizabadfarrukhabadfarrukhabadfarrukhabadfarrukhabadfarrukhabadfatehpurfatehpurfatehpurfatehpurfatehpurfirozabadfirozabadfirozabadfirozabadfirozabadkanpur nagarkanpur nagarkanpur nagarkanpur nagarkanpur nagarghaziabadghaziabadghaziabadghaziabadghaziabadghazipurghazipurghazipurghazipurghazipurgondagondagondagondagondagorakhpurgorakhpurgorakhpurgorakhpurgorakhpurhamirpurhamirpurhamirpurhamirpurhamirpurhapurhapurhapurhapurhapurhardoihardoihardoihardoihardoihathrashathrashathrashathrashathrasjalaunjalaunjalaunjalaunjalaunjaunpurjaunpurjaunpurjaunpurjaunpurjhansijhansijhansijhansijhansikannaujkannaujkannaujkannaujkannaujkanpur dehatkanpur dehatkanpur dehatkanpur dehatkanpur dehatkasganjkasganjkasganjkasganjkasganjkaushambikaushambikaushambikaushambikaushambilakhimpur kherilakhimpur kherilakhimpur kherilakhimpur kherilakhimpur kherikushinagarkushinagarkushinagarkushinagarkushinagarlalitpurlalitpurlalitpurlalitpurlalitpurlucknowlucknowlucknowlucknowlucknowmaharajganjmaharajganjmaharajganjmaharajganjmaharajganjmahobamahobamahobamahobamahobamainpurimainpurimainpurimainpurimainpurimathuramathuramathuramathuramathuramaumaumaumaumaumeerutmeerutmeerutmeerutmeerutmirzapurmirzapurmirzapurmirzapurmirzapurmoradabadmoradabadmoradabadmoradabadmoradabadmuzaffarnagarmuzaffarnagarmuzaffarnagarmuzaffarnagarmuzaffarnagarpilibhitpilibhitpilibhitpilibhitpilibhitpratapgarhpratapgarhpratapgarhpratapgarhpratapgarhrae barelirae barelirae barelirae barelirae barelirampurrampurrampurrampurrampursaharanpursaharanpursaharanpursaharanpursaharanpursambhalsambhalsambhalsambhalsambhalsant kabeer nagarsant kabeer nagarsant kabeer nagarsant kabeer nagarsant kabeer nagarsant ravi das nagarsant ravi das nagarsant ravi das nagarsant ravi das nagarsant ravi das nagarshahajahanpurshahajahanpurshahajahanpurshahajahanpurshahajahanpurshamlishamlishamlishamlishamlishravastishravastishravastishravastishravastisiddharth nagarsiddharth nagarsiddharth nagarsiddharth nagarsiddharth nagarsitapursitapursitapursitapursitapursonbhadrasonbhadrasonbhadrasonbhadrasonbhadrasultanpursultanpursultanpursultanpursultanpurunnaounnaounnaounnaounnaovaranasivaranasivaranasivaranasivaranasiahmednagarahmednagarahmednagarahmednagarahmednagaramravatiamravatiamravatiamravatiamravatibeedbeedbeedbeedbeedbhandarabhandarabhandarabhandarabhandarachandrapurchandrapurchandrapurchandrapurchandrapurdhuledhuledhuledhuledhulegadchiroligadchiroligadchiroligadchiroligadchiroligondiagondiagondiagondiagondiakolhapurkolhapurkolhapurkolhapurkolhapurlaturlaturlaturlaturlaturnagpurnagpurnagpurnagpurnagpurnandednandednandednandednandednandurbarnandurbarnandurbarnandurbarnandurbarnashiknashiknashiknashiknashikosmanabadosmanabadosmanabadosmanabadosmanabadpalgharpalgharpalgharpalgharpalgharpunepunepunepunepuneraigadraigadraigadraigadraigadratnagiriratnagiriratnagiriratnagiriratnagirisanglisanglisanglisanglisanglisatarasatarasatarasatarasatarasindhudurgsindhudurgsindhudurgsindhudurgsindhudurgsolapursolapursolapursolapursolapurthanethanethanethanethaneanantnaganantnaganantnaganantnaganantnagbadgambadgambadgambadgambadgambandiporabandiporabandiporabandiporabandiporabaramullabaramullabaramullabaramullabaramulladodadodadodadodadodaganderbalganderbalganderbalganderbalganderbaljammujammujammujammujammukathuakathuakathuakathuakathuakishtwarkishtwarkishtwarkishtwarkishtwarkulgamkulgamkulgamkulgamkulgamkupwarakupwarakupwarakupwarakupwarapoonchpoonchpoonchpoonchpoonchpulwamapulwamapulwamapulwamapulwamarajaurirajaurirajaurirajaurirajaurirambanrambanrambanrambanrambanreasireasireasireasireasisambasambasambasambasambashopianshopianshopianshopianshopiansrinagarsrinagarsrinagarsrinagarsrinagarudhampurudhampurudhampurudhampurudhampurahmadabadahmadabadahmadabadahmadabadahmadabadanandanandanandanandanandaravalliaravalliaravalliaravalliaravallibharuchbharuchbharuchbharuchbharuchchhotaudepurchhotaudepurchhotaudepurchhotaudepurchhotaudepurdangdangdangdangdangdohaddohaddohaddohaddohadgandhinagargandhinagargandhinagargandhinagargandhinagarkhedakhedakhedakhedakhedamahesanamahesanamahesanamahesanamahesanamahisagarmahisagarmahisagarmahisagarmahisagarnarmadanarmadanarmadanarmadanarmadanavsarinavsarinavsarinavsarinavsaripanch mahalspanch mahalspanch mahalspanch mahalspanch mahalssabar kanthasabar kanthasabar kanthasabar kanthasabar kanthasuratsuratsuratsuratsuratsurendranagarsurendranagarsurendranagarsurendranagarsurendranagartapitapitapitapitapivadodaravadodaravadodaravadodaravadodaravalsadvalsadvalsadvalsadvalsadajmerajmerajmerajmerajmeralwaralwaralwaralwaralwarbanswarabanswarabanswarabanswarabanswarabaranbaranbaranbaranbaranbharatpurbharatpurbharatpurbharatpurbharatpurbhilwarabhilwarabhilwarabhilwarabhilwarabundibundibundibundibundichittorgarhchittorgarhchittorgarhchittorgarhchittorgarhdholpurdholpurdholpurdholpurdholpurdungarpurdungarpurdungarpurdungarpurdungarpurganganagarganganagarganganagarganganagarganganagarhanumangarhhanumangarhhanumangarhhanumangarhhanumangarhjhalawarjhalawarjhalawarjhalawarjhalawarkaraulikaraulikaraulikaraulikaraulikotakotakotakotakotarajsamandrajsamandrajsamandrajsamandrajsamandsawai madhopursawai madhopursawai madhopursawai madhopursawai madhopurtonktonktonktonktonkudaipurudaipurudaipurudaipurudaipurarariaarariaarariaarariaarariaarwalarwalarwalarwalarwalaurangabadaurangabadaurangabadaurangabadaurangabadbankabankabankabankabankabegusaraibegusaraibegusaraibegusaraibegusaraibhagalpurbhagalpurbhagalpurbhagalpurbhagalpurbhojpurbhojpurbhojpurbhojpurbhojpurbuxarbuxarbuxarbuxarbuxardarbhangadarbhangadarbhangadarbhangadarbhangagayagayagayagayagayagopalganjgopalganjgopalganjgopalganjgopalganjjamuijamuijamuijamuijamuijehanabadjehanabadjehanabadjehanabadjehanabadkaimurkaimurkaimurkaimurkaimurkatiharkatiharkatiharkatiharkatiharkhagariakhagariakhagariakhagariakhagariakishanganjkishanganjkishanganjkishanganjkishanganjlakhisarailakhisarailakhisarailakhisarailakhisaraimadhepuramadhepuramadhepuramadhepuramadhepuramadhubanimadhubanimadhubanimadhubanimadhubanimungermungermungermungermungermuzaffarpurmuzaffarpurmuzaffarpurmuzaffarpurmuzaffarpurnalandanalandanalandanalandanalandanawadanawadanawadanawadanawadapashchim champaranpashchim champaranpashchim champaranpashchim champaranpashchim champaranpatnapatnapatnapatnapatnapurbi champaranpurbi champaranpurbi champaranpurbi champaranpurbi champaranpurniapurniapurniapurniapurniarohtasrohtasrohtasrohtasrohtassaharsasaharsasaharsasaharsasaharsasamastipursamastipursamastipursamastipursamastipursaransaransaransaransaransheikhpurasheikhpurasheikhpurasheikhpurasheikhpurasheoharsheoharsheoharsheoharsheoharsitamarhisitamarhisitamarhisitamarhisitamarhisiwansiwansiwansiwansiwansupaulsupaulsupaulsupaulsupaulvaishalivaishalivaishalivaishalivaishalidinajpur dakshindinajpur dakshindinajpur dakshindinajpur dakshindinajpur dakshindinajpur uttardinajpur uttardinajpur uttardinajpur uttardinajpur uttarpaschim bardhamanpaschim bardhamanpaschim bardhamanpaschim bardhamanpaschim bardhamanpurba bardhamanpurba bardhamanpurba bardhamanpurba bardhamanpurba bardhamanpuruliapuruliapuruliapuruliapurulianagapattinamnagapattinamnagapattinamnagapattinamnagapattinamvirudunagarvirudunagarvirudunagarvirudunagarvirudunagaranugulanugulanugulanugulanugulbalangirbalangirbalangirbalangirbalangirbaleshwarbaleshwarbaleshwarbaleshwarbaleshwarbargarhbargarhbargarhbargarhbargarhbhadrakbhadrakbhadrakbhadrakbhadrakboudhboudhboudhboudhboudhcuttackcuttackcuttackcuttackcuttackdeogarhdeogarhdeogarhdeogarhdeogarhdhenkanaldhenkanaldhenkanaldhenkanaldhenkanalgajapatigajapatigajapatigajapatigajapatiganjamganjamganjamganjamganjamjagatsinghapurjagatsinghapurjagatsinghapurjagatsinghapurjagatsinghapurjajapurjajapurjajapurjajapurjajapurjharsugudajharsugudajharsugudajharsugudajharsugudakalahandikalahandikalahandikalahandikalahandikandhamalkandhamalkandhamalkandhamalkandhamalkendraparakendraparakendraparakendraparakendraparakendujharkendujharkendujharkendujharkendujharkhordhakhordhakhordhakhordhakhordhakoraputkoraputkoraputkoraputkoraputmalkangirimalkangirimalkangirimalkangirimalkangirimayurbhanjmayurbhanjmayurbhanjmayurbhanjmayurbhanjnabarangpurnabarangpurnabarangpurnabarangpurnabarangpurnayagarhnayagarhnayagarhnayagarhnayagarhnuapadanuapadanuapadanuapadanuapadapuripuripuripuripurirayagadarayagadarayagadarayagadarayagadasambalpursambalpursambalpursambalpursambalpursonepursonepursonepursonepursonepursundargarhsundargarhsundargarhsundargarhsundargarhbaksabaksabaksabaksabaksabarpetabarpetabarpetabarpetabarpetabongaigaonbongaigaonbongaigaonbongaigaonbongaigaoncacharcacharcacharcacharcacharchirangchirangchirangchirangchirangdarrangdarrangdarrangdarrangdarrangdhemajidhemajidhemajidhemajidhemajidhubridhubridhubridhubridhubridibrugarhdibrugarhdibrugarhdibrugarhdibrugarhdima hasaodima hasaodima hasaodima hasaodima hasaogoalparagoalparagoalparagoalparagoalparagolaghatgolaghatgolaghatgolaghatgolaghathailakandihailakandihailakandihailakandihailakandijorhatjorhatjorhatjorhatjorhatkamrupkamrupkamrupkamrupkamrupkarbi anglongkarbi anglongkarbi anglongkarbi anglongkarbi anglongkarimganjkarimganjkarimganjkarimganjkarimganjkokrajharkokrajharkokrajharkokrajharkokrajharlakhimpurlakhimpurlakhimpurlakhimpurlakhimpurmorigaonmorigaonmorigaonmorigaonmorigaonnagaonnagaonnagaonnagaonnagaonnalbarinalbarinalbarinalbarinalbarisivasagarsivasagarsivasagarsivasagarsivasagarsonitpursonitpursonitpursonitpursonitpurtinsukiatinsukiatinsukiatinsukiatinsukiaudalguriudalguriudalguriudalguriudalguribokarobokarobokarobokarobokarochatrachatrachatrachatrachatradeoghardeoghardeoghardeoghardeoghardhanbaddhanbaddhanbaddhanbaddhanbaddumkadumkadumkadumkadumkaeast singhbumeast singhbumeast singhbumeast singhbumeast singhbumgarhwagarhwagarhwagarhwagarhwagiridihgiridihgiridihgiridihgiridihgoddagoddagoddagoddagoddagumlagumlagumlagumlagumlahazaribaghhazaribaghhazaribaghhazaribaghhazaribaghjamtarajamtarajamtarajamtarajamtarakhuntikhuntikhuntikhuntikhuntikodermakodermakodermakodermakodermalateharlateharlateharlateharlateharlohardagalohardagalohardagalohardagalohardagapakurpakurpakurpakurpakurpalamupalamupalamupalamupalamuramgarhramgarhramgarhramgarhramgarhranchiranchiranchiranchiranchisahibganjsahibganjsahibganjsahibganjsahibganjsaraikelakharsawansaraikelakharsawansaraikelakharsawansaraikelakharsawansaraikelakharsawansimdegasimdegasimdegasimdegasimdegawest singhbhumwest singhbhumwest singhbhumwest singhbhumwest singhbhumbilaspurbilaspurbilaspurbilaspurbilaspurchambachambachambachambachambakangrakangrakangrakangrakangrakinnaurkinnaurkinnaurkinnaurkinnaurkullukullukullukullukullumandimandimandimandimandishimlashimlashimlashimlashimlasirmaursirmaursirmaursirmaursirmaursolansolansolansolansolanunaunaunaunaunakaimur (bhabua)kaimur (bhabua)kaimur (bhabua)kaimur (bhabua)kaimur (bhabua)baloda bazarbaloda bazarbaloda bazarbaloda bazarbaloda bazaruttar bastar kankeruttar bastar kankeruttar bastar kankeruttar bastar kankeruttar bastar kankerbemetarabemetarabemetarabemetarabemetarabijapurbijapurbijapurbijapurbijapurdantewadadantewadadantewadadantewadadantewadadhamtaridhamtaridhamtaridhamtaridhamtaridurgdurgdurgdurgdurggariabandgariabandgariabandgariabandgariabandjanjgirchampajanjgirchampajanjgirchampajanjgirchampajanjgirchampajashpurjashpurjashpurjashpurjashpurkabirdhamkabirdhamkabirdhamkabirdhamkabirdhamkondagaonkondagaonkondagaonkondagaonkondagaonkorbakorbakorbakorbakorbakoreakoreakoreakoreakoreamahasamundmahasamundmahasamundmahasamundmahasamundmungelimungelimungelimungelimungelinarayanpurnarayanpurnarayanpurnarayanpurnarayanpurraigarhraigarhraigarhraigarhraigarhraipurraipurraipurraipurraipurrajnandgaonrajnandgaonrajnandgaonrajnandgaonrajnandgaonsukmasukmasukmasukmasukmasurajpursurajpursurajpursurajpursurajpursurgujasurgujasurgujasurgujasurgujalahul and spitilahul and spitilahul and spitilahul and spitilahul and spitiarvalliarvalliarvalliarvalliarvallibanas kanthabanas kanthabanas kanthabanas kanthabanas kanthadevbhumi dwarkadevbhumi dwarkadevbhumi dwarkadevbhumi dwarkadevbhumi dwarkakachchhkachchhkachchhkachchhkachchhpatanpatanpatanpatanpatanrajkotrajkotrajkotrajkotrajkotahmadnagarahmadnagarahmadnagarahmadnagarahmadnagarakolaakolaakolaakolaakolabuldhanabuldhanabuldhanabuldhanabuldhanahingolihingolihingolihingolihingolijalgaonjalgaonjalgaonjalgaonjalgaonjalnajalnajalnajalnajalnaparbhaniparbhaniparbhaniparbhaniparbhaniwashimwashimwashimwashimwashimyavatmalyavatmalyavatmalyavatmalyavatmalagar malwaagar malwaagar malwaagar malwaagar malwaalirajpuralirajpuralirajpuralirajpuralirajpuranuppuranuppuranuppuranuppuranuppurashoknagarashoknagarashoknagarashoknagarashoknagarbalaghatbalaghatbalaghatbalaghatbalaghatbarwanibarwanibarwanibarwanibarwanibetulbetulbetulbetulbetulbhopalbhopalbhopalbhopalbhopalburhanpurburhanpurburhanpurburhanpurburhanpurchhatarpurchhatarpurchhatarpurchhatarpurchhatarpurchhindwarachhindwarachhindwarachhindwarachhindwaradamohdamohdamohdamohdamohdatiadatiadatiadatiadatiadewasdewasdewasdewasdewasdhardhardhardhardhardindoridindoridindoridindoridindorigunagunagunagunagunagwaliorgwaliorgwaliorgwaliorgwaliorhardahardahardahardahardahoshangabadhoshangabadhoshangabadhoshangabadhoshangabadindoreindoreindoreindoreindorejabalpurjabalpurjabalpurjabalpurjabalpurjhabuajhabuajhabuajhabuajhabuakatnikatnikatnikatnikatnikhandwakhandwakhandwakhandwakhandwakhargonekhargonekhargonekhargonekhargonemandlamandlamandlamandlamandlamandsaurmandsaurmandsaurmandsaurmandsaurmorenamorenamorenamorenamorenanarsinghpurnarsinghpurnarsinghpurnarsinghpurnarsinghpurneemuchneemuchneemuchneemuchneemuchpannapannapannapannapannaraisenraisenraisenraisenraisenrajgarhrajgarhrajgarhrajgarhrajgarhratlamratlamratlamratlamratlamrewarewarewarewarewasagarsagarsagarsagarsagarsatnasatnasatnasatnasatnasehoresehoresehoresehoresehoreseoniseoniseoniseoniseonishahdolshahdolshahdolshahdolshahdolshajapurshajapurshajapurshajapurshajapursheopursheopursheopursheopursheopurshivpurishivpurishivpurishivpurishivpurisidhisidhisidhisidhisidhisingraulisingraulisingraulisingraulisingraulitikamgarhtikamgarhtikamgarhtikamgarhtikamgarhujjainujjainujjainujjainujjainumariaumariaumariaumariaumariavidishavidishavidishavidishavidishabarmerbarmerbarmerbarmerbarmerchittaurgarhchittaurgarhchittaurgarhchittaurgarhchittaurgarhchuruchuruchuruchuruchurudausadausadausadausadausajaipurjaipurjaipurjaipurjaipurjalorejalorejalorejalorejalorejodhpurjodhpurjodhpurjodhpurjodhpurnagaurnagaurnagaurnagaurnagaurpalipalipalipalipalisikarsikarsikarsikarsikarsirohisirohisirohisirohisirohiharidwarharidwarharidwarharidwarharidwarudam singh nagarudam singh nagarudam singh nagarudam singh nagarudam singh nagarkanchipuramkanchipuramkanchipuramkanchipuramkanchipuramvillupuramvillupuramvillupuramvillupuramvillupurambhindbhindbhindbhindbhindbagalkotebagalkotebagalkotebagalkotebagalkotebuldanabuldanabuldanabuldanabuldanawardhawardhawardhawardhawardhasahebganjsahebganjsahebganjsahebganjsahebganjsaraikela kharsawansaraikela kharsawansaraikela kharsawansaraikela kharsawansaraikela kharsawangautam buddha nagargautam buddha nagargautam buddha nagargautam buddha nagargautam buddha nagarkherikherikherikherikherikushi nagarkushi nagarkushi nagarkushi nagarkushi nagarsant ravidas nagarsant ravidas nagarsant ravidas nagarsant ravidas nagarsant ravidas nagarmahendragarhmahendragarhmahendragarhmahendragarhmahendragarhjamnagarjamnagarjamnagarjamnagarjamnagarchamrajnagarchamrajnagarchamrajnagarchamrajnagarchamrajnagartumkurtumkurtumkurtumkurtumkurbalodbalodbalodbalodbalodbastarbastarbastarbastarbastargariyabandgariyabandgariyabandgariyabandgariyabandjanjgir-champajanjgir-champajanjgir-champajanjgir-champajanjgir-champakankerkankerkankerkankerkankeramreliamreliamreliamreliamrelibhavnagarbhavnagarbhavnagarbhavnagarbhavnagarbotadbotadbotadbotadbotadgir somnathgir somnathgir somnathgir somnathgir somnathjunagadhjunagadhjunagadhjunagadhjunagadhmorbimorbimorbimorbimorbikamrup metrokamrup metrokamrup metrokamrup metrokamrup metromarigaonmarigaonmarigaonmarigaonmarigaonbikanerbikanerbikanerbikanerbikanerjaisalmerjaisalmerjaisalmerjaisalmerjaisalmerjhunjhununjhunjhununjhunjhununjhunjhununjhunjhununshahjahanpurshahjahanpurshahjahanpurshahjahanpurshahjahanpurnicobarsnicobarsnicobarsnicobarsnicobarsnorth and middle andamannorth and middle andamannorth and middle andamannorth and middle andamannorth and middle andamansouth andamanssouth andamanssouth andamanssouth andamanssouth andamansanjawanjawanjawanjawanjawchanglangchanglangchanglangchanglangchanglangdibang valleydibang valleydibang valleydibang valleydibang valleyeast kamengeast kamengeast kamengeast kamengeast kamengeast siangeast siangeast siangeast siangeast siangkra daadikra daadikra daadikra daadikra daadikurung kumeykurung kumeykurung kumeykurung kumeykurung kumeylohitlohitlohitlohitlohitlongdinglongdinglongdinglongdinglongdinglower dibang valleylower dibang valleylower dibang valleylower dibang valleylower dibang valleylower subansirilower subansirilower subansirilower subansirilower subansirinamsainamsainamsainamsainamsaipapum parepapum parepapum parepapum parepapum paresiangsiangsiangsiangsiangtawangtawangtawangtawangtawangtiraptiraptiraptiraptirapupper siangupper siangupper siangupper siangupper siangupper subansiriupper subansiriupper subansiriupper subansiriupper subansiriwest kamengwest kamengwest kamengwest kamengwest kamengwest siangwest siangwest siangwest siangwest siangchandigarhchandigarhchandigarhchandigarhchandigarhdadra and nagar havelidadra and nagar havelidadra and nagar havelidadra and nagar havelidadra and nagar havelibishnupurbishnupurbishnupurbishnupurbishnupurchandelchandelchandelchandelchandelchurachandpurchurachandpurchurachandpurchurachandpurchurachandpurimphal eastimphal eastimphal eastimphal eastimphal eastimphal westimphal westimphal westimphal westimphal westsenapatisenapatisenapatisenapatisenapatitamenglongtamenglongtamenglongtamenglongtamenglongthoubalthoubalthoubalthoubalthoubalukhrulukhrulukhrulukhrulukhruleast garo hillseast garo hillseast garo hillseast garo hillseast garo hillseast jaintia hillseast jaintia hillseast jaintia hillseast jaintia hillseast jaintia hillseast khasi hillseast khasi hillseast khasi hillseast khasi hillseast khasi hillsnorth garo hillsnorth garo hillsnorth garo hillsnorth garo hillsnorth garo hillsri bhoiri bhoiri bhoiri bhoiri bhoisouth garo hillssouth garo hillssouth garo hillssouth garo hillssouth garo hillssouth west garo hillssouth west garo hillssouth west garo hillssouth west garo hillssouth west garo hillssouth west khasi hillssouth west khasi hillssouth west khasi hillssouth west khasi hillssouth west khasi hillswest garo hillswest garo hillswest garo hillswest garo hillswest garo hillswest jaintia hillswest jaintia hillswest jaintia hillswest jaintia hillswest jaintia hillswest khasi hillswest khasi hillswest khasi hillswest khasi hillswest khasi hillsaizawlaizawlaizawlaizawlaizawlchamphaichamphaichamphaichamphaichamphaikolasibkolasibkolasibkolasibkolasiblawngtlailawngtlailawngtlailawngtlailawngtlailungleilungleilungleilungleilungleimamitmamitmamitmamitmamitsaihasaihasaihasaihasaihaserchhipserchhipserchhipserchhipserchhipdimapurdimapurdimapurdimapurdimapurkiphirekiphirekiphirekiphirekiphirekohimakohimakohimakohimakohimalonglenglonglenglonglenglonglenglonglengmokokchungmokokchungmokokchungmokokchungmokokchungmonmonmonmonmonperenperenperenperenperenphekphekphekphekphektuensangtuensangtuensangtuensangtuensangwokhawokhawokhawokhawokhazunhebotozunhebotozunhebotozunhebotozunhebotokaraikalkaraikalkaraikalkaraikalkaraikalpondicherrypondicherrypondicherrypondicherrypondicherryyanamyanamyanamyanamyanameast districteast districteast districteast districteast districtnorth districtnorth districtnorth districtnorth districtnorth districtsouth districtsouth districtsouth districtsouth districtsouth districtwest districtwest districtwest districtwest districtwest districtadilabadadilabadadilabadadilabadadilabadbhadradribhadradribhadradribhadradribhadradrihanumakondahanumakondahanumakondahanumakondahanumakondajagitialjagitialjagitialjagitialjagitialjangoanjangoanjangoanjangoanjangoanjayashankarjayashankarjayashankarjayashankarjayashankarjogulambajogulambajogulambajogulambajogulambakamareddykamareddykamareddykamareddykamareddykarimnagarkarimnagarkarimnagarkarimnagarkarimnagarkhammamkhammamkhammamkhammamkhammamkomaram bheem asifabadkomaram bheem asifabadkomaram bheem asifabadkomaram bheem asifabadkomaram bheem asifabadmahabubabadmahabubabadmahabubabadmahabubabadmahabubabadmahbubnagarmahbubnagarmahbubnagarmahbubnagarmahbubnagarmancherialmancherialmancherialmancherialmancherialmedakmedakmedakmedakmedakmedchal malkajgirimedchal malkajgirimedchal malkajgirimedchal malkajgirimedchal malkajgirinagarkurnoolnagarkurnoolnagarkurnoolnagarkurnoolnagarkurnoolnalgondanalgondanalgondanalgondanalgondanirmalnirmalnirmalnirmalnirmalnizamabadnizamabadnizamabadnizamabadnizamabadpeddapallipeddapallipeddapallipeddapallipeddapallirajannarajannarajannarajannarajannarangareddirangareddirangareddirangareddirangareddisangareddysangareddysangareddysangareddysangareddysiddipetsiddipetsiddipetsiddipetsiddipetsuryapetsuryapetsuryapetsuryapetsuryapetvikarabadvikarabadvikarabadvikarabadvikarabadwanaparthywanaparthywanaparthywanaparthywanaparthywarangalwarangalwarangalwarangalwarangalyadadriyadadriyadadriyadadriyadadridhalaidhalaidhalaidhalaidhalaigomatigomatigomatigomatigomatikhowaikhowaikhowaikhowaikhowainorth tripuranorth tripuranorth tripuranorth tripuranorth tripurasepahijalasepahijalasepahijalasepahijalasepahijalasouth tripurasouth tripurasouth tripurasouth tripurasouth tripuraunakotiunakotiunakotiunakotiunakotiwest tripurawest tripurawest tripurawest tripurawest tripura,ricemaizebajraragijowarricemaizebajraragijowarricemaizebajraragijowarricemaizebajraragijowarricemaizebajraragijowarricemaizebajraragijowarricemaizebajraragijowarricemaizebajraragijowarricemaizebajraragijowarricemaizebajraragijowarricemaizebajraragijowarricemaizebajraragijowarricemaizebajraragijowarricemaizebajraragijowarricemaizebajraragijowarricemaizebajraragijowarricemaizebajraragijowarricemaizebajraragijowarricemaizebajraragijowarricemaizebajraragijowarricemaizebajraragijowarricemaizebajraragijowarricemaizebajraragijowarricemaizebajraragijowarricemaizebajraragijowarricemaizebajraragijowarricemaizebajraragijowarricemaizebajraragijowarricemaizebajraragijowarricemaizebajraragijowarricemaizebajraragijowarricemaizebajraragijowarricemaizebajraragijowarricemaizebajraragijowarricemaizebajraragijowarricemaizebajraragijowarricemaizebajraragijowarricemaizebajraragijowarricemaizebajraragijowarricemaizebajraragijowarricemaizebajraragijowarricemaizebajraragijowarricemaizebajraragijowarricemaizebajraragijowarricemaizebajraragijowarricemaizebajraragijowarricemaizebajraragijowarricemaizebajraragijowarricemaizebajraragijowarricemaizebajraragijowarricemaizebajraragijowarricemaizebajraragijowarricemaizebajraragijowarricemaizebajraragijowarricemaizebajraragijowarricemaizebajraragijowarricemaizebajraragijowarricemaizebajraragijowarricemaizebajraragijowarricemaizebajraragijowarricemaizebajraragijowarricemaizebajraragijowarricemaizebajraragijowarricemaizebajraragijowarricemaizebajraragijowarricemaizebajraragijowarricemaizebajraragijowarricemaizebajraragijowarricemaizebajraragijowarricemaizebajraragijowarricemaizebajraragijowarricemaizebajraragijowarricemaizebajraragijowarricemaizebajraragijowarricemaizebajraragijowarricemaizebajraragijowarricemaizebajraragijowarricemaizebajraragijowarricemaizebajraragijowarricemaizebajraragijowarricemaizebajraragijowarricemaizebajraragijowarricemaizebajraragijowarricemaizebajraragijowarricemaizebajraragijowarricemaizebajraragijowarricemaizebajraragijowarricemaizebajraragijowarricemaizebajraragijowarricemaizebajraragijowarricemaizebajraragijowarricemaizebajraragijowarricemaizebajraragijowarricemaizebajraragijowarricemaizebajraragijowarricemaizebajraragijowarricemaizebajraragijowarricemaizebajraragijowarricemaizebajraragijowarricemaizebajraragijowarricemaizebajraragijowarricemaizebajraragijowarricemaizebajraragijowarricemaizebajraragijowarricemaizebajraragijowarricemaizebajraragijowarricemaizebajraragijowarricemaizebajraragijowarricemaizebajraragijowarricemaizebajraragijowarricemaizebajraragijowarricemaizebajraragijowarricemaizebajraragijowarricemaizebajraragijowarricemaizebajraragijowarricemaizebajraragijowarricemaizebajraragijowarricemaizebajraragijowarricemaizebajraragijowarricemaizebajraragijowarricemaizebajraragijowarricemaizebajraragijowarricemaizebajraragijowarricemaizebajraragijowarricemaizebajraragijowarricemaizebajraragijowarricemaizebajraragijowarricemaizebajraragijowarricemaizebajraragijowarricemaizebajraragijowarricemaizebajraragijowarricemaizebajraragijowarricemaizebajraragijowarricemaizebajraragijowarricemaizebajraragijowarricemaizebajraragijowarricemaizebajraragijowarricemaizebajraragijowarricemaizebajraragijowarricemaizebajraragijowarricemaizebajraragijowarricemaizebajraragijowarricemaizebajraragijowarricemaizebajraragijowarricemaizebajraragijowarricemaizebajraragijowarricemaizebajraragijowarricemaizebajraragijowarricemaizebajraragijowarricemaizebajraragijowarricemaizebajraragijowarricemaizebajraragijowarricemaizebajraragijowarricemaizebajraragijowarricemaizebajraragijowarricemaizebajraragijowarricemaizebajraragijowarricemaizebajraragijowarricemaizebajraragijowarricemaizebajraragijowarricemaizebajraragijowarricemaizebajraragijowarricemaizebajraragijowarricemaizebajraragijowarricemaizebajraragijowarricemaizebajraragijowarricemaizebajraragijowarricemaizebajraragijowarricemaizebajraragijowarricemaizebajraragijowarricemaizebajraragijowarricemaizebajraragijowarricemaizebajraragijowarricemaizebajraragijowarricemaizebajraragijowarricemaizebajraragijowarricemaizebajraragijowarricemaizebajraragijowarricemaizebajraragijowarricemaizebajraragijowarricemaizebajraragijowarricemaizebajraragijowarricemaizebajraragijowarricemaizebajraragijowarricemaizebajraragijowarricemaizebajraragijowarricemaizebajraragijowarricemaizebajraragijowarricemaizebajraragijowarricemaizebajraragijowarricemaizebajraragijowarricemaizebajraragijowarricemaizebajraragijowarricemaizebajraragijowarricemaizebajraragijowarricemaizebajraragijowarricemaizebajraragijowarricemaizebajraragijowarricemaizebajraragijowarricemaizebajraragijowarricemaizebajraragijowarricemaizebajraragijowarricemaizebajraragijowarricemaizebajraragijowarricemaizebajraragijowarricemaizebajraragijowarricemaizebajraragijowarricemaizebajraragijowarricemaizebajraragijowarricemaizebajraragijowarricemaizebajraragijowarricemaizebajraragijowarricemaizebajraragijowarricemaizebajraragijowarricemaizebajraragijowarricemaizebajraragijowarricemaizebajraragijowarricemaizebajraragijowarricemaizebajraragijowarricemaizebajraragijowarricemaizebajraragijowarricemaizebajraragijowarricemaizebajraragijowarricemaizebajraragijowarricemaizebajraragijowarricemaizebajraragijowarricemaizebajraragijowarricemaizebajraragijowarricemaizebajraragijowarricemaizebajraragijowarricemaizebajraragijowarricemaizebajraragijowarricemaizebajraragijowarricemaizebajraragijowarricemaizebajraragijowarricemaizebajraragijowarricemaizebajraragijowarricemaizebajraragijowarricemaizebajraragijowarricemaizebajraragijowarricemaizebajraragijowarricemaizebajraragijowarricemaizebajraragijowarricemaizebajraragijowarricemaizebajraragijowarricemaizebajraragijowarricemaizebajraragijowarricemaizebajraragijowarricemaizebajraragijowarricemaizebajraragijowarricemaizebajraragijowarricemaizebajraragijowarricemaizebajraragijowarricemaizebajraragijowarricemaizebajraragijowarricemaizebajraragijowarricemaizebajraragijowarricemaizebajraragijowarricemaizebajraragijowarricemaizebajraragijowarricemaizebajraragijowarricemaizebajraragijowarricemaizebajraragijowarricemaizebajraragijowarricemaizebajraragijowarricemaizebajraragijowarricemaizebajraragijowarricemaizebajraragijowarricemaizebajraragijowarricemaizebajraragijowarricemaizebajraragijowarricemaizebajraragijowarricemaizebajraragijowarricemaizebajraragijowarricemaizebajraragijowarricemaizebajraragijowarricemaizebajraragijowarricemaizebajraragijowarricemaizebajraragijowarricemaizebajraragijowarricemaizebajraragijowarricemaizebajraragijowarricemaizebajraragijowarricemaizebajraragijowarricemaizebajraragijowarricemaizebajraragijowarricemaizebajraragijowarricemaizebajraragijowarricemaizebajraragijowarricemaizebajraragijowarricemaizebajraragijowarricemaizebajraragijowarricemaizebajraragijowarricemaizebajraragijowarricemaizebajraragijowarricemaizebajraragijowarricemaizebajraragijowarricemaizebajraragijowarricemaizebajraragijowarricemaizebajraragijowarricemaizebajraragijowarricemaizebajraragijowarricemaizebajraragijowarricemaizebajraragijowarricemaizebajraragijowarricemaizebajraragijowarricemaizebajraragijowarricemaizebajraragijowarricemaizebajraragijowarricemaizebajraragijowarricemaizebajraragijowarricemaizebajraragijowarricemaizebajraragijowarricemaizebajraragijowarricemaizebajraragijowarricemaizebajraragijowarricemaizebajraragijowarricemaizebajraragijowarricemaizebajraragijowarricemaizebajraragijowarricemaizebajraragijowarricemaizebajraragijowarricemaizebajraragijowarricemaizebajraragijowarricemaizebajraragijowarricemaizebajraragijowarricemaizebajraragijowarricemaizebajraragijowarricemaizebajraragijowarricemaizebajraragijowarricemaizebajraragijowarricemaizebajraragijowarricemaizebajraragijowarricemaizebajraragijowarricemaizebajraragijowarricemaizebajraragijowarricemaizebajraragijowarricemaizebajraragijowarricemaizebajraragijowarricemaizebajraragijowarricemaizebajraragijowarricemaizebajraragijowarricemaizebajraragijowarricemaizebajraragijowarricemaizebajraragijowarricemaizebajraragijowarricemaizebajraragijowarricemaizebajraragijowarricemaizebajraragijowarricemaizebajraragijowarricemaizebajraragijowarricemaizebajraragijowarricemaizebajraragijowarricemaizebajraragijowarricemaizebajraragijowarricemaizebajraragijowarricemaizebajraragijowarricemaizebajraragijowarricemaizebajraragijowarricemaizebajraragijowarricemaizebajraragijowarricemaizebajraragijowarricemaizebajraragijowarricemaizebajraragijowarricemaizebajraragijowarricemaizebajraragijowarricemaizebajraragijowarricemaizebajraragijowarricemaizebajraragijowarricemaizebajraragijowarricemaizebajraragijowarricemaizebajraragijowarricemaizebajraragijowarricemaizebajraragijowarricemaizebajraragijowarricemaizebajraragijowarricemaizebajraragijowarricemaizebajraragijowarricemaizebajraragijowarricemaizebajraragijowarricemaizebajraragijowarricemaizebajraragijowarricemaizebajraragijowarricemaizebajraragijowarricemaizebajraragijowarricemaizebajraragijowarricemaizebajraragijowarricemaizebajraragijowarricemaizebajraragijowarricemaizebajraragijowarricemaizebajraragijowarricemaizebajraragijowarricemaizebajraragijowarricemaizebajraragijowarricemaizebajraragijowarricemaizebajraragijowarricemaizebajraragijowarricemaizebajraragijowarricemaizebajraragijowarricemaizebajraragijowarricemaizebajraragijowarricemaizebajraragijowarricemaizebajraragijowarricemaizebajraragijowarricemaizebajraragijowarricemaizebajraragijowarricemaizebajraragijowarricemaizebajraragijowarricemaizebajraragijowarricemaizebajraragijowarricemaizebajraragijowarricemaizebajraragijowarricemaizebajraragijowarricemaizebajraragijowarricemaizebajraragijowarricemaizebajraragijowarricemaizebajraragijowarricemaizebajraragijowarricemaizebajraragijowarricemaizebajraragijowarricemaizebajraragijowarricemaizebajraragijowarricemaizebajraragijowarricemaizebajraragijowarricemaizebajraragijowarricemaizebajraragijowarricemaizebajraragijowarricemaizebajraragijowarricemaizebajraragijowarricemaizebajraragijowarricemaizebajraragijowarricemaizebajraragijowarricemaizebajraragijowarricemaizebajraragijowarricemaizebajraragijowarricemaizebajraragijowarricemaizebajraragijowarricemaizebajraragijowarricemaizebajraragijowarricemaizebajraragijowarricemaizebajraragijowarricemaizebajraragijowarricemaizebajraragijowarricemaizebajraragijowarricemaizebajraragijowarricemaizebajraragijowarricemaizebajraragijowarricemaizebajraragijowarricemaizebajraragijowarricemaizebajraragijowarricemaizebajraragijowarricemaizebajraragijowarricemaizebajraragijowarricemaizebajraragijowarricemaizebajraragijowarricemaizebajraragijowarricemaizebajraragijowarricemaizebajraragijowarricemaizebajraragijowarricemaizebajraragijowarricemaizebajraragijowarricemaizebajraragijowarricemaizebajraragijowarricemaizebajraragijowarricemaizebajraragijowarricemaizebajraragijowarricemaizebajraragijowarricemaizebajraragijowarricemaizebajraragijowarricemaizebajraragijowarricemaizebajraragijowarricemaizebajraragijowarricemaizebajraragijowarricemaizebajraragijowarricemaizebajraragijowarricemaizebajraragijowarricemaizebajraragijowarricemaizebajraragijowarricemaizebajraragijowarricemaizebajraragijowarricemaizebajraragijowarricemaizebajraragijowarricemaizebajraragijowarricemaizebajraragijowarricemaizebajraragijowarricemaizebajraragijowarricemaizebajraragijowarricemaizebajraragijowarricemaizebajraragijowarricemaizebajraragijowarricemaizebajraragijowarricemaizebajraragijowarricemaizebajraragijowarricemaizebajraragijowarricemaizebajraragijowarricemaizebajraragijowarricemaizebajraragijowarricemaizebajraragijowarricemaizebajraragijowarricemaizebajraragijowarricemaizebajraragijowarricemaizebajraragijowarricemaizebajraragijowarricemaizebajraragijowarricemaizebajraragijowarricemaizebajraragijowarricemaizebajraragijowarricemaizebajraragijowarricemaizebajraragijowarricemaizebajraragijowarricemaizebajraragijowarricemaizebajraragijowarricemaizebajraragijowarricemaizebajraragijowarricemaizebajraragijowarricemaizebajraragijowarricemaizebajraragijowarricemaizebajraragijowarricemaizebajraragijowarricemaizebajraragijowarricemaizebajraragijowarricemaizebajraragijowarricemaizebajraragijowarricemaizebajraragijowarricemaizebajraragijowarricemaizebajraragijowarricemaizebajraragijowarricemaizebajraragijowarricemaizebajraragijowarricemaizebajraragijowarricemaizebajraragijowarricemaizebajraragijowarricemaizebajraragijowarricemaizebajraragijowarricemaizebajraragijowarricemaizebajraragijowarricemaizebajraragijowarricemaizebajraragijowarricemaizebajraragijowarricemaizebajraragijowarricemaizebajraragijowarricemaizebajraragijowarricemaizebajraragijowarricemaizebajraragijowarricemaizebajraragijowarricemaizebajraragijowarricemaizebajraragijowarricemaizebajraragijowarricemaizebajraragijowarricemaizebajraragijowarricemaizebajraragijowarricemaizebajraragijowarricemaizebajraragijowarricemaizebajraragijowarricemaizebajraragijowarricemaizebajraragijowarricemaizebajraragijowarricemaizebajraragijowarricemaizebajraragijowarricemaizebajraragijowarricemaizebajraragijowarricemaizebajraragijowarricemaizebajraragijowarricemaizebajraragijowarricemaizebajraragijowarricemaizebajraragijowarricemaizebajraragijowarricemaizebajraragijowarricemaizebajraragijowarricemaizebajraragijowarricemaizebajraragijowarricemaizebajraragijowarricemaizebajraragijowarricemaizebajraragijowarricemaizebajraragijowarricemaizebajraragijowarricemaizebajraragijowarricemaizebajraragijowarricemaizebajraragijowarricemaizebajraragijowarricemaizebajraragijowarricemaizebajraragijowarricemaizebajraragijowarricemaizebajraragijowarricemaizebajraragijowarricemaizebajraragijowarricemaizebajraragijowarricemaizebajraragijowarricemaizebajraragijowarricemaizebajraragijowarricemaizebajraragijowarricemaizebajraragijowarricemaizebajraragijowarricemaizebajraragijowarricemaizebajraragijowarricemaizebajraragijowarricemaizebajraragijowarricemaizebajraragijowarricemaizebajraragijowarricemaizebajraragijowarricemaizebajraragijowarricemaizebajraragijowarricemaizebajraragijowarricemaizebajraragijowarricemaizebajraragijowarricemaizebajraragijowarricemaizebajraragijowarricemaizebajraragijowarricemaizebajraragijowarricemaizebajraragijowarricemaizebajraragijowarricemaizebajraragijowarricemaizebajraragijowarricemaizebajraragijowarricemaizebajraragijowarricemaizebajraragijowarricemaizebajraragijowarricemaizebajraragijowarricemaizebajraragijowarricemaizebajraragijowarricemaizebajraragijowarricemaizebajraragijowarricemaizebajraragijowarricemaizebajraragijowarricemaizebajraragijowarricemaizebajraragijowarricemaizebajraragijowarricemaizebajraragijowarricemaizebajraragijowarricemaizebajraragijowarricemaizebajraragijowarricemaizebajraragijowarricemaizebajraragijowarricemaizebajraragijowarricemaizebajraragijowarricemaizebajraragijowarricemaizebajraragijowarricemaizebajraragijowarricemaizebajraragijowarricemaizebajraragijowarricemaizebajraragijowarricemaizebajraragijowarricemaizebajraragijowarricemaizebajraragijowarricemaizebajraragijowarricemaizebajraragijowarricemaizebajraragijowarricemaizebajraragijowarricemaizebajraragijowarricemaizebajraragijowarricemaizebajraragijowarricemaizebajraragijowarricemaizebajraragijowarricemaizebajraragijowarricemaizebajraragijowarricemaizebajraragijowarricemaizebajraragijowarricemaizebajraragijowarricemaizebajraragijowarricemaizebajraragijowarricemaizebajraragijowarricemaizebajraragijowarricemaizebajraragijowarricemaizebajraragijowarricemaizebajraragijowarricemaizebajraragijowarricemaizebajraragijowarricemaizebajraragijowarricemaizebajraragijowarricemaizebajraragijowarricemaizebajraragijowarricemaizebajraragijowarricemaizebajraragijowarricemaizebajraragijowarricemaizebajraragijowarricemaizebajraragijowarricemaizebajraragijowarricemaizebajraragijowarricemaizebajraragijowarricemaizebajraragijowarricemaizebajraragijowarricemaizebajraragijowarricemaizebajraragijowarricemaizebajraragijowarricemaizebajraragijowarricemaizebajraragijowarricemaizebajraragijowarricemaizebajraragijowarricemaizebajraragijowarricemaizebajraragijowarricemaizebajraragijowarricemaizebajraragijowarricemaizebajraragijowarricemaizebajraragijowarricemaizebajraragijowarricemaizebajraragijowarricemaizebajraragijowarricemaizebajraragijowarricemaizebajraragijowarricemaizebajraragijowarricemaizebajraragijowarricemaizebajraragijowarricemaizebajraragijowarricemaizebajraragijowarricemaizebajraragijowarricemaizebajraragijowarricemaizebajraragijowar,5340.55,5340.55,4720.546318999999,11230140.000475299,11230140.000475299,688024.696154032,688024.696154032,259181.2393666709,259181.2393666709,543155.8901479008,543155.8901479008,227736.84736534007,227736.84736534007,39979298401.69207,39979298401.69207,43866.81362222665,43866.81362222665,295422.4886514433,295422.4886514433,19119.087333206106,19119.087333206106,37145874.912005186,37145874.912005186,-2337361.5787917282,-2337361.5787917282,5340.55,0.0,0.0,0.0,0.0,0.0,0.0,-0.0,0.0,0.0,0.0
1,andhra pradesh,ariyalurariyalurariyalurariyalurariyalurcoimbatorecoimbatorecoimbatorecoimbatorecoimbatorecuddalorecuddalorecuddalorecuddalorecuddaloredharmapuridharmapuridharmapuridharmapuridharmapuridindiguldindiguldindiguldindiguldindigulerodeerodeerodeerodeerodekancheepuramkancheepuramkancheepuramkancheepuramkancheepuramkanniyakumarikanniyakumarikanniyakumarikanniyakumarikanniyakumarikarurkarurkarurkarurkarurkrishnagirikrishnagirikrishnagirikrishnagirikrishnagirimaduraimaduraimaduraimaduraimadurainagappattinamnagappattinamnagappattinamnagappattinamnagappattinamnamakkalnamakkalnamakkalnamakkalnamakkalperambalurperambalurperambalurperambalurperambalurpudukkottaipudukkottaipudukkottaipudukkottaipudukkottairamanathapuramramanathapuramramanathapuramramanathapuramramanathapuramsalemsalemsalemsalemsalemsivagangasivagangasivagangasivagangasivagangathanjavurthanjavurthanjavurthanjavurthanjavurthe nilgiristhe nilgiristhe nilgiristhe nilgiristhe nilgiristhenithenithenithenithenithiruvallurthiruvallurthiruvallurthiruvallurthiruvallurthiruvarurthiruvarurthiruvarurthiruvarurthiruvarurtiruchirappallitiruchirappallitiruchirappallitiruchirappallitiruchirappallitirunelvelitirunelvelitirunelvelitirunelvelitirunelvelitiruppurtiruppurtiruppurtiruppurtiruppurtiruvannamalaitiruvannamalaitiruvannamalaitiruvannamalaitiruvannamalaituticorintuticorintuticorintuticorintuticorinvellorevellorevellorevellorevelloreviluppuramviluppuramviluppuramviluppuramviluppuramvirudhunagarvirudhunagarvirudhunagarvirudhunagarvirudhunagaramritsaramritsaramritsaramritsaramritsarbarnalabarnalabarnalabarnalabarnalabathindabathindabathindabathindabathindafaridkotfaridkotfaridkotfaridkotfaridkotfatehgarh sahibfatehgarh sahibfatehgarh sahibfatehgarh sahibfatehgarh sahibfazilkafazilkafazilkafazilkafazilkafirozpurfirozpurfirozpurfirozpurfirozpurgurdaspurgurdaspurgurdaspurgurdaspurgurdaspurhoshiarpurhoshiarpurhoshiarpurhoshiarpurhoshiarpurjalandharjalandharjalandharjalandharjalandharkapurthalakapurthalakapurthalakapurthalakapurthalaludhianaludhianaludhianaludhianaludhianamansamansamansamansamansamogamogamogamogamogamuktsarmuktsarmuktsarmuktsarmuktsarpathankotpathankotpathankotpathankotpathankotpatialapatialapatialapatialapatialarupnagarrupnagarrupnagarrupnagarrupnagarsangrursangrursangrursangrursangrurshahid bhagat singh nagarshahid bhagat singh nagarshahid bhagat singh nagarshahid bhagat singh nagarshahid bhagat singh nagartarn tarantarn tarantarn tarantarn tarantarn taranambalaambalaambalaambalaambalabhiwanibhiwanibhiwanibhiwanibhiwanicharki dadricharki dadricharki dadricharki dadricharki dadrifaridabadfaridabadfaridabadfaridabadfaridabadfatehabadfatehabadfatehabadfatehabadfatehabadgurgaongurgaongurgaongurgaongurgaonhisarhisarhisarhisarhisarjhajjarjhajjarjhajjarjhajjarjhajjarjindjindjindjindjindkaithalkaithalkaithalkaithalkaithalkarnalkarnalkarnalkarnalkarnalkurukshetrakurukshetrakurukshetrakurukshetrakurukshetramewatmewatmewatmewatmewatpalwalpalwalpalwalpalwalpalwalpanchkulapanchkulapanchkulapanchkulapanchkulapanipatpanipatpanipatpanipatpanipatrewarirewarirewarirewarirewarirohtakrohtakrohtakrohtakrohtaksirsasirsasirsasirsasirsasonipatsonipatsonipatsonipatsonipatyamunanagaryamunanagaryamunanagaryamunanagaryamunanagaranantapuranantapuranantapuranantapuranantapurchittoorchittoorchittoorchittoorchittooreast godavarieast godavarieast godavarieast godavarieast godavarigunturgunturgunturgunturgunturkadapakadapakadapakadapakadapakrishnakrishnakrishnakrishnakrishnakurnoolkurnoolkurnoolkurnoolkurnoolprakasamprakasamprakasamprakasamprakasamnellorenellorenellorenellorenelloresrikakulamsrikakulamsrikakulamsrikakulamsrikakulamvisakhapatnamvisakhapatnamvisakhapatnamvisakhapatnamvisakhapatnamvizianagaramvizianagaramvizianagaramvizianagaramvizianagaramwest godavariwest godavariwest godavariwest godavariwest godavariwest godavariballariballariballariballariballaribangalore ruralbangalore ruralbangalore ruralbangalore ruralbangalore ruralbelagavibelagavibelagavibelagavibelagavibengaluru urbanbengaluru urbanbengaluru urbanbengaluru urbanbengaluru urbanbidarbidarbidarbidarbidarchamarajanagarachamarajanagarachamarajanagarachamarajanagarachamarajanagarachikkaballapurachikkaballapurachikkaballapurachikkaballapurachikkaballapurachikmagalurchikmagalurchikmagalurchikmagalurchikmagalurchitradurgachitradurgachitradurgachitradurgachitradurgadakshina kannadadakshina kannadadakshina kannadadakshina kannadadakshina kannadadavangeredavangeredavangeredavangeredavangeredharwaddharwaddharwaddharwaddharwadgadaggadaggadaggadaggadaghassanhassanhassanhassanhassanhaverihaverihaverihaverihaverikalaburagikalaburagikalaburagikalaburagikalaburagikodagukodagukodagukodagukodagukolarkolarkolarkolarkolarkoppalkoppalkoppalkoppalkoppalmandyamandyamandyamandyamandyamysurumysurumysurumysurumysururaichurraichurraichurraichurraichurramanagararamanagararamanagararamanagararamanagarashivamoggashivamoggashivamoggashivamoggashivamoggatumakurutumakurutumakurutumakurutumakuruudupiudupiudupiudupiudupiuttara kannadauttara kannadauttara kannadauttara kannadauttara kannadavijayapuravijayapuravijayapuravijayapuravijayapurayadgiryadgiryadgiryadgiryadgiralmoraalmoraalmoraalmoraalmorabageshwarbageshwarbageshwarbageshwarbageshwarchamolichamolichamolichamolichamolichampawatchampawatchampawatchampawatchampawatdehradundehradundehradundehradundehradunhardwarhardwarhardwarhardwarhardwarnainitalnainitalnainitalnainitalnainitalpauri garhwalpauri garhwalpauri garhwalpauri garhwalpauri garhwalpithoragarhpithoragarhpithoragarhpithoragarhpithoragarhrudra prayagrudra prayagrudra prayagrudra prayagrudra prayagtehri garhwaltehri garhwaltehri garhwaltehri garhwaltehri garhwaludham singh nagarudham singh nagarudham singh nagarudham singh nagarudham singh nagaruttar kashiuttar kashiuttar kashiuttar kashiuttar kashispsr nellorespsr nellorespsr nellorespsr nellorespsr nellorevisakhapatanamvisakhapatanamvisakhapatanamvisakhapatanamvisakhapatanamparaganas northparaganas northparaganas northparaganas northparaganas northparaganas southparaganas southparaganas southparaganas southparaganas southalipurduaralipurduaralipurduaralipurduaralipurduarbankurabankurabankurabankurabankurabirbhumbirbhumbirbhumbirbhumbirbhumcoochbeharcoochbeharcoochbeharcoochbeharcoochbehardarjeelingdarjeelingdarjeelingdarjeelingdarjeelingdakshin dinajpurdakshin dinajpurdakshin dinajpurdakshin dinajpurdakshin dinajpuruttar dinajpuruttar dinajpuruttar dinajpuruttar dinajpuruttar dinajpurhooghlyhooghlyhooghlyhooghlyhooghlyhowrahhowrahhowrahhowrahhowrahjalpaigurijalpaigurijalpaigurijalpaigurijalpaigurijhargramjhargramjhargramjhargramjhargramkalimpongkalimpongkalimpongkalimpongkalimpongmaldahmaldahmaldahmaldahmaldahmedinipur eastmedinipur eastmedinipur eastmedinipur eastmedinipur eastmedinipur westmedinipur westmedinipur westmedinipur westmedinipur westmurshidabadmurshidabadmurshidabadmurshidabadmurshidabadnadianadianadianadianadiabarddhamanbarddhamanbarddhamanbarddhamanbarddhamanpuruliyapuruliyapuruliyapuruliyapuruliyaalappuzhaalappuzhaalappuzhaalappuzhaalappuzhaernakulamernakulamernakulamernakulamernakulamidukkiidukkiidukkiidukkiidukkikannurkannurkannurkannurkannurkasaragodkasaragodkasaragodkasaragodkasaragodkollamkollamkollamkollamkollamkottayamkottayamkottayamkottayamkottayamkozhikodekozhikodekozhikodekozhikodekozhikodemalappurammalappurammalappurammalappurammalappurampalakkadpalakkadpalakkadpalakkadpalakkadpathanamthittapathanamthittapathanamthittapathanamthittapathanamthittathiruvananthapuramthiruvananthapuramthiruvananthapuramthiruvananthapuramthiruvananthapuramthrissurthrissurthrissurthrissurthrissurwayanadwayanadwayanadwayanadwayanadbagalkotbagalkotbagalkotbagalkotbagalkotchikballapurachikballapurachikballapurachikballapurachikballapurachikkamagaluruchikkamagaluruchikkamagaluruchikkamagaluruchikkamagalurudavanageredavanageredavanageredavanageredavanagereyadagiriyadagiriyadagiriyadagiriyadagiriagraagraagraagraagraaligarhaligarhaligarhaligarhaligarhallahabadallahabadallahabadallahabadallahabadambedkar nagarambedkar nagarambedkar nagarambedkar nagarambedkar nagaramethiamethiamethiamethiamethiamrohaamrohaamrohaamrohaamrohaauraiyaauraiyaauraiyaauraiyaauraiyaazamgarhazamgarhazamgarhazamgarhazamgarhbaghpatbaghpatbaghpatbaghpatbaghpatbahraichbahraichbahraichbahraichbahraichballiaballiaballiaballiaballiabalrampurbalrampurbalrampurbalrampurbalrampurbandabandabandabandabandabarabankibarabankibarabankibarabankibarabankibareillybareillybareillybareillybareillybastibastibastibastibastibijnorbijnorbijnorbijnorbijnorbudaunbudaunbudaunbudaunbudaunbulandshahrbulandshahrbulandshahrbulandshahrbulandshahrchandaulichandaulichandaulichandaulichandaulichitrakootchitrakootchitrakootchitrakootchitrakootdeoriadeoriadeoriadeoriadeoriaetahetahetahetahetahetawahetawahetawahetawahetawahfaizabadfaizabadfaizabadfaizabadfaizabadfarrukhabadfarrukhabadfarrukhabadfarrukhabadfarrukhabadfatehpurfatehpurfatehpurfatehpurfatehpurfirozabadfirozabadfirozabadfirozabadfirozabadkanpur nagarkanpur nagarkanpur nagarkanpur nagarkanpur nagarghaziabadghaziabadghaziabadghaziabadghaziabadghazipurghazipurghazipurghazipurghazipurgondagondagondagondagondagorakhpurgorakhpurgorakhpurgorakhpurgorakhpurhamirpurhamirpurhamirpurhamirpurhamirpurhapurhapurhapurhapurhapurhardoihardoihardoihardoihardoihathrashathrashathrashathrashathrasjalaunjalaunjalaunjalaunjalaunjaunpurjaunpurjaunpurjaunpurjaunpurjhansijhansijhansijhansijhansikannaujkannaujkannaujkannaujkannaujkanpur dehatkanpur dehatkanpur dehatkanpur dehatkanpur dehatkasganjkasganjkasganjkasganjkasganjkaushambikaushambikaushambikaushambikaushambilakhimpur kherilakhimpur kherilakhimpur kherilakhimpur kherilakhimpur kherikushinagarkushinagarkushinagarkushinagarkushinagarlalitpurlalitpurlalitpurlalitpurlalitpurlucknowlucknowlucknowlucknowlucknowmaharajganjmaharajganjmaharajganjmaharajganjmaharajganjmahobamahobamahobamahobamahobamainpurimainpurimainpurimainpurimainpurimathuramathuramathuramathuramathuramaumaumaumaumaumeerutmeerutmeerutmeerutmeerutmirzapurmirzapurmirzapurmirzapurmirzapurmoradabadmoradabadmoradabadmoradabadmoradabadmuzaffarnagarmuzaffarnagarmuzaffarnagarmuzaffarnagarmuzaffarnagarpilibhitpilibhitpilibhitpilibhitpilibhitpratapgarhpratapgarhpratapgarhpratapgarhpratapgarhrae barelirae barelirae barelirae barelirae barelirampurrampurrampurrampurrampursaharanpursaharanpursaharanpursaharanpursaharanpursambhalsambhalsambhalsambhalsambhalsant kabeer nagarsant kabeer nagarsant kabeer nagarsant kabeer nagarsant kabeer nagarsant ravi das nagarsant ravi das nagarsant ravi das nagarsant ravi das nagarsant ravi das nagarshahajahanpurshahajahanpurshahajahanpurshahajahanpurshahajahanpurshamlishamlishamlishamlishamlishravastishravastishravastishravastishravastisiddharth nagarsiddharth nagarsiddharth nagarsiddharth nagarsiddharth nagarsitapursitapursitapursitapursitapursonbhadrasonbhadrasonbhadrasonbhadrasonbhadrasultanpursultanpursultanpursultanpursultanpurunnaounnaounnaounnaounnaovaranasivaranasivaranasivaranasivaranasiahmednagarahmednagarahmednagarahmednagarahmednagaramravatiamravatiamravatiamravatiamravatibeedbeedbeedbeedbeedbhandarabhandarabhandarabhandarabhandarachandrapurchandrapurchandrapurchandrapurchandrapurdhuledhuledhuledhuledhulegadchiroligadchiroligadchiroligadchiroligadchiroligondiagondiagondiagondiagondiakolhapurkolhapurkolhapurkolhapurkolhapurlaturlaturlaturlaturlaturnagpurnagpurnagpurnagpurnagpurnandednandednandednandednandednandurbarnandurbarnandurbarnandurbarnandurbarnashiknashiknashiknashiknashikosmanabadosmanabadosmanabadosmanabadosmanabadpalgharpalgharpalgharpalgharpalgharpunepunepunepunepuneraigadraigadraigadraigadraigadratnagiriratnagiriratnagiriratnagiriratnagirisanglisanglisanglisanglisanglisatarasatarasatarasatarasatarasindhudurgsindhudurgsindhudurgsindhudurgsindhudurgsolapursolapursolapursolapursolapurthanethanethanethanethaneanantnaganantnaganantnaganantnaganantnagbadgambadgambadgambadgambadgambandiporabandiporabandiporabandiporabandiporabaramullabaramullabaramullabaramullabaramulladodadodadodadodadodaganderbalganderbalganderbalganderbalganderbaljammujammujammujammujammukathuakathuakathuakathuakathuakishtwarkishtwarkishtwarkishtwarkishtwarkulgamkulgamkulgamkulgamkulgamkupwarakupwarakupwarakupwarakupwarapoonchpoonchpoonchpoonchpoonchpulwamapulwamapulwamapulwamapulwamarajaurirajaurirajaurirajaurirajaurirambanrambanrambanrambanrambanreasireasireasireasireasisambasambasambasambasambashopianshopianshopianshopianshopiansrinagarsrinagarsrinagarsrinagarsrinagarudhampurudhampurudhampurudhampurudhampurahmadabadahmadabadahmadabadahmadabadahmadabadanandanandanandanandanandaravalliaravalliaravalliaravalliaravallibharuchbharuchbharuchbharuchbharuchchhotaudepurchhotaudepurchhotaudepurchhotaudepurchhotaudepurdangdangdangdangdangdohaddohaddohaddohaddohadgandhinagargandhinagargandhinagargandhinagargandhinagarkhedakhedakhedakhedakhedamahesanamahesanamahesanamahesanamahesanamahisagarmahisagarmahisagarmahisagarmahisagarnarmadanarmadanarmadanarmadanarmadanavsarinavsarinavsarinavsarinavsaripanch mahalspanch mahalspanch mahalspanch mahalspanch mahalssabar kanthasabar kanthasabar kanthasabar kanthasabar kanthasuratsuratsuratsuratsuratsurendranagarsurendranagarsurendranagarsurendranagarsurendranagartapitapitapitapitapivadodaravadodaravadodaravadodaravadodaravalsadvalsadvalsadvalsadvalsadajmerajmerajmerajmerajmeralwaralwaralwaralwaralwarbanswarabanswarabanswarabanswarabanswarabaranbaranbaranbaranbaranbharatpurbharatpurbharatpurbharatpurbharatpurbhilwarabhilwarabhilwarabhilwarabhilwarabundibundibundibundibundichittorgarhchittorgarhchittorgarhchittorgarhchittorgarhdholpurdholpurdholpurdholpurdholpurdungarpurdungarpurdungarpurdungarpurdungarpurganganagarganganagarganganagarganganagarganganagarhanumangarhhanumangarhhanumangarhhanumangarhhanumangarhjhalawarjhalawarjhalawarjhalawarjhalawarkaraulikaraulikaraulikaraulikaraulikotakotakotakotakotarajsamandrajsamandrajsamandrajsamandrajsamandsawai madhopursawai madhopursawai madhopursawai madhopursawai madhopurtonktonktonktonktonkudaipurudaipurudaipurudaipurudaipurarariaarariaarariaarariaarariaarwalarwalarwalarwalarwalaurangabadaurangabadaurangabadaurangabadaurangabadbankabankabankabankabankabegusaraibegusaraibegusaraibegusaraibegusaraibhagalpurbhagalpurbhagalpurbhagalpurbhagalpurbhojpurbhojpurbhojpurbhojpurbhojpurbuxarbuxarbuxarbuxarbuxardarbhangadarbhangadarbhangadarbhangadarbhangagayagayagayagayagayagopalganjgopalganjgopalganjgopalganjgopalganjjamuijamuijamuijamuijamuijehanabadjehanabadjehanabadjehanabadjehanabadkaimurkaimurkaimurkaimurkaimurkatiharkatiharkatiharkatiharkatiharkhagariakhagariakhagariakhagariakhagariakishanganjkishanganjkishanganjkishanganjkishanganjlakhisarailakhisarailakhisarailakhisarailakhisaraimadhepuramadhepuramadhepuramadhepuramadhepuramadhubanimadhubanimadhubanimadhubanimadhubanimungermungermungermungermungermuzaffarpurmuzaffarpurmuzaffarpurmuzaffarpurmuzaffarpurnalandanalandanalandanalandanalandanawadanawadanawadanawadanawadapashchim champaranpashchim champaranpashchim champaranpashchim champaranpashchim champaranpatnapatnapatnapatnapatnapurbi champaranpurbi champaranpurbi champaranpurbi champaranpurbi champaranpurniapurniapurniapurniapurniarohtasrohtasrohtasrohtasrohtassaharsasaharsasaharsasaharsasaharsasamastipursamastipursamastipursamastipursamastipursaransaransaransaransaransheikhpurasheikhpurasheikhpurasheikhpurasheikhpurasheoharsheoharsheoharsheoharsheoharsitamarhisitamarhisitamarhisitamarhisitamarhisiwansiwansiwansiwansiwansupaulsupaulsupaulsupaulsupaulvaishalivaishalivaishalivaishalivaishalidinajpur dakshindinajpur dakshindinajpur dakshindinajpur dakshindinajpur dakshindinajpur uttardinajpur uttardinajpur uttardinajpur uttardinajpur uttarpaschim bardhamanpaschim bardhamanpaschim bardhamanpaschim bardhamanpaschim bardhamanpurba bardhamanpurba bardhamanpurba bardhamanpurba bardhamanpurba bardhamanpuruliapuruliapuruliapuruliapurulianagapattinamnagapattinamnagapattinamnagapattinamnagapattinamvirudunagarvirudunagarvirudunagarvirudunagarvirudunagaranugulanugulanugulanugulanugulbalangirbalangirbalangirbalangirbalangirbaleshwarbaleshwarbaleshwarbaleshwarbaleshwarbargarhbargarhbargarhbargarhbargarhbhadrakbhadrakbhadrakbhadrakbhadrakboudhboudhboudhboudhboudhcuttackcuttackcuttackcuttackcuttackdeogarhdeogarhdeogarhdeogarhdeogarhdhenkanaldhenkanaldhenkanaldhenkanaldhenkanalgajapatigajapatigajapatigajapatigajapatiganjamganjamganjamganjamganjamjagatsinghapurjagatsinghapurjagatsinghapurjagatsinghapurjagatsinghapurjajapurjajapurjajapurjajapurjajapurjharsugudajharsugudajharsugudajharsugudajharsugudakalahandikalahandikalahandikalahandikalahandikandhamalkandhamalkandhamalkandhamalkandhamalkendraparakendraparakendraparakendraparakendraparakendujharkendujharkendujharkendujharkendujharkhordhakhordhakhordhakhordhakhordhakoraputkoraputkoraputkoraputkoraputmalkangirimalkangirimalkangirimalkangirimalkangirimayurbhanjmayurbhanjmayurbhanjmayurbhanjmayurbhanjnabarangpurnabarangpurnabarangpurnabarangpurnabarangpurnayagarhnayagarhnayagarhnayagarhnayagarhnuapadanuapadanuapadanuapadanuapadapuripuripuripuripurirayagadarayagadarayagadarayagadarayagadasambalpursambalpursambalpursambalpursambalpursonepursonepursonepursonepursonepursundargarhsundargarhsundargarhsundargarhsundargarhbaksabaksabaksabaksabaksabarpetabarpetabarpetabarpetabarpetabongaigaonbongaigaonbongaigaonbongaigaonbongaigaoncacharcacharcacharcacharcacharchirangchirangchirangchirangchirangdarrangdarrangdarrangdarrangdarrangdhemajidhemajidhemajidhemajidhemajidhubridhubridhubridhubridhubridibrugarhdibrugarhdibrugarhdibrugarhdibrugarhdima hasaodima hasaodima hasaodima hasaodima hasaogoalparagoalparagoalparagoalparagoalparagolaghatgolaghatgolaghatgolaghatgolaghathailakandihailakandihailakandihailakandihailakandijorhatjorhatjorhatjorhatjorhatkamrupkamrupkamrupkamrupkamrupkarbi anglongkarbi anglongkarbi anglongkarbi anglongkarbi anglongkarimganjkarimganjkarimganjkarimganjkarimganjkokrajharkokrajharkokrajharkokrajharkokrajharlakhimpurlakhimpurlakhimpurlakhimpurlakhimpurmorigaonmorigaonmorigaonmorigaonmorigaonnagaonnagaonnagaonnagaonnagaonnalbarinalbarinalbarinalbarinalbarisivasagarsivasagarsivasagarsivasagarsivasagarsonitpursonitpursonitpursonitpursonitpurtinsukiatinsukiatinsukiatinsukiatinsukiaudalguriudalguriudalguriudalguriudalguribokarobokarobokarobokarobokarochatrachatrachatrachatrachatradeoghardeoghardeoghardeoghardeoghardhanbaddhanbaddhanbaddhanbaddhanbaddumkadumkadumkadumkadumkaeast singhbumeast singhbumeast singhbumeast singhbumeast singhbumgarhwagarhwagarhwagarhwagarhwagiridihgiridihgiridihgiridihgiridihgoddagoddagoddagoddagoddagumlagumlagumlagumlagumlahazaribaghhazaribaghhazaribaghhazaribaghhazaribaghjamtarajamtarajamtarajamtarajamtarakhuntikhuntikhuntikhuntikhuntikodermakodermakodermakodermakodermalateharlateharlateharlateharlateharlohardagalohardagalohardagalohardagalohardagapakurpakurpakurpakurpakurpalamupalamupalamupalamupalamuramgarhramgarhramgarhramgarhramgarhranchiranchiranchiranchiranchisahibganjsahibganjsahibganjsahibganjsahibganjsaraikelakharsawansaraikelakharsawansaraikelakharsawansaraikelakharsawansaraikelakharsawansimdegasimdegasimdegasimdegasimdegawest singhbhumwest singhbhumwest singhbhumwest singhbhumwest singhbhumbilaspurbilaspurbilaspurbilaspurbilaspurchambachambachambachambachambakangrakangrakangrakangrakangrakinnaurkinnaurkinnaurkinnaurkinnaurkullukullukullukullukullumandimandimandimandimandishimlashimlashimlashimlashimlasirmaursirmaursirmaursirmaursirmaursolansolansolansolansolanunaunaunaunaunakaimur (bhabua)kaimur (bhabua)kaimur (bhabua)kaimur (bhabua)kaimur (bhabua)baloda bazarbaloda bazarbaloda bazarbaloda bazarbaloda bazaruttar bastar kankeruttar bastar kankeruttar bastar kankeruttar bastar kankeruttar bastar kankerbemetarabemetarabemetarabemetarabemetarabijapurbijapurbijapurbijapurbijapurdantewadadantewadadantewadadantewadadantewadadhamtaridhamtaridhamtaridhamtaridhamtaridurgdurgdurgdurgdurggariabandgariabandgariabandgariabandgariabandjanjgirchampajanjgirchampajanjgirchampajanjgirchampajanjgirchampajashpurjashpurjashpurjashpurjashpurkabirdhamkabirdhamkabirdhamkabirdhamkabirdhamkondagaonkondagaonkondagaonkondagaonkondagaonkorbakorbakorbakorbakorbakoreakoreakoreakoreakoreamahasamundmahasamundmahasamundmahasamundmahasamundmungelimungelimungelimungelimungelinarayanpurnarayanpurnarayanpurnarayanpurnarayanpurraigarhraigarhraigarhraigarhraigarhraipurraipurraipurraipurraipurrajnandgaonrajnandgaonrajnandgaonrajnandgaonrajnandgaonsukmasukmasukmasukmasukmasurajpursurajpursurajpursurajpursurajpursurgujasurgujasurgujasurgujasurgujalahul and spitilahul and spitilahul and spitilahul and spitilahul and spitiarvalliarvalliarvalliarvalliarvallibanas kanthabanas kanthabanas kanthabanas kanthabanas kanthadevbhumi dwarkadevbhumi dwarkadevbhumi dwarkadevbhumi dwarkadevbhumi dwarkakachchhkachchhkachchhkachchhkachchhpatanpatanpatanpatanpatanrajkotrajkotrajkotrajkotrajkotahmadnagarahmadnagarahmadnagarahmadnagarahmadnagarakolaakolaakolaakolaakolabuldhanabuldhanabuldhanabuldhanabuldhanahingolihingolihingolihingolihingolijalgaonjalgaonjalgaonjalgaonjalgaonjalnajalnajalnajalnajalnaparbhaniparbhaniparbhaniparbhaniparbhaniwashimwashimwashimwashimwashimyavatmalyavatmalyavatmalyavatmalyavatmalagar malwaagar malwaagar malwaagar malwaagar malwaalirajpuralirajpuralirajpuralirajpuralirajpuranuppuranuppuranuppuranuppuranuppurashoknagarashoknagarashoknagarashoknagarashoknagarbalaghatbalaghatbalaghatbalaghatbalaghatbarwanibarwanibarwanibarwanibarwanibetulbetulbetulbetulbetulbhopalbhopalbhopalbhopalbhopalburhanpurburhanpurburhanpurburhanpurburhanpurchhatarpurchhatarpurchhatarpurchhatarpurchhatarpurchhindwarachhindwarachhindwarachhindwarachhindwaradamohdamohdamohdamohdamohdatiadatiadatiadatiadatiadewasdewasdewasdewasdewasdhardhardhardhardhardindoridindoridindoridindoridindorigunagunagunagunagunagwaliorgwaliorgwaliorgwaliorgwaliorhardahardahardahardahardahoshangabadhoshangabadhoshangabadhoshangabadhoshangabadindoreindoreindoreindoreindorejabalpurjabalpurjabalpurjabalpurjabalpurjhabuajhabuajhabuajhabuajhabuakatnikatnikatnikatnikatnikhandwakhandwakhandwakhandwakhandwakhargonekhargonekhargonekhargonekhargonemandlamandlamandlamandlamandlamandsaurmandsaurmandsaurmandsaurmandsaurmorenamorenamorenamorenamorenanarsinghpurnarsinghpurnarsinghpurnarsinghpurnarsinghpurneemuchneemuchneemuchneemuchneemuchpannapannapannapannapannaraisenraisenraisenraisenraisenrajgarhrajgarhrajgarhrajgarhrajgarhratlamratlamratlamratlamratlamrewarewarewarewarewasagarsagarsagarsagarsagarsatnasatnasatnasatnasatnasehoresehoresehoresehoresehoreseoniseoniseoniseoniseonishahdolshahdolshahdolshahdolshahdolshajapurshajapurshajapurshajapurshajapursheopursheopursheopursheopursheopurshivpurishivpurishivpurishivpurishivpurisidhisidhisidhisidhisidhisingraulisingraulisingraulisingraulisingraulitikamgarhtikamgarhtikamgarhtikamgarhtikamgarhujjainujjainujjainujjainujjainumariaumariaumariaumariaumariavidishavidishavidishavidishavidishabarmerbarmerbarmerbarmerbarmerchittaurgarhchittaurgarhchittaurgarhchittaurgarhchittaurgarhchuruchuruchuruchuruchurudausadausadausadausadausajaipurjaipurjaipurjaipurjaipurjalorejalorejalorejalorejalorejodhpurjodhpurjodhpurjodhpurjodhpurnagaurnagaurnagaurnagaurnagaurpalipalipalipalipalisikarsikarsikarsikarsikarsirohisirohisirohisirohisirohiharidwarharidwarharidwarharidwarharidwarudam singh nagarudam singh nagarudam singh nagarudam singh nagarudam singh nagarkanchipuramkanchipuramkanchipuramkanchipuramkanchipuramvillupuramvillupuramvillupuramvillupuramvillupurambhindbhindbhindbhindbhindbagalkotebagalkotebagalkotebagalkotebagalkotebuldanabuldanabuldanabuldanabuldanawardhawardhawardhawardhawardhasahebganjsahebganjsahebganjsahebganjsahebganjsaraikela kharsawansaraikela kharsawansaraikela kharsawansaraikela kharsawansaraikela kharsawangautam buddha nagargautam buddha nagargautam buddha nagargautam buddha nagargautam buddha nagarkherikherikherikherikherikushi nagarkushi nagarkushi nagarkushi nagarkushi nagarsant ravidas nagarsant ravidas nagarsant ravidas nagarsant ravidas nagarsant ravidas nagarmahendragarhmahendragarhmahendragarhmahendragarhmahendragarhjamnagarjamnagarjamnagarjamnagarjamnagarchamrajnagarchamrajnagarchamrajnagarchamrajnagarchamrajnagartumkurtumkurtumkurtumkurtumkurbalodbalodbalodbalodbalodbastarbastarbastarbastarbastargariyabandgariyabandgariyabandgariyabandgariyabandjanjgir-champajanjgir-champajanjgir-champajanjgir-champajanjgir-champakankerkankerkankerkankerkankeramreliamreliamreliamreliamrelibhavnagarbhavnagarbhavnagarbhavnagarbhavnagarbotadbotadbotadbotadbotadgir somnathgir somnathgir somnathgir somnathgir somnathjunagadhjunagadhjunagadhjunagadhjunagadhmorbimorbimorbimorbimorbikamrup metrokamrup metrokamrup metrokamrup metrokamrup metromarigaonmarigaonmarigaonmarigaonmarigaonbikanerbikanerbikanerbikanerbikanerjaisalmerjaisalmerjaisalmerjaisalmerjaisalmerjhunjhununjhunjhununjhunjhununjhunjhununjhunjhununshahjahanpurshahjahanpurshahjahanpurshahjahanpurshahjahanpurnicobarsnicobarsnicobarsnicobarsnicobarsnorth and middle andamannorth and middle andamannorth and middle andamannorth and middle andamannorth and middle andamansouth andamanssouth andamanssouth andamanssouth andamanssouth andamansanjawanjawanjawanjawanjawchanglangchanglangchanglangchanglangchanglangdibang valleydibang valleydibang valleydibang valleydibang valleyeast kamengeast kamengeast kamengeast kamengeast kamengeast siangeast siangeast siangeast siangeast siangkra daadikra daadikra daadikra daadikra daadikurung kumeykurung kumeykurung kumeykurung kumeykurung kumeylohitlohitlohitlohitlohitlongdinglongdinglongdinglongdinglongdinglower dibang valleylower dibang valleylower dibang valleylower dibang valleylower dibang valleylower subansirilower subansirilower subansirilower subansirilower subansirinamsainamsainamsainamsainamsaipapum parepapum parepapum parepapum parepapum paresiangsiangsiangsiangsiangtawangtawangtawangtawangtawangtiraptiraptiraptiraptirapupper siangupper siangupper siangupper siangupper siangupper subansiriupper subansiriupper subansiriupper subansiriupper subansiriwest kamengwest kamengwest kamengwest kamengwest kamengwest siangwest siangwest siangwest siangwest siangchandigarhchandigarhchandigarhchandigarhchandigarhdadra and nagar havelidadra and nagar havelidadra and nagar havelidadra and nagar havelidadra and nagar havelibishnupurbishnupurbishnupurbishnupurbishnupurchandelchandelchandelchandelchandelchurachandpurchurachandpurchurachandpurchurachandpurchurachandpurimphal eastimphal eastimphal eastimphal eastimphal eastimphal westimphal westimphal westimphal westimphal westsenapatisenapatisenapatisenapatisenapatitamenglongtamenglongtamenglongtamenglongtamenglongthoubalthoubalthoubalthoubalthoubalukhrulukhrulukhrulukhrulukhruleast garo hillseast garo hillseast garo hillseast garo hillseast garo hillseast jaintia hillseast jaintia hillseast jaintia hillseast jaintia hillseast jaintia hillseast khasi hillseast khasi hillseast khasi hillseast khasi hillseast khasi hillsnorth garo hillsnorth garo hillsnorth garo hillsnorth garo hillsnorth garo hillsri bhoiri bhoiri bhoiri bhoiri bhoisouth garo hillssouth garo hillssouth garo hillssouth garo hillssouth garo hillssouth west garo hillssouth west garo hillssouth west garo hillssouth west garo hillssouth west garo hillssouth west khasi hillssouth west khasi hillssouth west khasi hillssouth west khasi hillssouth west khasi hillswest garo hillswest garo hillswest garo hillswest garo hillswest garo hillswest jaintia hillswest jaintia hillswest jaintia hillswest jaintia hillswest jaintia hillswest khasi hillswest khasi hillswest khasi hillswest khasi hillswest khasi hillsaizawlaizawlaizawlaizawlaizawlchamphaichamphaichamphaichamphaichamphaikolasibkolasibkolasibkolasibkolasiblawngtlailawngtlailawngtlailawngtlailawngtlailungleilungleilungleilungleilungleimamitmamitmamitmamitmamitsaihasaihasaihasaihasaihaserchhipserchhipserchhipserchhipserchhipdimapurdimapurdimapurdimapurdimapurkiphirekiphirekiphirekiphirekiphirekohimakohimakohimakohimakohimalonglenglonglenglonglenglonglenglonglengmokokchungmokokchungmokokchungmokokchungmokokchungmonmonmonmonmonperenperenperenperenperenphekphekphekphekphektuensangtuensangtuensangtuensangtuensangwokhawokhawokhawokhawokhazunhebotozunhebotozunhebotozunhebotozunhebotokaraikalkaraikalkaraikalkaraikalkaraikalpondicherrypondicherrypondicherrypondicherrypondicherryyanamyanamyanamyanamyanameast districteast districteast districteast districteast districtnorth districtnorth districtnorth districtnorth districtnorth districtsouth districtsouth districtsouth districtsouth districtsouth districtwest districtwest districtwest districtwest districtwest districtadilabadadilabadadilabadadilabadadilabadbhadradribhadradribhadradribhadradribhadradrihanumakondahanumakondahanumakondahanumakondahanumakondajagitialjagitialjagitialjagitialjagitialjangoanjangoanjangoanjangoanjangoanjayashankarjayashankarjayashankarjayashankarjayashankarjogulambajogulambajogulambajogulambajogulambakamareddykamareddykamareddykamareddykamareddykarimnagarkarimnagarkarimnagarkarimnagarkarimnagarkhammamkhammamkhammamkhammamkhammamkomaram bheem asifabadkomaram bheem asifabadkomaram bheem asifabadkomaram bheem asifabadkomaram bheem asifabadmahabubabadmahabubabadmahabubabadmahabubabadmahabubabadmahbubnagarmahbubnagarmahbubnagarmahbubnagarmahbubnagarmancherialmancherialmancherialmancherialmancherialmedakmedakmedakmedakmedakmedchal malkajgirimedchal malkajgirimedchal malkajgirimedchal malkajgirimedchal malkajgirinagarkurnoolnagarkurnoolnagarkurnoolnagarkurnoolnagarkurnoolnalgondanalgondanalgondanalgondanalgondanirmalnirmalnirmalnirmalnirmalnizamabadnizamabadnizamabadnizamabadnizamabadpeddapallipeddapallipeddapallipeddapallipeddapallirajannarajannarajannarajannarajannarangareddirangareddirangareddirangareddirangareddisangareddysangareddysangareddysangareddysangareddysiddipetsiddipetsiddipetsiddipetsiddipetsuryapetsuryapetsuryapetsuryapetsuryapetvikarabadvikarabadvikarabadvikarabadvikarabadwanaparthywanaparthywanaparthywanaparthywanaparthywarangalwarangalwarangalwarangalwarangalyadadriyadadriyadadriyadadriyadadridhalaidhalaidhalaidhalaidhalaigomatigomatigomatigomatigomatikhowaikhowaikhowaikhowaikhowainorth tripuranorth tripuranorth tripuranorth tripuranorth tripurasepahijalasepahijalasepahijalasepahijalasepahijalasouth tripurasouth tripurasouth tripurasouth tripurasouth tripuraunakotiunakotiunakotiunakotiunakotiwest tripurawest tripurawest tripurawest tripurawest tripura,ricemaizebajraragijowarricemaizebajraragijowarricemaizebajraragijowarricemaizebajraragijowarricemaizebajraragijowarricemaizebajraragijowarricemaizebajraragijowarricemaizebajraragijowarricemaizebajraragijowarricemaizebajraragijowarricemaizebajraragijowarricemaizebajraragijowarricemaizebajraragijowarricemaizebajraragijowarricemaizebajraragijowarricemaizebajraragijowarricemaizebajraragijowarricemaizebajraragijowarricemaizebajraragijowarricemaizebajraragijowarricemaizebajraragijowarricemaizebajraragijowarricemaizebajraragijowarricemaizebajraragijowarricemaizebajraragijowarricemaizebajraragijowarricemaizebajraragijowarricemaizebajraragijowarricemaizebajraragijowarricemaizebajraragijowarricemaizebajraragijowarricemaizebajraragijowarricemaizebajraragijowarricemaizebajraragijowarricemaizebajraragijowarricemaizebajraragijowarricemaizebajraragijowarricemaizebajraragijowarricemaizebajraragijowarricemaizebajraragijowarricemaizebajraragijowarricemaizebajraragijowarricemaizebajraragijowarricemaizebajraragijowarricemaizebajraragijowarricemaizebajraragijowarricemaizebajraragijowarricemaizebajraragijowarricemaizebajraragijowarricemaizebajraragijowarricemaizebajraragijowarricemaizebajraragijowarricemaizebajraragijowarricemaizebajraragijowarricemaizebajraragijowarricemaizebajraragijowarricemaizebajraragijowarricemaizebajraragijowarricemaizebajraragijowarricemaizebajraragijowarricemaizebajraragijowarricemaizebajraragijowarricemaizebajraragijowarricemaizebajraragijowarricemaizebajraragijowarricemaizebajraragijowarricemaizebajraragijowarricemaizebajraragijowarricemaizebajraragijowarricemaizebajraragijowarricemaizebajraragijowarricemaizebajraragijowarricemaizebajraragijowarricemaizebajraragijowarricemaizebajraragijowarricemaizebajraragijowarricemaizebajraragijowarricemaizebajraragijowarricemaizebajraragijowarricemaizebajraragijowarricemaizebajraragijowarricemaizebajraragijowarricemaizebajraragijowarricemaizebajraragijowarricemaizebajraragijowarricemaizemaizebajraragijowarricemaizebajraragijowarricemaizebajraragijowarricemaizebajraragijowarricemaizebajraragijowarricemaizebajraragijowarricemaizebajraragijowarricemaizebajraragijowarricemaizebajraragijowarricemaizebajraragijowarricemaizebajraragijowarricemaizebajraragijowarricemaizebajraragijowarricemaizebajraragijowarricemaizebajraragijowarricemaizebajraragijowarricemaizebajraragijowarricemaizebajraragijowarricemaizebajraragijowarricemaizebajraragijowarricemaizebajraragijowarricemaizebajraragijowarricemaizebajraragijowarricemaizebajraragijowarricemaizebajraragijowarricemaizebajraragijowarricemaizebajraragijowarricemaizebajraragijowarricemaizebajraragijowarricemaizebajraragijowarricemaizebajraragijowarricemaizebajraragijowarricemaizebajraragijowarricemaizebajraragijowarricemaizebajraragijowarricemaizebajraragijowarricemaizebajraragijowarricemaizebajraragijowarricemaizebajraragijowarricemaizebajraragijowarricemaizebajraragijowarricemaizebajraragijowarricemaizebajraragijowarricemaizebajraragijowarricemaizebajraragijowarricemaizebajraragijowarricemaizebajraragijowarricemaizebajraragijowarricemaizebajraragijowarricemaizebajraragijowarricemaizebajraragijowarricemaizebajraragijowarricemaizebajraragijowarricemaizebajraragijowarricemaizebajraragijowarricemaizebajraragijowarricemaizebajraragijowarricemaizebajraragijowarricemaizebajraragijowarricemaizebajraragijowarricemaizebajraragijowarricemaizebajraragijowarricemaizebajraragijowarricemaizebajraragijowarricemaizebajraragijowarricemaizebajraragijowarricemaizebajraragijowarricemaizebajraragijowarricemaizebajraragijowarricemaizebajraragijowarricemaizebajraragijowarricemaizebajraragijowarricemaizebajraragijowarricemaizebajraragijowarricemaizebajraragijowarricemaizebajraragijowarricemaizebajraragijowarricemaizebajraragijowarricemaizebajraragijowarricemaizebajraragijowarricemaizebajraragijowarricemaizebajraragijowarricemaizebajraragijowarricemaizebajraragijowarricemaizebajraragijowarricemaizebajraragijowarricemaizebajraragijowarricemaizebajraragijowarricemaizebajraragijowarricemaizebajraragijowarricemaizebajraragijowarricemaizebajraragijowarricemaizebajraragijowarricemaizebajraragijowarricemaizebajraragijowarricemaizebajraragijowarricemaizebajraragijowarricemaizebajraragijowarricemaizebajraragijowarricemaizebajraragijowarricemaizebajraragijowarricemaizebajraragijowarricemaizebajraragijowarricemaizebajraragijowarricemaizebajraragijowarricemaizebajraragijowarricemaizebajraragijowarricemaizebajraragijowarricemaizebajraragijowarricemaizebajraragijowarricemaizebajraragijowarricemaizebajraragijowarricemaizebajraragijowarricemaizebajraragijowarricemaizebajraragijowarricemaizebajraragijowarricemaizebajraragijowarricemaizebajraragijowarricemaizebajraragijowarricemaizebajraragijowarricemaizebajraragijowarricemaizebajraragijowarricemaizebajraragijowarricemaizebajraragijowarricemaizebajraragijowarricemaizebajraragijowarricemaizebajraragijowarricemaizebajraragijowarricemaizebajraragijowarricemaizebajraragijowarricemaizebajraragijowarricemaizebajraragijowarricemaizebajraragijowarricemaizebajraragijowarricemaizebajraragijowarricemaizebajraragijowarricemaizebajraragijowarricemaizebajraragijowarricemaizebajraragijowarricemaizebajraragijowarricemaizebajraragijowarricemaizebajraragijowarricemaizebajraragijowarricemaizebajraragijowarricemaizebajraragijowarricemaizebajraragijowarricemaizebajraragijowarricemaizebajraragijowarricemaizebajraragijowarricemaizebajraragijowarricemaizebajraragijowarricemaizebajraragijowarricemaizebajraragijowarricemaizebajraragijowarricemaizebajraragijowarricemaizebajraragijowarricemaizebajraragijowarricemaizebajraragijowarricemaizebajraragijowarricemaizebajraragijowarricemaizebajraragijowarricemaizebajraragijowarricemaizebajraragijowarricemaizebajraragijowarricemaizebajraragijowarricemaizebajraragijowarricemaizebajraragijowarricemaizebajraragijowarricemaizebajraragijowarricemaizebajraragijowarricemaizebajraragijowarricemaizebajraragijowarricemaizebajraragijowarricemaizebajraragijowarricemaizebajraragijowarricemaizebajraragijowarricemaizebajraragijowarricemaizebajraragijowarricemaizebajraragijowarricemaizebajraragijowarricemaizebajraragijowarricemaizebajraragijowarricemaizebajraragijowarricemaizebajraragijowarricemaizebajraragijowarricemaizebajraragijowarricemaizebajraragijowarricemaizebajraragijowarricemaizebajraragijowarricemaizebajraragijowarricemaizebajraragijowarricemaizebajraragijowarricemaizebajraragijowarricemaizebajraragijowarricemaizebajraragijowarricemaizebajraragijowarricemaizebajraragijowarricemaizebajraragijowarricemaizebajraragijowarricemaizebajraragijowarricemaizebajraragijowarricemaizebajraragijowarricemaizebajraragijowarricemaizebajraragijowarricemaizebajraragijowarricemaizebajraragijowarricemaizebajraragijowarricemaizebajraragijowarricemaizebajraragijowarricemaizebajraragijowarricemaizebajraragijowarricemaizebajraragijowarricemaizebajraragijowarricemaizebajraragijowarricemaizebajraragijowarricemaizebajraragijowarricemaizebajraragijowarricemaizebajraragijowarricemaizebajraragijowarricemaizebajraragijowarricemaizebajraragijowarricemaizebajraragijowarricemaizebajraragijowarricemaizebajraragijowarricemaizebajraragijowarricemaizebajraragijowarricemaizebajraragijowarricemaizebajraragijowarricemaizebajraragijowarricemaizebajraragijowarricemaizebajraragijowarricemaizebajraragijowarricemaizebajraragijowarricemaizebajraragijowarricemaizebajraragijowarricemaizebajraragijowarricemaizebajraragijowarricemaizebajraragijowarricemaizebajraragijowarricemaizebajraragijowarricemaizebajraragijowarricemaizebajraragijowarricemaizebajraragijowarricemaizebajraragijowarricemaizebajraragijowarricemaizebajraragijowarricemaizebajraragijowarricemaizebajraragijowarricemaizebajraragijowarricemaizebajraragijowarricemaizebajraragijowarricemaizebajraragijowarricemaizebajraragijowarricemaizebajraragijowarricemaizebajraragijowarricemaizebajraragijowarricemaizebajraragijowarricemaizebajraragijowarricemaizebajraragijowarricemaizebajraragijowarricemaizebajraragijowarricemaizebajraragijowarricemaizebajraragijowarricemaizebajraragijowarricemaizebajraragijowarricemaizebajraragijowarricemaizebajraragijowarricemaizebajraragijowarricemaizebajraragijowarricemaizebajraragijowarricemaizebajraragijowarricemaizebajraragijowarricemaizebajraragijowarricemaizebajraragijowarricemaizebajraragijowarricemaizebajraragijowarricemaizebajraragijowarricemaizebajraragijowarricemaizebajraragijowarricemaizebajraragijowarricemaizebajraragijowarricemaizebajraragijowarricemaizebajraragijowarricemaizebajraragijowarricemaizebajraragijowarricemaizebajraragijowarricemaizebajraragijowarricemaizebajraragijowarricemaizebajraragijowarricemaizebajraragijowarricemaizebajraragijowarricemaizebajraragijowarricemaizebajraragijowarricemaizebajraragijowarricemaizebajraragijowarricemaizebajraragijowarricemaizebajraragijowarricemaizebajraragijowarricemaizebajraragijowarricemaizebajraragijowarricemaizebajraragijowarricemaizebajraragijowarricemaizebajraragijowarricemaizebajraragijowarricemaizebajraragijowarricemaizebajraragijowarricemaizebajraragijowarricemaizebajraragijowarricemaizebajraragijowarricemaizebajraragijowarricemaizebajraragijowarricemaizebajraragijowarricemaizebajraragijowarricemaizebajraragijowarricemaizebajraragijowarricemaizebajraragijowarricemaizebajraragijowarricemaizebajraragijowarricemaizebajraragijowarricemaizebajraragijowarricemaizebajraragijowarricemaizebajraragijowarricemaizebajraragijowarricemaizebajraragijowarricemaizebajraragijowarricemaizebajraragijowarricemaizebajraragijowarricemaizebajraragijowarricemaizebajraragijowarricemaizebajraragijowarricemaizebajraragijowarricemaizebajraragijowarricemaizebajraragijowarricemaizebajraragijowarricemaizebajraragijowarricemaizebajraragijowarricemaizebajraragijowarricemaizebajraragijowarricemaizebajraragijowarricemaizebajraragijowarricemaizebajraragijowarricemaizebajraragijowarricemaizebajraragijowarricemaizebajraragijowarricemaizebajraragijowarricemaizebajraragijowarricemaizebajraragijowarricemaizebajraragijowarricemaizebajraragijowarricemaizebajraragijowarricemaizebajraragijowarricemaizebajraragijowarricemaizebajraragijowarricemaizebajraragijowarricemaizebajraragijowarricemaizebajraragijowarricemaizebajraragijowarricemaizebajraragijowarricemaizebajraragijowarricemaizebajraragijowarricemaizebajraragijowarricemaizebajraragijowarricemaizebajraragijowarricemaizebajraragijowarricemaizebajraragijowarricemaizebajraragijowarricemaizebajraragijowarricemaizebajraragijowarricemaizebajraragijowarricemaizebajraragijowarricemaizebajraragijowarricemaizebajraragijowarricemaizebajraragijowarricemaizebajraragijowarricemaizebajraragijowarricemaizebajraragijowarricemaizebajraragijowarricemaizebajraragijowarricemaizebajraragijowarricemaizebajraragijowarricemaizebajraragijowarricemaizebajraragijowarricemaizebajraragijowarricemaizebajraragijowarricemaizebajraragijowarricemaizebajraragijowarricemaizebajraragijowarricemaizebajraragijowarricemaizebajraragijowarricemaizebajraragijowarricemaizebajraragijowarricemaizebajraragijowarricemaizebajraragijowarricemaizebajraragijowarricemaizebajraragijowarricemaizebajraragijowarricemaizebajraragijowarricemaizebajraragijowarricemaizebajraragijowarricemaizebajraragijowarricemaizebajraragijowarricemaizebajraragijowarricemaizebajraragijowarricemaizebajraragijowarricemaizebajraragijowarricemaizebajraragijowarricemaizebajraragijowarricemaizebajraragijowarricemaizebajraragijowarricemaizebajraragijowarricemaizebajraragijowarricemaizebajraragijowarricemaizebajraragijowarricemaizebajraragijowarricemaizebajraragijowarricemaizebajraragijowarricemaizebajraragijowarricemaizebajraragijowarricemaizebajraragijowarricemaizebajraragijowarricemaizebajraragijowarricemaizebajraragijowarricemaizebajraragijowarricemaizebajraragijowarricemaizebajraragijowarricemaizebajraragijowarricemaizebajraragijowarricemaizebajraragijowarricemaizebajraragijowarricemaizebajraragijowarricemaizebajraragijowarricemaizebajraragijowarricemaizebajraragijowarricemaizebajraragijowarricemaizebajraragijowarricemaizebajraragijowarricemaizebajraragijowarricemaizebajraragijowarricemaizebajraragijowarricemaizebajraragijowarricemaizebajraragijowarricemaizebajraragijowarricemaizebajraragijowarricemaizebajraragijowarricemaizebajraragijowarricemaizebajraragijowarricemaizebajraragijowarricemaizebajraragijowarricemaizebajraragijowarricemaizebajraragijowarricemaizebajraragijowarricemaizebajraragijowarricemaizebajraragijowarricemaizebajraragijowarricemaizebajraragijowarricemaizebajraragijowarricemaizebajraragijowarricemaizebajraragijowarricemaizebajraragijowarricemaizebajraragijowarricemaizebajraragijowarricemaizebajraragijowarricemaizebajraragijowarricemaizebajraragijowarricemaizebajraragijowarricemaizebajraragijowarricemaizebajraragijowarricemaizebajraragijowarricemaizebajraragijowarricemaizebajraragijowarricemaizebajraragijowarricemaizebajraragijowarricemaizebajraragijowarricemaizebajraragijowarricemaizebajraragijowarricemaizebajraragijowarricemaizebajraragijowarricemaizebajraragijowarricemaizebajraragijowarricemaizebajraragijowarricemaizebajraragijowarricemaizebajraragijowarricemaizebajraragijowarricemaizebajraragijowarricemaizebajraragijowarricemaizebajraragijowarricemaizebajraragijowarricemaizebajraragijowarricemaizebajraragijowarricemaizebajraragijowarricemaizebajraragijowarricemaizebajraragijowarricemaizebajraragijowarricemaizebajraragijowarricemaizebajraragijowarricemaizebajraragijowarricemaizebajraragijowarricemaizebajraragijowarricemaizebajraragijowarricemaizebajraragijowarricemaizebajraragijowarricemaizebajraragijowarricemaizebajraragijowarricemaizebajraragijowarricemaizebajraragijowarricemaizebajraragijowarricemaizebajraragijowarricemaizebajraragijowarricemaizebajraragijowarricemaizebajraragijowarricemaizebajraragijowarricemaizebajraragijowarricemaizebajraragijowarricemaizebajraragijowarricemaizebajraragijowarricemaizebajraragijowarricemaizebajraragijowarricemaizebajraragijowarricemaizebajraragijowarricemaizebajraragijowarricemaizebajraragijowarricemaizebajraragijowarricemaizebajraragijowarricemaizebajraragijowarricemaizebajraragijowarricemaizebajraragijowarricemaizebajraragijowarricemaizebajraragijowarricemaizebajraragijowarricemaizebajraragijowarricemaizebajraragijowarricemaizebajraragijowarricemaizebajraragijowarricemaizebajraragijowarricemaizebajraragijowarricemaizebajraragijowarricemaizebajraragijowarricemaizebajraragijowarricemaizebajraragijowarricemaizebajraragijowarricemaizebajraragijowarricemaizebajraragijowarricemaizebajraragijowarricemaizebajraragijowarricemaizebajraragijowarricemaizebajraragijowarricemaizebajraragijowarricemaizebajraragijowarricemaizebajraragijowarricemaizebajraragijowarricemaizebajraragijowarricemaizebajraragijowarricemaizebajraragijowarricemaizebajraragijowarricemaizebajraragijowarricemaizebajraragijowarricemaizebajraragijowarricemaizebajraragijowarricemaizebajraragijowarricemaizebajraragijowarricemaizebajraragijowarricemaizebajraragijowarricemaizebajraragijowarricemaizebajraragijowarricemaizebajraragijowarricemaizebajraragijowarricemaizebajraragijowarricemaizebajraragijowarricemaizebajraragijowarricemaizebajraragijowarricemaizebajraragijowarricemaizebajraragijowarricemaizebajraragijowarricemaizebajraragijowarricemaizebajraragijowarricemaizebajraragijowarricemaizebajraragijowarricemaizebajraragijowarricemaizebajraragijowarricemaizebajraragijowarricemaizebajraragijowarricemaizebajraragijowarricemaizebajraragijowarricemaizebajraragijowarricemaizebajraragijowarricemaizebajraragijowarricemaizebajraragijowarricemaizebajraragijowarricemaizebajraragijowarricemaizebajraragijowarricemaizebajraragijowarricemaizebajraragijowarricemaizebajraragijowarricemaizebajraragijowarricemaizebajraragijowarricemaizebajraragijowarricemaizebajraragijowarricemaizebajraragijowarricemaizebajraragijowarricemaizebajraragijowarricemaizebajraragijowarricemaizebajraragijowarricemaizebajraragijowarricemaizebajraragijowarricemaizebajraragijowarricemaizebajraragijowarricemaizebajraragijowarricemaizebajraragijowarricemaizebajraragijowarricemaizebajraragijowarricemaizebajraragijowarricemaizebajraragijowarricemaizebajraragijowarricemaizebajraragijowarricemaizebajraragijowarricemaizebajraragijowarricemaizebajraragijowarricemaizebajraragijowarricemaizebajraragijowarricemaizebajraragijowarricemaizebajraragijowarricemaizebajraragijowar,1913575.0019999999,1685337.0,147133.685414,6927541794.991939,5594767000.03103,341211315.3475526,281848364.6888546,101811106.79012471,122612136.61507478,248219712.70091793,209031482.1885332,77601125.09827745,106431426.81500524,23720712891928.93,19822205360114.34,1277678.6957189909,12239610.165286507,64785345.01493958,54557216.85120716,8886265.71469286,7483327.062349488,4108227268.9610415,11072510013.616041,12501133341.647036,3949322782.7951164,1683888.0,62.897055284582365,-18.747525541171562,27.08814734471186,-21.062017061632247,16.964902822183305,-19.667375355009955,-216.5386581240496,89.5611160938549,-18.747525541171548,-18.74752554117156
2,arunachal pradesh,ariyalurariyalurariyalurariyalurariyalurcoimbatorecoimbatorecoimbatorecoimbatorecoimbatorecuddalorecuddalorecuddalorecuddalorecuddaloredharmapuridharmapuridharmapuridharmapuridharmapuridindiguldindiguldindiguldindiguldindigulerodeerodeerodeerodeerodekancheepuramkancheepuramkancheepuramkancheepuramkancheepuramkanniyakumarikanniyakumarikanniyakumarikanniyakumarikanniyakumarikarurkarurkarurkarurkarurkrishnagirikrishnagirikrishnagirikrishnagirikrishnagirimaduraimaduraimaduraimaduraimadurainagappattinamnagappattinamnagappattinamnagappattinamnagappattinamnamakkalnamakkalnamakkalnamakkalnamakkalperambalurperambalurperambalurperambalurperambalurpudukkottaipudukkottaipudukkottaipudukkottaipudukkottairamanathapuramramanathapuramramanathapuramramanathapuramramanathapuramsalemsalemsalemsalemsalemsivagangasivagangasivagangasivagangasivagangathanjavurthanjavurthanjavurthanjavurthanjavurthe nilgiristhe nilgiristhe nilgiristhe nilgiristhe nilgiristhenithenithenithenithenithiruvallurthiruvallurthiruvallurthiruvallurthiruvallurthiruvarurthiruvarurthiruvarurthiruvarurthiruvarurtiruchirappallitiruchirappallitiruchirappallitiruchirappallitiruchirappallitirunelvelitirunelvelitirunelvelitirunelvelitirunelvelitiruppurtiruppurtiruppurtiruppurtiruppurtiruvannamalaitiruvannamalaitiruvannamalaitiruvannamalaitiruvannamalaituticorintuticorintuticorintuticorintuticorinvellorevellorevellorevellorevelloreviluppuramviluppuramviluppuramviluppuramviluppuramvirudhunagarvirudhunagarvirudhunagarvirudhunagarvirudhunagaramritsaramritsaramritsaramritsaramritsarbarnalabarnalabarnalabarnalabarnalabathindabathindabathindabathindabathindafaridkotfaridkotfaridkotfaridkotfaridkotfatehgarh sahibfatehgarh sahibfatehgarh sahibfatehgarh sahibfatehgarh sahibfazilkafazilkafazilkafazilkafazilkafirozpurfirozpurfirozpurfirozpurfirozpurgurdaspurgurdaspurgurdaspurgurdaspurgurdaspurhoshiarpurhoshiarpurhoshiarpurhoshiarpurhoshiarpurjalandharjalandharjalandharjalandharjalandharkapurthalakapurthalakapurthalakapurthalakapurthalaludhianaludhianaludhianaludhianaludhianamansamansamansamansamansamogamogamogamogamogamuktsarmuktsarmuktsarmuktsarmuktsarpathankotpathankotpathankotpathankotpathankotpatialapatialapatialapatialapatialarupnagarrupnagarrupnagarrupnagarrupnagarsangrursangrursangrursangrursangrurshahid bhagat singh nagarshahid bhagat singh nagarshahid bhagat singh nagarshahid bhagat singh nagarshahid bhagat singh nagartarn tarantarn tarantarn tarantarn tarantarn taranambalaambalaambalaambalaambalabhiwanibhiwanibhiwanibhiwanibhiwanicharki dadricharki dadricharki dadricharki dadricharki dadrifaridabadfaridabadfaridabadfaridabadfaridabadfatehabadfatehabadfatehabadfatehabadfatehabadgurgaongurgaongurgaongurgaongurgaonhisarhisarhisarhisarhisarjhajjarjhajjarjhajjarjhajjarjhajjarjindjindjindjindjindkaithalkaithalkaithalkaithalkaithalkarnalkarnalkarnalkarnalkarnalkurukshetrakurukshetrakurukshetrakurukshetrakurukshetramewatmewatmewatmewatmewatpalwalpalwalpalwalpalwalpalwalpanchkulapanchkulapanchkulapanchkulapanchkulapanipatpanipatpanipatpanipatpanipatrewarirewarirewarirewarirewarirohtakrohtakrohtakrohtakrohtaksirsasirsasirsasirsasirsasonipatsonipatsonipatsonipatsonipatyamunanagaryamunanagaryamunanagaryamunanagaryamunanagaranantapuranantapuranantapuranantapuranantapurchittoorchittoorchittoorchittoorchittooreast godavarieast godavarieast godavarieast godavarieast godavarigunturgunturgunturgunturgunturkadapakadapakadapakadapakadapakrishnakrishnakrishnakrishnakrishnakurnoolkurnoolkurnoolkurnoolkurnoolprakasamprakasamprakasamprakasamprakasamnellorenellorenellorenellorenelloresrikakulamsrikakulamsrikakulamsrikakulamsrikakulamvisakhapatnamvisakhapatnamvisakhapatnamvisakhapatnamvisakhapatnamvizianagaramvizianagaramvizianagaramvizianagaramvizianagaramwest godavariwest godavariwest godavariwest godavariwest godavariballariballariballariballariballaribangalore ruralbangalore ruralbangalore ruralbangalore ruralbangalore ruralbelagavibelagavibelagavibelagavibelagavibengaluru urbanbengaluru urbanbengaluru urbanbengaluru urbanbengaluru urbanbidarbidarbidarbidarbidarchamarajanagarachamarajanagarachamarajanagarachamarajanagarachamarajanagarachikkaballapurachikkaballapurachikkaballapurachikkaballapurachikkaballapurachikmagalurchikmagalurchikmagalurchikmagalurchikmagalurchitradurgachitradurgachitradurgachitradurgachitradurgadakshina kannadadakshina kannadadakshina kannadadakshina kannadadakshina kannadadavangeredavangeredavangeredavangeredavangeredharwaddharwaddharwaddharwaddharwadgadaggadaggadaggadaggadaghassanhassanhassanhassanhassanhaverihaverihaverihaverihaverikalaburagikalaburagikalaburagikalaburagikalaburagikodagukodagukodagukodagukodagukolarkolarkolarkolarkolarkoppalkoppalkoppalkoppalkoppalmandyamandyamandyamandyamandyamysurumysurumysurumysurumysururaichurraichurraichurraichurraichurramanagararamanagararamanagararamanagararamanagarashivamoggashivamoggashivamoggashivamoggashivamoggatumakurutumakurutumakurutumakurutumakuruudupiudupiudupiudupiudupiuttara kannadauttara kannadauttara kannadauttara kannadauttara kannadavijayapuravijayapuravijayapuravijayapuravijayapurayadgiryadgiryadgiryadgiryadgiralmoraalmoraalmoraalmoraalmorabageshwarbageshwarbageshwarbageshwarbageshwarchamolichamolichamolichamolichamolichampawatchampawatchampawatchampawatchampawatdehradundehradundehradundehradundehradunhardwarhardwarhardwarhardwarhardwarnainitalnainitalnainitalnainitalnainitalpauri garhwalpauri garhwalpauri garhwalpauri garhwalpauri garhwalpithoragarhpithoragarhpithoragarhpithoragarhpithoragarhrudra prayagrudra prayagrudra prayagrudra prayagrudra prayagtehri garhwaltehri garhwaltehri garhwaltehri garhwaltehri garhwaludham singh nagarudham singh nagarudham singh nagarudham singh nagarudham singh nagaruttar kashiuttar kashiuttar kashiuttar kashiuttar kashispsr nellorespsr nellorespsr nellorespsr nellorespsr nellorevisakhapatanamvisakhapatanamvisakhapatanamvisakhapatanamvisakhapatanamparaganas northparaganas northparaganas northparaganas northparaganas northparaganas southparaganas southparaganas southparaganas southparaganas southalipurduaralipurduaralipurduaralipurduaralipurduarbankurabankurabankurabankurabankurabirbhumbirbhumbirbhumbirbhumbirbhumcoochbeharcoochbeharcoochbeharcoochbeharcoochbehardarjeelingdarjeelingdarjeelingdarjeelingdarjeelingdakshin dinajpurdakshin dinajpurdakshin dinajpurdakshin dinajpurdakshin dinajpuruttar dinajpuruttar dinajpuruttar dinajpuruttar dinajpuruttar dinajpurhooghlyhooghlyhooghlyhooghlyhooghlyhowrahhowrahhowrahhowrahhowrahjalpaigurijalpaigurijalpaigurijalpaigurijalpaigurijhargramjhargramjhargramjhargramjhargramkalimpongkalimpongkalimpongkalimpongkalimpongmaldahmaldahmaldahmaldahmaldahmedinipur eastmedinipur eastmedinipur eastmedinipur eastmedinipur eastmedinipur westmedinipur westmedinipur westmedinipur westmedinipur westmurshidabadmurshidabadmurshidabadmurshidabadmurshidabadnadianadianadianadianadiabarddhamanbarddhamanbarddhamanbarddhamanbarddhamanpuruliyapuruliyapuruliyapuruliyapuruliyaalappuzhaalappuzhaalappuzhaalappuzhaalappuzhaernakulamernakulamernakulamernakulamernakulamidukkiidukkiidukkiidukkiidukkikannurkannurkannurkannurkannurkasaragodkasaragodkasaragodkasaragodkasaragodkollamkollamkollamkollamkollamkottayamkottayamkottayamkottayamkottayamkozhikodekozhikodekozhikodekozhikodekozhikodemalappurammalappurammalappurammalappurammalappurampalakkadpalakkadpalakkadpalakkadpalakkadpathanamthittapathanamthittapathanamthittapathanamthittapathanamthittathiruvananthapuramthiruvananthapuramthiruvananthapuramthiruvananthapuramthiruvananthapuramthrissurthrissurthrissurthrissurthrissurwayanadwayanadwayanadwayanadwayanadbagalkotbagalkotbagalkotbagalkotbagalkotchikballapurachikballapurachikballapurachikballapurachikballapurachikkamagaluruchikkamagaluruchikkamagaluruchikkamagaluruchikkamagalurudavanageredavanageredavanageredavanageredavanagereyadagiriyadagiriyadagiriyadagiriyadagiriagraagraagraagraagraaligarhaligarhaligarhaligarhaligarhallahabadallahabadallahabadallahabadallahabadambedkar nagarambedkar nagarambedkar nagarambedkar nagarambedkar nagaramethiamethiamethiamethiamethiamrohaamrohaamrohaamrohaamrohaauraiyaauraiyaauraiyaauraiyaauraiyaazamgarhazamgarhazamgarhazamgarhazamgarhbaghpatbaghpatbaghpatbaghpatbaghpatbahraichbahraichbahraichbahraichbahraichballiaballiaballiaballiaballiabalrampurbalrampurbalrampurbalrampurbalrampurbandabandabandabandabandabarabankibarabankibarabankibarabankibarabankibareillybareillybareillybareillybareillybastibastibastibastibastibijnorbijnorbijnorbijnorbijnorbudaunbudaunbudaunbudaunbudaunbulandshahrbulandshahrbulandshahrbulandshahrbulandshahrchandaulichandaulichandaulichandaulichandaulichitrakootchitrakootchitrakootchitrakootchitrakootdeoriadeoriadeoriadeoriadeoriaetahetahetahetahetahetawahetawahetawahetawahetawahfaizabadfaizabadfaizabadfaizabadfaizabadfarrukhabadfarrukhabadfarrukhabadfarrukhabadfarrukhabadfatehpurfatehpurfatehpurfatehpurfatehpurfirozabadfirozabadfirozabadfirozabadfirozabadkanpur nagarkanpur nagarkanpur nagarkanpur nagarkanpur nagarghaziabadghaziabadghaziabadghaziabadghaziabadghazipurghazipurghazipurghazipurghazipurgondagondagondagondagondagorakhpurgorakhpurgorakhpurgorakhpurgorakhpurhamirpurhamirpurhamirpurhamirpurhamirpurhapurhapurhapurhapurhapurhardoihardoihardoihardoihardoihathrashathrashathrashathrashathrasjalaunjalaunjalaunjalaunjalaunjaunpurjaunpurjaunpurjaunpurjaunpurjhansijhansijhansijhansijhansikannaujkannaujkannaujkannaujkannaujkanpur dehatkanpur dehatkanpur dehatkanpur dehatkanpur dehatkasganjkasganjkasganjkasganjkasganjkaushambikaushambikaushambikaushambikaushambilakhimpur kherilakhimpur kherilakhimpur kherilakhimpur kherilakhimpur kherikushinagarkushinagarkushinagarkushinagarkushinagarlalitpurlalitpurlalitpurlalitpurlalitpurlucknowlucknowlucknowlucknowlucknowmaharajganjmaharajganjmaharajganjmaharajganjmaharajganjmahobamahobamahobamahobamahobamainpurimainpurimainpurimainpurimainpurimathuramathuramathuramathuramathuramaumaumaumaumaumeerutmeerutmeerutmeerutmeerutmirzapurmirzapurmirzapurmirzapurmirzapurmoradabadmoradabadmoradabadmoradabadmoradabadmuzaffarnagarmuzaffarnagarmuzaffarnagarmuzaffarnagarmuzaffarnagarpilibhitpilibhitpilibhitpilibhitpilibhitpratapgarhpratapgarhpratapgarhpratapgarhpratapgarhrae barelirae barelirae barelirae barelirae barelirampurrampurrampurrampurrampursaharanpursaharanpursaharanpursaharanpursaharanpursambhalsambhalsambhalsambhalsambhalsant kabeer nagarsant kabeer nagarsant kabeer nagarsant kabeer nagarsant kabeer nagarsant ravi das nagarsant ravi das nagarsant ravi das nagarsant ravi das nagarsant ravi das nagarshahajahanpurshahajahanpurshahajahanpurshahajahanpurshahajahanpurshamlishamlishamlishamlishamlishravastishravastishravastishravastishravastisiddharth nagarsiddharth nagarsiddharth nagarsiddharth nagarsiddharth nagarsitapursitapursitapursitapursitapursonbhadrasonbhadrasonbhadrasonbhadrasonbhadrasultanpursultanpursultanpursultanpursultanpurunnaounnaounnaounnaounnaovaranasivaranasivaranasivaranasivaranasiahmednagarahmednagarahmednagarahmednagarahmednagaramravatiamravatiamravatiamravatiamravatibeedbeedbeedbeedbeedbhandarabhandarabhandarabhandarabhandarachandrapurchandrapurchandrapurchandrapurchandrapurdhuledhuledhuledhuledhulegadchiroligadchiroligadchiroligadchiroligadchiroligondiagondiagondiagondiagondiakolhapurkolhapurkolhapurkolhapurkolhapurlaturlaturlaturlaturlaturnagpurnagpurnagpurnagpurnagpurnandednandednandednandednandednandurbarnandurbarnandurbarnandurbarnandurbarnashiknashiknashiknashiknashikosmanabadosmanabadosmanabadosmanabadosmanabadpalgharpalgharpalgharpalgharpalgharpunepunepunepunepuneraigadraigadraigadraigadraigadratnagiriratnagiriratnagiriratnagiriratnagirisanglisanglisanglisanglisanglisatarasatarasatarasatarasatarasindhudurgsindhudurgsindhudurgsindhudurgsindhudurgsolapursolapursolapursolapursolapurthanethanethanethanethaneanantnaganantnaganantnaganantnaganantnagbadgambadgambadgambadgambadgambandiporabandiporabandiporabandiporabandiporabaramullabaramullabaramullabaramullabaramulladodadodadodadodadodaganderbalganderbalganderbalganderbalganderbaljammujammujammujammujammukathuakathuakathuakathuakathuakishtwarkishtwarkishtwarkishtwarkishtwarkulgamkulgamkulgamkulgamkulgamkupwarakupwarakupwarakupwarakupwarapoonchpoonchpoonchpoonchpoonchpulwamapulwamapulwamapulwamapulwamarajaurirajaurirajaurirajaurirajaurirambanrambanrambanrambanrambanreasireasireasireasireasisambasambasambasambasambashopianshopianshopianshopianshopiansrinagarsrinagarsrinagarsrinagarsrinagarudhampurudhampurudhampurudhampurudhampurahmadabadahmadabadahmadabadahmadabadahmadabadanandanandanandanandanandaravalliaravalliaravalliaravalliaravallibharuchbharuchbharuchbharuchbharuchchhotaudepurchhotaudepurchhotaudepurchhotaudepurchhotaudepurdangdangdangdangdangdohaddohaddohaddohaddohadgandhinagargandhinagargandhinagargandhinagargandhinagarkhedakhedakhedakhedakhedamahesanamahesanamahesanamahesanamahesanamahisagarmahisagarmahisagarmahisagarmahisagarnarmadanarmadanarmadanarmadanarmadanavsarinavsarinavsarinavsarinavsaripanch mahalspanch mahalspanch mahalspanch mahalspanch mahalssabar kanthasabar kanthasabar kanthasabar kanthasabar kanthasuratsuratsuratsuratsuratsurendranagarsurendranagarsurendranagarsurendranagarsurendranagartapitapitapitapitapivadodaravadodaravadodaravadodaravadodaravalsadvalsadvalsadvalsadvalsadajmerajmerajmerajmerajmeralwaralwaralwaralwaralwarbanswarabanswarabanswarabanswarabanswarabaranbaranbaranbaranbaranbharatpurbharatpurbharatpurbharatpurbharatpurbhilwarabhilwarabhilwarabhilwarabhilwarabundibundibundibundibundichittorgarhchittorgarhchittorgarhchittorgarhchittorgarhdholpurdholpurdholpurdholpurdholpurdungarpurdungarpurdungarpurdungarpurdungarpurganganagarganganagarganganagarganganagarganganagarhanumangarhhanumangarhhanumangarhhanumangarhhanumangarhjhalawarjhalawarjhalawarjhalawarjhalawarkaraulikaraulikaraulikaraulikaraulikotakotakotakotakotarajsamandrajsamandrajsamandrajsamandrajsamandsawai madhopursawai madhopursawai madhopursawai madhopursawai madhopurtonktonktonktonktonkudaipurudaipurudaipurudaipurudaipurarariaarariaarariaarariaarariaarwalarwalarwalarwalarwalaurangabadaurangabadaurangabadaurangabadaurangabadbankabankabankabankabankabegusaraibegusaraibegusaraibegusaraibegusaraibhagalpurbhagalpurbhagalpurbhagalpurbhagalpurbhojpurbhojpurbhojpurbhojpurbhojpurbuxarbuxarbuxarbuxarbuxardarbhangadarbhangadarbhangadarbhangadarbhangagayagayagayagayagayagopalganjgopalganjgopalganjgopalganjgopalganjjamuijamuijamuijamuijamuijehanabadjehanabadjehanabadjehanabadjehanabadkaimurkaimurkaimurkaimurkaimurkatiharkatiharkatiharkatiharkatiharkhagariakhagariakhagariakhagariakhagariakishanganjkishanganjkishanganjkishanganjkishanganjlakhisarailakhisarailakhisarailakhisarailakhisaraimadhepuramadhepuramadhepuramadhepuramadhepuramadhubanimadhubanimadhubanimadhubanimadhubanimungermungermungermungermungermuzaffarpurmuzaffarpurmuzaffarpurmuzaffarpurmuzaffarpurnalandanalandanalandanalandanalandanawadanawadanawadanawadanawadapashchim champaranpashchim champaranpashchim champaranpashchim champaranpashchim champaranpatnapatnapatnapatnapatnapurbi champaranpurbi champaranpurbi champaranpurbi champaranpurbi champaranpurniapurniapurniapurniapurniarohtasrohtasrohtasrohtasrohtassaharsasaharsasaharsasaharsasaharsasamastipursamastipursamastipursamastipursamastipursaransaransaransaransaransheikhpurasheikhpurasheikhpurasheikhpurasheikhpurasheoharsheoharsheoharsheoharsheoharsitamarhisitamarhisitamarhisitamarhisitamarhisiwansiwansiwansiwansiwansupaulsupaulsupaulsupaulsupaulvaishalivaishalivaishalivaishalivaishalidinajpur dakshindinajpur dakshindinajpur dakshindinajpur dakshindinajpur dakshindinajpur uttardinajpur uttardinajpur uttardinajpur uttardinajpur uttarpaschim bardhamanpaschim bardhamanpaschim bardhamanpaschim bardhamanpaschim bardhamanpurba bardhamanpurba bardhamanpurba bardhamanpurba bardhamanpurba bardhamanpuruliapuruliapuruliapuruliapurulianagapattinamnagapattinamnagapattinamnagapattinamnagapattinamvirudunagarvirudunagarvirudunagarvirudunagarvirudunagaranugulanugulanugulanugulanugulbalangirbalangirbalangirbalangirbalangirbaleshwarbaleshwarbaleshwarbaleshwarbaleshwarbargarhbargarhbargarhbargarhbargarhbhadrakbhadrakbhadrakbhadrakbhadrakboudhboudhboudhboudhboudhcuttackcuttackcuttackcuttackcuttackdeogarhdeogarhdeogarhdeogarhdeogarhdhenkanaldhenkanaldhenkanaldhenkanaldhenkanalgajapatigajapatigajapatigajapatigajapatiganjamganjamganjamganjamganjamjagatsinghapurjagatsinghapurjagatsinghapurjagatsinghapurjagatsinghapurjajapurjajapurjajapurjajapurjajapurjharsugudajharsugudajharsugudajharsugudajharsugudakalahandikalahandikalahandikalahandikalahandikandhamalkandhamalkandhamalkandhamalkandhamalkendraparakendraparakendraparakendraparakendraparakendujharkendujharkendujharkendujharkendujharkhordhakhordhakhordhakhordhakhordhakoraputkoraputkoraputkoraputkoraputmalkangirimalkangirimalkangirimalkangirimalkangirimayurbhanjmayurbhanjmayurbhanjmayurbhanjmayurbhanjnabarangpurnabarangpurnabarangpurnabarangpurnabarangpurnayagarhnayagarhnayagarhnayagarhnayagarhnuapadanuapadanuapadanuapadanuapadapuripuripuripuripurirayagadarayagadarayagadarayagadarayagadasambalpursambalpursambalpursambalpursambalpursonepursonepursonepursonepursonepursundargarhsundargarhsundargarhsundargarhsundargarhbaksabaksabaksabaksabaksabarpetabarpetabarpetabarpetabarpetabongaigaonbongaigaonbongaigaonbongaigaonbongaigaoncacharcacharcacharcacharcacharchirangchirangchirangchirangchirangdarrangdarrangdarrangdarrangdarrangdhemajidhemajidhemajidhemajidhemajidhubridhubridhubridhubridhubridibrugarhdibrugarhdibrugarhdibrugarhdibrugarhdima hasaodima hasaodima hasaodima hasaodima hasaogoalparagoalparagoalparagoalparagoalparagolaghatgolaghatgolaghatgolaghatgolaghathailakandihailakandihailakandihailakandihailakandijorhatjorhatjorhatjorhatjorhatkamrupkamrupkamrupkamrupkamrupkarbi anglongkarbi anglongkarbi anglongkarbi anglongkarbi anglongkarimganjkarimganjkarimganjkarimganjkarimganjkokrajharkokrajharkokrajharkokrajharkokrajharlakhimpurlakhimpurlakhimpurlakhimpurlakhimpurmorigaonmorigaonmorigaonmorigaonmorigaonnagaonnagaonnagaonnagaonnagaonnalbarinalbarinalbarinalbarinalbarisivasagarsivasagarsivasagarsivasagarsivasagarsonitpursonitpursonitpursonitpursonitpurtinsukiatinsukiatinsukiatinsukiatinsukiaudalguriudalguriudalguriudalguriudalguribokarobokarobokarobokarobokarochatrachatrachatrachatrachatradeoghardeoghardeoghardeoghardeoghardhanbaddhanbaddhanbaddhanbaddhanbaddumkadumkadumkadumkadumkaeast singhbumeast singhbumeast singhbumeast singhbumeast singhbumgarhwagarhwagarhwagarhwagarhwagiridihgiridihgiridihgiridihgiridihgoddagoddagoddagoddagoddagumlagumlagumlagumlagumlahazaribaghhazaribaghhazaribaghhazaribaghhazaribaghjamtarajamtarajamtarajamtarajamtarakhuntikhuntikhuntikhuntikhuntikodermakodermakodermakodermakodermalateharlateharlateharlateharlateharlohardagalohardagalohardagalohardagalohardagapakurpakurpakurpakurpakurpalamupalamupalamupalamupalamuramgarhramgarhramgarhramgarhramgarhranchiranchiranchiranchiranchisahibganjsahibganjsahibganjsahibganjsahibganjsaraikelakharsawansaraikelakharsawansaraikelakharsawansaraikelakharsawansaraikelakharsawansimdegasimdegasimdegasimdegasimdegawest singhbhumwest singhbhumwest singhbhumwest singhbhumwest singhbhumbilaspurbilaspurbilaspurbilaspurbilaspurchambachambachambachambachambakangrakangrakangrakangrakangrakinnaurkinnaurkinnaurkinnaurkinnaurkullukullukullukullukullumandimandimandimandimandishimlashimlashimlashimlashimlasirmaursirmaursirmaursirmaursirmaursolansolansolansolansolanunaunaunaunaunakaimur (bhabua)kaimur (bhabua)kaimur (bhabua)kaimur (bhabua)kaimur (bhabua)baloda bazarbaloda bazarbaloda bazarbaloda bazarbaloda bazaruttar bastar kankeruttar bastar kankeruttar bastar kankeruttar bastar kankeruttar bastar kankerbemetarabemetarabemetarabemetarabemetarabijapurbijapurbijapurbijapurbijapurdantewadadantewadadantewadadantewadadantewadadhamtaridhamtaridhamtaridhamtaridhamtaridurgdurgdurgdurgdurggariabandgariabandgariabandgariabandgariabandjanjgirchampajanjgirchampajanjgirchampajanjgirchampajanjgirchampajashpurjashpurjashpurjashpurjashpurkabirdhamkabirdhamkabirdhamkabirdhamkabirdhamkondagaonkondagaonkondagaonkondagaonkondagaonkorbakorbakorbakorbakorbakoreakoreakoreakoreakoreamahasamundmahasamundmahasamundmahasamundmahasamundmungelimungelimungelimungelimungelinarayanpurnarayanpurnarayanpurnarayanpurnarayanpurraigarhraigarhraigarhraigarhraigarhraipurraipurraipurraipurraipurrajnandgaonrajnandgaonrajnandgaonrajnandgaonrajnandgaonsukmasukmasukmasukmasukmasurajpursurajpursurajpursurajpursurajpursurgujasurgujasurgujasurgujasurgujalahul and spitilahul and spitilahul and spitilahul and spitilahul and spitiarvalliarvalliarvalliarvalliarvallibanas kanthabanas kanthabanas kanthabanas kanthabanas kanthadevbhumi dwarkadevbhumi dwarkadevbhumi dwarkadevbhumi dwarkadevbhumi dwarkakachchhkachchhkachchhkachchhkachchhpatanpatanpatanpatanpatanrajkotrajkotrajkotrajkotrajkotahmadnagarahmadnagarahmadnagarahmadnagarahmadnagarakolaakolaakolaakolaakolabuldhanabuldhanabuldhanabuldhanabuldhanahingolihingolihingolihingolihingolijalgaonjalgaonjalgaonjalgaonjalgaonjalnajalnajalnajalnajalnaparbhaniparbhaniparbhaniparbhaniparbhaniwashimwashimwashimwashimwashimyavatmalyavatmalyavatmalyavatmalyavatmalagar malwaagar malwaagar malwaagar malwaagar malwaalirajpuralirajpuralirajpuralirajpuralirajpuranuppuranuppuranuppuranuppuranuppurashoknagarashoknagarashoknagarashoknagarashoknagarbalaghatbalaghatbalaghatbalaghatbalaghatbarwanibarwanibarwanibarwanibarwanibetulbetulbetulbetulbetulbhopalbhopalbhopalbhopalbhopalburhanpurburhanpurburhanpurburhanpurburhanpurchhatarpurchhatarpurchhatarpurchhatarpurchhatarpurchhindwarachhindwarachhindwarachhindwarachhindwaradamohdamohdamohdamohdamohdatiadatiadatiadatiadatiadewasdewasdewasdewasdewasdhardhardhardhardhardindoridindoridindoridindoridindorigunagunagunagunagunagwaliorgwaliorgwaliorgwaliorgwaliorhardahardahardahardahardahoshangabadhoshangabadhoshangabadhoshangabadhoshangabadindoreindoreindoreindoreindorejabalpurjabalpurjabalpurjabalpurjabalpurjhabuajhabuajhabuajhabuajhabuakatnikatnikatnikatnikatnikhandwakhandwakhandwakhandwakhandwakhargonekhargonekhargonekhargonekhargonemandlamandlamandlamandlamandlamandsaurmandsaurmandsaurmandsaurmandsaurmorenamorenamorenamorenamorenanarsinghpurnarsinghpurnarsinghpurnarsinghpurnarsinghpurneemuchneemuchneemuchneemuchneemuchpannapannapannapannapannaraisenraisenraisenraisenraisenrajgarhrajgarhrajgarhrajgarhrajgarhratlamratlamratlamratlamratlamrewarewarewarewarewasagarsagarsagarsagarsagarsatnasatnasatnasatnasatnasehoresehoresehoresehoresehoreseoniseoniseoniseoniseonishahdolshahdolshahdolshahdolshahdolshajapurshajapurshajapurshajapurshajapursheopursheopursheopursheopursheopurshivpurishivpurishivpurishivpurishivpurisidhisidhisidhisidhisidhisingraulisingraulisingraulisingraulisingraulitikamgarhtikamgarhtikamgarhtikamgarhtikamgarhujjainujjainujjainujjainujjainumariaumariaumariaumariaumariavidishavidishavidishavidishavidishabarmerbarmerbarmerbarmerbarmerchittaurgarhchittaurgarhchittaurgarhchittaurgarhchittaurgarhchuruchuruchuruchuruchurudausadausadausadausadausajaipurjaipurjaipurjaipurjaipurjalorejalorejalorejalorejalorejodhpurjodhpurjodhpurjodhpurjodhpurnagaurnagaurnagaurnagaurnagaurpalipalipalipalipalisikarsikarsikarsikarsikarsirohisirohisirohisirohisirohiharidwarharidwarharidwarharidwarharidwarudam singh nagarudam singh nagarudam singh nagarudam singh nagarudam singh nagarkanchipuramkanchipuramkanchipuramkanchipuramkanchipuramvillupuramvillupuramvillupuramvillupuramvillupurambhindbhindbhindbhindbhindbagalkotebagalkotebagalkotebagalkotebagalkotebuldanabuldanabuldanabuldanabuldanawardhawardhawardhawardhawardhasahebganjsahebganjsahebganjsahebganjsahebganjsaraikela kharsawansaraikela kharsawansaraikela kharsawansaraikela kharsawansaraikela kharsawangautam buddha nagargautam buddha nagargautam buddha nagargautam buddha nagargautam buddha nagarkherikherikherikherikherikushi nagarkushi nagarkushi nagarkushi nagarkushi nagarsant ravidas nagarsant ravidas nagarsant ravidas nagarsant ravidas nagarsant ravidas nagarmahendragarhmahendragarhmahendragarhmahendragarhmahendragarhjamnagarjamnagarjamnagarjamnagarjamnagarchamrajnagarchamrajnagarchamrajnagarchamrajnagarchamrajnagartumkurtumkurtumkurtumkurtumkurbalodbalodbalodbalodbalodbastarbastarbastarbastarbastargariyabandgariyabandgariyabandgariyabandgariyabandjanjgir-champajanjgir-champajanjgir-champajanjgir-champajanjgir-champakankerkankerkankerkankerkankeramreliamreliamreliamreliamrelibhavnagarbhavnagarbhavnagarbhavnagarbhavnagarbotadbotadbotadbotadbotadgir somnathgir somnathgir somnathgir somnathgir somnathjunagadhjunagadhjunagadhjunagadhjunagadhmorbimorbimorbimorbimorbikamrup metrokamrup metrokamrup metrokamrup metrokamrup metromarigaonmarigaonmarigaonmarigaonmarigaonbikanerbikanerbikanerbikanerbikanerjaisalmerjaisalmerjaisalmerjaisalmerjaisalmerjhunjhununjhunjhununjhunjhununjhunjhununjhunjhununshahjahanpurshahjahanpurshahjahanpurshahjahanpurshahjahanpurnicobarsnicobarsnicobarsnicobarsnicobarsnorth and middle andamannorth and middle andamannorth and middle andamannorth and middle andamannorth and middle andamansouth andamanssouth andamanssouth andamanssouth andamanssouth andamansanjawanjawanjawanjawanjawchanglangchanglangchanglangchanglangchanglangdibang valleydibang valleydibang valleydibang valleydibang valleyeast kamengeast kamengeast kamengeast kamengeast kamengeast siangeast siangeast siangeast siangeast siangkra daadikra daadikra daadikra daadikra daadikurung kumeykurung kumeykurung kumeykurung kumeykurung kumeylohitlohitlohitlohitlohitlongdinglongdinglongdinglongdinglongdinglower dibang valleylower dibang valleylower dibang valleylower dibang valleylower dibang valleylower subansirilower subansirilower subansirilower subansirilower subansirinamsainamsainamsainamsainamsaipapum parepapum parepapum parepapum parepapum paresiangsiangsiangsiangsiangtawangtawangtawangtawangtawangtiraptiraptiraptiraptirapupper siangupper siangupper siangupper siangupper siangupper subansiriupper subansiriupper subansiriupper subansiriupper subansiriwest kamengwest kamengwest kamengwest kamengwest kamengwest siangwest siangwest siangwest siangwest siangchandigarhchandigarhchandigarhchandigarhchandigarhdadra and nagar havelidadra and nagar havelidadra and nagar havelidadra and nagar havelidadra and nagar havelibishnupurbishnupurbishnupurbishnupurbishnupurchandelchandelchandelchandelchandelchurachandpurchurachandpurchurachandpurchurachandpurchurachandpurimphal eastimphal eastimphal eastimphal eastimphal eastimphal westimphal westimphal westimphal westimphal westsenapatisenapatisenapatisenapatisenapatitamenglongtamenglongtamenglongtamenglongtamenglongthoubalthoubalthoubalthoubalthoubalukhrulukhrulukhrulukhrulukhruleast garo hillseast garo hillseast garo hillseast garo hillseast garo hillseast jaintia hillseast jaintia hillseast jaintia hillseast jaintia hillseast jaintia hillseast khasi hillseast khasi hillseast khasi hillseast khasi hillseast khasi hillsnorth garo hillsnorth garo hillsnorth garo hillsnorth garo hillsnorth garo hillsri bhoiri bhoiri bhoiri bhoiri bhoisouth garo hillssouth garo hillssouth garo hillssouth garo hillssouth garo hillssouth west garo hillssouth west garo hillssouth west garo hillssouth west garo hillssouth west garo hillssouth west khasi hillssouth west khasi hillssouth west khasi hillssouth west khasi hillssouth west khasi hillswest garo hillswest garo hillswest garo hillswest garo hillswest garo hillswest jaintia hillswest jaintia hillswest jaintia hillswest jaintia hillswest jaintia hillswest khasi hillswest khasi hillswest khasi hillswest khasi hillswest khasi hillsaizawlaizawlaizawlaizawlaizawlchamphaichamphaichamphaichamphaichamphaikolasibkolasibkolasibkolasibkolasiblawngtlailawngtlailawngtlailawngtlailawngtlailungleilungleilungleilungleilungleimamitmamitmamitmamitmamitsaihasaihasaihasaihasaihaserchhipserchhipserchhipserchhipserchhipdimapurdimapurdimapurdimapurdimapurkiphirekiphirekiphirekiphirekiphirekohimakohimakohimakohimakohimalonglenglonglenglonglenglonglenglonglengmokokchungmokokchungmokokchungmokokchungmokokchungmonmonmonmonmonperenperenperenperenperenphekphekphekphekphektuensangtuensangtuensangtuensangtuensangwokhawokhawokhawokhawokhazunhebotozunhebotozunhebotozunhebotozunhebotokaraikalkaraikalkaraikalkaraikalkaraikalpondicherrypondicherrypondicherrypondicherrypondicherryyanamyanamyanamyanamyanameast districteast districteast districteast districteast districtnorth districtnorth districtnorth districtnorth districtnorth districtsouth districtsouth districtsouth districtsouth districtsouth districtwest districtwest districtwest districtwest districtwest districtadilabadadilabadadilabadadilabadadilabadbhadradribhadradribhadradribhadradribhadradrihanumakondahanumakondahanumakondahanumakondahanumakondajagitialjagitialjagitialjagitialjagitialjangoanjangoanjangoanjangoanjangoanjayashankarjayashankarjayashankarjayashankarjayashankarjogulambajogulambajogulambajogulambajogulambakamareddykamareddykamareddykamareddykamareddykarimnagarkarimnagarkarimnagarkarimnagarkarimnagarkhammamkhammamkhammamkhammamkhammamkomaram bheem asifabadkomaram bheem asifabadkomaram bheem asifabadkomaram bheem asifabadkomaram bheem asifabadmahabubabadmahabubabadmahabubabadmahabubabadmahabubabadmahbubnagarmahbubnagarmahbubnagarmahbubnagarmahbubnagarmancherialmancherialmancherialmancherialmancherialmedakmedakmedakmedakmedakmedchal malkajgirimedchal malkajgirimedchal malkajgirimedchal malkajgirimedchal malkajgirinagarkurnoolnagarkurnoolnagarkurnoolnagarkurnoolnagarkurnoolnalgondanalgondanalgondanalgondanalgondanirmalnirmalnirmalnirmalnirmalnizamabadnizamabadnizamabadnizamabadnizamabadpeddapallipeddapallipeddapallipeddapallipeddapallirajannarajannarajannarajannarajannarangareddirangareddirangareddirangareddirangareddisangareddysangareddysangareddysangareddysangareddysiddipetsiddipetsiddipetsiddipetsiddipetsuryapetsuryapetsuryapetsuryapetsuryapetvikarabadvikarabadvikarabadvikarabadvikarabadwanaparthywanaparthywanaparthywanaparthywanaparthywarangalwarangalwarangalwarangalwarangalyadadriyadadriyadadriyadadriyadadridhalaidhalaidhalaidhalaidhalaigomatigomatigomatigomatigomatikhowaikhowaikhowaikhowaikhowainorth tripuranorth tripuranorth tripuranorth tripuranorth tripurasepahijalasepahijalasepahijalasepahijalasepahijalasouth tripurasouth tripurasouth tripurasouth tripurasouth tripuraunakotiunakotiunakotiunakotiunakotiwest tripurawest tripurawest tripurawest tripurawest tripura,ricemaizebajraragijowarricemaizebajraragijowarricemaizebajraragijowarricemaizebajraragijowarricemaizebajraragijowarricemaizebajraragijowarricemaizebajraragijowarricemaizebajraragijowarricemaizebajraragijowarricemaizebajraragijowarricemaizebajraragijowarricemaizebajraragijowarricemaizebajraragijowarricemaizebajraragijowarricemaizebajraragijowarricemaizebajraragijowarricemaizebajraragijowarricemaizebajraragijowarricemaizebajraragijowarricemaizebajraragijowarricemaizebajraragijowarricemaizebajraragijowarricemaizebajraragijowarricemaizebajraragijowarricemaizebajraragijowarricemaizebajraragijowarricemaizebajraragijowarricemaizebajraragijowarricemaizebajraragijowarricemaizebajraragijowarricemaizebajraragijowarricemaizebajraragijowarricemaizebajraragijowarricemaizebajraragijowarricemaizebajraragijowarricemaizebajraragijowarricemaizebajraragijowarricemaizebajraragijowarricemaizebajraragijowarricemaizebajraragijowarricemaizebajraragijowarricemaizebajraragijowarricemaizebajraragijowarricemaizebajraragijowarricemaizebajraragijowarricemaizebajraragijowarricemaizebajraragijowarricemaizebajraragijowarricemaizebajraragijowarricemaizebajraragijowarricemaizebajraragijowarricemaizebajraragijowarricemaizebajraragijowarricemaizebajraragijowarricemaizebajraragijowarricemaizebajraragijowarricemaizebajraragijowarricemaizebajraragijowarricemaizebajraragijowarricemaizebajraragijowarricemaizebajraragijowarricemaizebajraragijowarricemaizebajraragijowarricemaizebajraragijowarricemaizebajraragijowarricemaizebajraragijowarricemaizebajraragijowarricemaizebajraragijowarricemaizebajraragijowarricemaizebajraragijowarricemaizebajraragijowarricemaizebajraragijowarricemaizebajraragijowarricemaizebajraragijowarricemaizebajraragijowarricemaizebajraragijowarricemaizebajraragijowarricemaizebajraragijowarricemaizebajraragijowarricemaizebajraragijowarricemaizebajraragijowarricemaizebajraragijowarricemaizebajraragijowarricemaizebajraragijowarricemaizebajraragijowarricemaizebajraragijowarricemaizebajraragijowarricemaizebajraragijowarricemaizebajraragijowarricemaizebajraragijowarricemaizebajraragijowarricemaizebajraragijowarricemaizebajraragijowarricemaizebajraragijowarricemaizebajraragijowarricemaizebajraragijowarricemaizebajraragijowarricemaizebajraragijowarricemaizebajraragijowarricemaizebajraragijowarricemaizebajraragijowarricemaizebajraragijowarricemaizebajraragijowarricemaizebajraragijowarricemaizebajraragijowarricemaizebajraragijowarricemaizebajraragijowarricemaizebajraragijowarricemaizebajraragijowarricemaizebajraragijowarricemaizebajraragijowarricemaizebajraragijowarricemaizebajraragijowarricemaizebajraragijowarricemaizebajraragijowarricemaizebajraragijowarricemaizebajraragijowarricemaizebajraragijowarricemaizebajraragijowarricemaizebajraragijowarricemaizebajraragijowarricemaizebajraragijowarricemaizebajraragijowarricemaizebajraragijowarricemaizebajraragijowarricemaizebajraragijowarricemaizebajraragijowarricemaizebajraragijowarricemaizebajraragijowarricemaizebajraragijowarricemaizebajraragijowarricemaizebajraragijowarricemaizebajraragijowarricemaizebajraragijowarricemaizebajraragijowarricemaizebajraragijowarricemaizebajraragijowarricemaizebajraragijowarricemaizebajraragijowarricemaizebajraragijowarricemaizebajraragijowarricemaizebajraragijowarricemaizebajraragijowarricemaizebajraragijowarricemaizebajraragijowarricemaizebajraragijowarricemaizebajraragijowarricemaizebajraragijowarricemaizebajraragijowarricemaizebajraragijowarricemaizebajraragijowarricemaizebajraragijowarricemaizebajraragijowarricemaizebajraragijowarricemaizebajraragijowarricemaizebajraragijowarricemaizebajraragijowarricemaizebajraragijowarricemaizebajraragijowarricemaizebajraragijowarricemaizebajraragijowarricemaizebajraragijowarricemaizebajraragijowarricemaizebajraragijowarricemaizebajraragijowarricemaizebajraragijowarricemaizebajraragijowarricemaizebajraragijowarricemaizebajraragijowarricemaizebajraragijowarricemaizebajraragijowarricemaizebajraragijowarricemaizebajraragijowarricemaizebajraragijowarricemaizebajraragijowarricemaizebajraragijowarricemaizebajraragijowarricemaizebajraragijowarricemaizebajraragijowarricemaizebajraragijowarricemaizebajraragijowarricemaizebajraragijowarricemaizebajraragijowarricemaizebajraragijowarricemaizebajraragijowarricemaizebajraragijowarricemaizebajraragijowarricemaizebajraragijowarricemaizebajraragijowarricemaizebajraragijowarricemaizebajraragijowarricemaizebajraragijowarricemaizebajraragijowarricemaizebajraragijowarricemaizebajraragijowarricemaizebajraragijowarricemaizebajraragijowarricemaizebajraragijowarricemaizebajraragijowarricemaizebajraragijowarricemaizebajraragijowarricemaizebajraragijowarricemaizebajraragijowarricemaizebajraragijowarricemaizebajraragijowarricemaizebajraragijowarricemaizebajraragijowarricemaizebajraragijowarricemaizebajraragijowarricemaizebajraragijowarricemaizebajraragijowarricemaizebajraragijowarricemaizebajraragijowarricemaizebajraragijowarricemaizebajraragijowarricemaizebajraragijowarricemaizebajraragijowarricemaizebajraragijowarricemaizebajraragijowarricemaizebajraragijowarricemaizebajraragijowarricemaizebajraragijowarricemaizebajraragijowarricemaizebajraragijowarricemaizebajraragijowarricemaizebajraragijowarricemaizebajraragijowarricemaizebajraragijowarricemaizebajraragijowarricemaizebajraragijowarricemaizebajraragijowarricemaizebajraragijowarricemaizebajraragijowarricemaizebajraragijowarricemaizebajraragijowarricemaizebajraragijowarricemaizebajraragijowarricemaizebajraragijowarricemaizebajraragijowarricemaizebajraragijowarricemaizebajraragijowarricemaizebajraragijowarricemaizebajraragijowarricemaizebajraragijowarricemaizebajraragijowarricemaizebajraragijowarricemaizebajraragijowarricemaizebajraragijowarricemaizebajraragijowarricemaizebajraragijowarricemaizebajraragijowarricemaizebajraragijowarricemaizebajraragijowarricemaizebajraragijowarricemaizebajraragijowarricemaizebajraragijowarricemaizebajraragijowarricemaizebajraragijowarricemaizebajraragijowarricemaizebajraragijowarricemaizebajraragijowarricemaizebajraragijowarricemaizebajraragijowarricemaizebajraragijowarricemaizebajraragijowarricemaizebajraragijowarricemaizebajraragijowarricemaizebajraragijowarricemaizebajraragijowarricemaizebajraragijowarricemaizebajraragijowarricemaizebajraragijowarricemaizebajraragijowarricemaizebajraragijowarricemaizebajraragijowarricemaizebajraragijowarricemaizebajraragijowarricemaizebajraragijowarricemaizebajraragijowarricemaizebajraragijowarricemaizebajraragijowarricemaizebajraragijowarricemaizebajraragijowarricemaizebajraragijowarricemaizebajraragijowarricemaizebajraragijowarricemaizebajraragijowarricemaizebajraragijowarricemaizebajraragijowarricemaizebajraragijowarricemaizebajraragijowarricemaizebajraragijowarricemaizebajraragijowarricemaizebajraragijowarricemaizebajraragijowarricemaizebajraragijowarricemaizebajraragijowarricemaizebajraragijowarricemaizebajraragijowarricemaizebajraragijowarricemaizebajraragijowarricemaizebajraragijowarricemaizebajraragijowarricemaizebajraragijowarricemaizebajraragijowarricemaizebajraragijowarricemaizebajraragijowarricemaizebajraragijowarricemaizebajraragijowarricemaizebajraragijowarricemaizebajraragijowarricemaizebajraragijowarricemaizebajraragijowarricemaizebajraragijowarricemaizebajraragijowarricemaizebajraragijowarricemaizebajraragijowarricemaizebajraragijowarricemaizebajraragijowarricemaizebajraragijowarricemaizebajraragijowarricemaizebajraragijowarricemaizebajraragijowarricemaizebajraragijowarricemaizebajraragijowarricemaizebajraragijowarricemaizebajraragijowarricemaizebajraragijowarricemaizebajraragijowarricemaizebajraragijowarricemaizebajraragijowarricemaizebajraragijowarricemaizebajraragijowarricemaizebajraragijowarricemaizebajraragijowarricemaizebajraragijowarricemaizebajraragijowarricemaizebajraragijowarricemaizebajraragijowarricemaizebajraragijowarricemaizebajraragijowarricemaizebajraragijowarricemaizebajraragijowarricemaizebajraragijowarricemaizebajraragijowarricemaizebajraragijowarricemaizebajraragijowarricemaizebajraragijowarricemaizebajraragijowarricemaizebajraragijowarricemaizebajraragijowarricemaizebajraragijowarricemaizebajraragijowarricemaizebajraragijowarricemaizebajraragijowarricemaizebajraragijowarricemaizebajraragijowarricemaizebajraragijowarricemaizebajraragijowarricemaizebajraragijowarricemaizebajraragijowarricemaizebajraragijowarricemaizebajraragijowarricemaizebajraragijowarricemaizebajraragijowarricemaizebajraragijowarricemaizebajraragijowarricemaizebajraragijowarricemaizebajraragijowarricemaizebajraragijowarricemaizebajraragijowarricemaizebajraragijowarricemaizebajraragijowarricemaizebajraragijowarricemaizebajraragijowarricemaizebajraragijowarricemaizebajraragijowarricemaizebajraragijowarricemaizebajraragijowarricemaizebajraragijowarricemaizebajraragijowarricemaizebajraragijowarricemaizebajraragijowarricemaizebajraragijowarricemaizebajraragijowarricemaizebajraragijowarricemaizebajraragijowarricemaizebajraragijowarricemaizebajraragijowarricemaizebajraragijowarricemaizebajraragijowarricemaizebajraragijowarricemaizebajraragijowarricemaizebajraragijowarricemaizebajraragijowarricemaizebajraragijowarricemaizebajraragijowarricemaizebajraragijowarricemaizebajraragijowarricemaizebajraragijowarricemaizebajraragijowarricemaizebajraragijowarricemaizebajraragijowarricemaizebajraragijowarricemaizebajraragijowarricemaizebajraragijowarricemaizebajraragijowarricemaizebajraragijowarricemaizebajraragijowarricemaizebajraragijowarricemaizebajraragijowarricemaizebajraragijowarricemaizebajraragijowarricemaizebajraragijowarricemaizebajraragijowarricemaizebajraragijowarricemaizebajraragijowarricemaizebajraragijowarricemaizebajraragijowarricemaizebajraragijowarricemaizebajraragijowarricemaizebajraragijowarricemaizebajraragijowarricemaizebajraragijowarricemaizebajraragijowarricemaizebajraragijowarricemaizebajraragijowarricemaizebajraragijowarricemaizebajraragijowarricemaizebajraragijowarricemaizebajraragijowarricemaizebajraragijowarricemaizebajraragijowarricemaizebajraragijowarricemaizebajraragijowarricemaizebajraragijowarricemaizebajraragijowarricemaizebajraragijowarricemaizebajraragijowarricemaizebajraragijowarricemaizebajraragijowarricemaizebajraragijowarricemaizebajraragijowarricemaizebajraragijowarricemaizebajraragijowarricemaizebajraragijowarricemaizebajraragijowarricemaizebajraragijowarricemaizebajraragijowarricemaizebajraragijowarricemaizebajraragijowarricemaizebajraragijowarricemaizebajraragijowarricemaizebajraragijowarricemaizebajraragijowarricemaizebajraragijowarricemaizebajraragijowarricemaizebajraragijowarricemaizebajraragijowarricemaizebajraragijowarricemaizebajraragijowarricemaizebajraragijowarricemaizebajraragijowarricemaizebajraragijowarricemaizebajraragijowarricemaizebajraragijowarricemaizebajraragijowarricemaizebajraragijowarricemaizebajraragijowarricemaizebajraragijowarricemaizebajraragijowarricemaizebajraragijowarricemaizebajraragijowarricemaizebajraragijowarricemaizebajraragijowarricemaizebajraragijowarricemaizebajraragijowarricemaizebajraragijowarricemaizebajraragijowarricemaizebajraragijowarricemaizebajraragijowarricemaizebajraragijowarricemaizebajraragijowarricemaizebajraragijowarricemaizebajraragijowarricemaizebajraragijowarricemaizebajraragijowarricemaizebajraragijowarricemaizebajraragijowarricemaizebajraragijowarricemaizebajraragijowarricemaizebajraragijowarricemaizebajraragijowarricemaizebajraragijowarricemaizebajraragijowarricemaizebajraragijowarricemaizebajraragijowarricemaizebajraragijowarricemaizebajraragijowarricemaizebajraragijowarricemaizebajraragijowarricemaizebajraragijowarricemaizebajraragijowarricemaizebajraragijowarricemaizebajraragijowarricemaizebajraragijowarricemaizebajraragijowarricemaizebajraragijowarricemaizebajraragijowarricemaizebajraragijowarricemaizebajraragijowarricemaizebajraragijowarricemaizebajraragijowarricemaizebajraragijowarricemaizebajraragijowarricemaizebajraragijowarricemaizebajraragijowarricemaizebajraragijowarricemaizebajraragijowarricemaizebajraragijowarricemaizebajraragijowarricemaizebajraragijowarricemaizebajraragijowarricemaizebajraragijowarricemaizebajraragijowarricemaizebajraragijowarricemaizebajraragijowarricemaizebajraragijowarricemaizebajraragijowarricemaizebajraragijowarricemaizebajraragijowarricemaizebajraragijowarricemaizebajraragijowarricemaizebajraragijowarricemaizebajraragijowarricemaizebajraragijowarricemaizebajraragijowarricemaizebajraragijowarricemaizebajraragijowarricemaizebajraragijowarricemaizebajraragijowarricemaizebajraragijowarricemaizebajraragijowarricemaizebajraragijowarricemaizebajraragijowarricemaizebajraragijowarricemaizebajraragijowarricemaizebajraragijowarricemaizebajraragijowarricemaizebajraragijowarricemaizebajraragijowarricemaizebajraragijowarricemaizebajraragijowarricemaizebajraragijowarricemaizebajraragijowarricemaizebajraragijowarricemaizebajraragijowarricemaizebajraragijowarricemaizebajraragijowarricemaizebajraragijowarricemaizebajraragijowarricemaizebajraragijowarricemaizebajraragijowarricemaizebajraragijowarricemaizebajraragijowarricemaizebajraragijowarricemaizebajraragijowarricemaizebajraragijowarricemaizebajraragijowarricemaizebajraragijowarricemaizebajraragijowarricemaizebajraragijowarricemaizebajraragijowarricemaizebajraragijowarricemaizebajraragijowarricemaizebajraragijowarricemaizebajraragijowarricemaizebajraragijowarricemaizebajraragijowarricemaizebajraragijowarricemaizebajraragijowarricemaizebajraragijowarricemaizebajraragijowarricemaizebajraragijowarricemaizebajraragijowarricemaizebajraragijowarricemaizebajraragijowarricemaizebajraragijowarricemaizebajraragijowarricemaizebajraragijowarricemaizebajraragijowarricemaizebajraragijowarricemaizebajraragijowarricemaizebajraragijowarricemaizebajraragijowarricemaizebajraragijowarricemaizebajraragijowarricemaizebajraragijowarricemaizebajraragijowarricemaizebajraragijowarricemaizebajraragijowarricemaizebajraragijowarricemaizebajraragijowarricemaizebajraragijowarricemaizebajraragijowarricemaizebajraragijowarricemaizebajraragijowarricemaizebajraragijowarricemaizebajraragijowarricemaizebajraragijowarricemaizebajraragijowarricemaizebajraragijowarricemaizebajraragijowarricemaizebajraragijowarricemaizebajraragijowarricemaizebajraragijowarricemaizebajraragijowarricemaizebajraragijowarricemaizebajraragijowarricemaizebajraragijowarricemaizebajraragijowarricemaizebajraragijowarricemaizebajraragijowarricemaizebajraragijowarricemaizebajraragijowarricemaizebajraragijowarricemaizebajraragijowarricemaizebajraragijowarricemaizebajraragijowarricemaizebajraragijowarricemaizebajraragijowarricemaizebajraragijowarricemaizebajraragijowarricemaizebajraragijowarricemaizebajraragijowarricemaizebajraragijowarricemaizebajraragijowarricemaizebajraragijowarricemaizebajraragijowarricemaizebajraragijowarricemaizebajraragijowarricemaizebajraragijowarricemaizebajraragijowarricemaizebajraragijowarricemaizebajraragijowarricemaizebajraragijowarricemaizebajraragijowarricemaizebajraragijowarricemaizebajraragijowarricemaizebajraragijowarricemaizebajraragijowarricemaizebajraragijowarricemaizebajraragijowarricemaizebajraragijowarricemaizebajraragijowarricemaizebajraragijowarricemaizebajraragijowarricemaizebajraragijowarricemaizebajraragijowarricemaizebajraragijowarricemaizebajraragijowarricemaizebajraragijowarricemaizebajraragijowarricemaizebajraragijowarricemaizebajraragijowarricemaizebajraragijowarricemaizebajraragijowarricemaizebajraragijowarricemaizebajraragijowarricemaizebajraragijowarricemaizebajraragijowarricemaizebajraragijowarricemaizebajraragijowarricemaizebajraragijowarricemaizebajraragijowarricemaizebajraragijowarricemaizebajraragijowarricemaizebajraragijowarricemaizebajraragijowarricemaizebajraragijowarricemaizebajraragijowarricemaizebajraragijowarricemaizebajraragijowarricemaizebajraragijowarricemaizebajraragijowarricemaizebajraragijowarricemaizebajraragijowarricemaizebajraragijowarricemaizebajraragijowarricemaizebajraragijowarricemaizebajraragijowarricemaizebajraragijowarricemaizebajraragijowarricemaizebajraragijowarricemaizebajraragijowarricemaizebajraragijowarricemaizebajraragijowarricemaizebajraragijowarricemaizebajraragijowarricemaizebajraragijowarricemaizebajraragijowarricemaizebajraragijowarricemaizebajraragijowarricemaizebajraragijowarricemaizebajraragijowarricemaizebajraragijowarricemaizebajraragijowar,182797.00005,182797.0,66387.908622,316992979.1320866,310549259.987036,22375118.808036294,23490933.36550837,8133125.521516135,8618293.570438737,18406444.662437238,19523455.91167289,7100902.837700457,7702426.042478293,1094745125852.8667,1094745125554.6079,415974.6262228534,1129438.7302878469,12328636.634900462,13076810.769638505,609253.3183266725,646226.3906763727,787475082.931282,1105564178.6944113,115255401.73875766,-6586061.456448898,182797.0,28.77165359488842,5.7213807549707525,7.809529120571638,4.749979662836308,5.62951406745713,-2.7244587082440705e-08,1849.98977007575,63.169792652954385,5.7213807549707605,5.721380754970774
3,assam,ariyalurariyalurariyalurariyalurariyalurcoimbatorecoimbatorecoimbatorecoimbatorecoimbatorecuddalorecuddalorecuddalorecuddalorecuddaloredharmapuridharmapuridharmapuridharmapuridharmapuridindiguldindiguldindiguldindiguldindigulerodeerodeerodeerodeerodekancheepuramkancheepuramkancheepuramkancheepuramkancheepuramkanniyakumarikanniyakumarikanniyakumarikanniyakumarikanniyakumarikarurkarurkarurkarurkarurkrishnagirikrishnagirikrishnagirikrishnagirikrishnagirimaduraimaduraimaduraimaduraimadurainagappattinamnagappattinamnagappattinamnagappattinamnagappattinamnamakkalnamakkalnamakkalnamakkalnamakkalperambalurperambalurperambalurperambalurperambalurpudukkottaipudukkottaipudukkottaipudukkottaipudukkottairamanathapuramramanathapuramramanathapuramramanathapuramramanathapuramsalemsalemsalemsalemsalemsivagangasivagangasivagangasivagangasivagangathanjavurthanjavurthanjavurthanjavurthanjavurthe nilgiristhe nilgiristhe nilgiristhe nilgiristhe nilgiristhenithenithenithenithenithiruvallurthiruvallurthiruvallurthiruvallurthiruvallurthiruvarurthiruvarurthiruvarurthiruvarurthiruvarurtiruchirappallitiruchirappallitiruchirappallitiruchirappallitiruchirappallitirunelvelitirunelvelitirunelvelitirunelvelitirunelvelitiruppurtiruppurtiruppurtiruppurtiruppurtiruvannamalaitiruvannamalaitiruvannamalaitiruvannamalaitiruvannamalaituticorintuticorintuticorintuticorintuticorinvellorevellorevellorevellorevelloreviluppuramviluppuramviluppuramviluppuramviluppuramvirudhunagarvirudhunagarvirudhunagarvirudhunagarvirudhunagaramritsaramritsaramritsaramritsaramritsarbarnalabarnalabarnalabarnalabarnalabathindabathindabathindabathindabathindafaridkotfaridkotfaridkotfaridkotfaridkotfatehgarh sahibfatehgarh sahibfatehgarh sahibfatehgarh sahibfatehgarh sahibfazilkafazilkafazilkafazilkafazilkafirozpurfirozpurfirozpurfirozpurfirozpurgurdaspurgurdaspurgurdaspurgurdaspurgurdaspurhoshiarpurhoshiarpurhoshiarpurhoshiarpurhoshiarpurjalandharjalandharjalandharjalandharjalandharkapurthalakapurthalakapurthalakapurthalakapurthalaludhianaludhianaludhianaludhianaludhianamansamansamansamansamansamogamogamogamogamogamuktsarmuktsarmuktsarmuktsarmuktsarpathankotpathankotpathankotpathankotpathankotpatialapatialapatialapatialapatialarupnagarrupnagarrupnagarrupnagarrupnagarsangrursangrursangrursangrursangrurshahid bhagat singh nagarshahid bhagat singh nagarshahid bhagat singh nagarshahid bhagat singh nagarshahid bhagat singh nagartarn tarantarn tarantarn tarantarn tarantarn taranambalaambalaambalaambalaambalabhiwanibhiwanibhiwanibhiwanibhiwanicharki dadricharki dadricharki dadricharki dadricharki dadrifaridabadfaridabadfaridabadfaridabadfaridabadfatehabadfatehabadfatehabadfatehabadfatehabadgurgaongurgaongurgaongurgaongurgaonhisarhisarhisarhisarhisarjhajjarjhajjarjhajjarjhajjarjhajjarjindjindjindjindjindkaithalkaithalkaithalkaithalkaithalkarnalkarnalkarnalkarnalkarnalkurukshetrakurukshetrakurukshetrakurukshetrakurukshetramewatmewatmewatmewatmewatpalwalpalwalpalwalpalwalpalwalpanchkulapanchkulapanchkulapanchkulapanchkulapanipatpanipatpanipatpanipatpanipatrewarirewarirewarirewarirewarirohtakrohtakrohtakrohtakrohtaksirsasirsasirsasirsasirsasonipatsonipatsonipatsonipatsonipatyamunanagaryamunanagaryamunanagaryamunanagaryamunanagaranantapuranantapuranantapuranantapuranantapurchittoorchittoorchittoorchittoorchittooreast godavarieast godavarieast godavarieast godavarieast godavarigunturgunturgunturgunturgunturkadapakadapakadapakadapakadapakrishnakrishnakrishnakrishnakrishnakurnoolkurnoolkurnoolkurnoolkurnoolprakasamprakasamprakasamprakasamprakasamnellorenellorenellorenellorenelloresrikakulamsrikakulamsrikakulamsrikakulamsrikakulamvisakhapatnamvisakhapatnamvisakhapatnamvisakhapatnamvisakhapatnamvizianagaramvizianagaramvizianagaramvizianagaramvizianagaramwest godavariwest godavariwest godavariwest godavariwest godavariballariballariballariballariballaribangalore ruralbangalore ruralbangalore ruralbangalore ruralbangalore ruralbelagavibelagavibelagavibelagavibelagavibengaluru urbanbengaluru urbanbengaluru urbanbengaluru urbanbengaluru urbanbidarbidarbidarbidarbidarchamarajanagarachamarajanagarachamarajanagarachamarajanagarachamarajanagarachikkaballapurachikkaballapurachikkaballapurachikkaballapurachikkaballapurachikmagalurchikmagalurchikmagalurchikmagalurchikmagalurchitradurgachitradurgachitradurgachitradurgachitradurgadakshina kannadadakshina kannadadakshina kannadadakshina kannadadakshina kannadadavangeredavangeredavangeredavangeredavangeredharwaddharwaddharwaddharwaddharwadgadaggadaggadaggadaggadaghassanhassanhassanhassanhassanhaverihaverihaverihaverihaverikalaburagikalaburagikalaburagikalaburagikalaburagikodagukodagukodagukodagukodagukolarkolarkolarkolarkolarkoppalkoppalkoppalkoppalkoppalmandyamandyamandyamandyamandyamysurumysurumysurumysurumysururaichurraichurraichurraichurraichurramanagararamanagararamanagararamanagararamanagarashivamoggashivamoggashivamoggashivamoggashivamoggatumakurutumakurutumakurutumakurutumakuruudupiudupiudupiudupiudupiuttara kannadauttara kannadauttara kannadauttara kannadauttara kannadavijayapuravijayapuravijayapuravijayapuravijayapurayadgiryadgiryadgiryadgiryadgiralmoraalmoraalmoraalmoraalmorabageshwarbageshwarbageshwarbageshwarbageshwarchamolichamolichamolichamolichamolichampawatchampawatchampawatchampawatchampawatdehradundehradundehradundehradundehradunhardwarhardwarhardwarhardwarhardwarnainitalnainitalnainitalnainitalnainitalpauri garhwalpauri garhwalpauri garhwalpauri garhwalpauri garhwalpithoragarhpithoragarhpithoragarhpithoragarhpithoragarhrudra prayagrudra prayagrudra prayagrudra prayagrudra prayagtehri garhwaltehri garhwaltehri garhwaltehri garhwaltehri garhwaludham singh nagarudham singh nagarudham singh nagarudham singh nagarudham singh nagaruttar kashiuttar kashiuttar kashiuttar kashiuttar kashispsr nellorespsr nellorespsr nellorespsr nellorespsr nellorevisakhapatanamvisakhapatanamvisakhapatanamvisakhapatanamvisakhapatanamparaganas northparaganas northparaganas northparaganas northparaganas northparaganas southparaganas southparaganas southparaganas southparaganas southalipurduaralipurduaralipurduaralipurduaralipurduarbankurabankurabankurabankurabankurabirbhumbirbhumbirbhumbirbhumbirbhumcoochbeharcoochbeharcoochbeharcoochbeharcoochbehardarjeelingdarjeelingdarjeelingdarjeelingdarjeelingdakshin dinajpurdakshin dinajpurdakshin dinajpurdakshin dinajpurdakshin dinajpuruttar dinajpuruttar dinajpuruttar dinajpuruttar dinajpuruttar dinajpurhooghlyhooghlyhooghlyhooghlyhooghlyhowrahhowrahhowrahhowrahhowrahjalpaigurijalpaigurijalpaigurijalpaigurijalpaigurijhargramjhargramjhargramjhargramjhargramkalimpongkalimpongkalimpongkalimpongkalimpongmaldahmaldahmaldahmaldahmaldahmedinipur eastmedinipur eastmedinipur eastmedinipur eastmedinipur eastmedinipur westmedinipur westmedinipur westmedinipur westmedinipur westmurshidabadmurshidabadmurshidabadmurshidabadmurshidabadnadianadianadianadianadiabarddhamanbarddhamanbarddhamanbarddhamanbarddhamanpuruliyapuruliyapuruliyapuruliyapuruliyaalappuzhaalappuzhaalappuzhaalappuzhaalappuzhaernakulamernakulamernakulamernakulamernakulamidukkiidukkiidukkiidukkiidukkikannurkannurkannurkannurkannurkasaragodkasaragodkasaragodkasaragodkasaragodkollamkollamkollamkollamkollamkottayamkottayamkottayamkottayamkottayamkozhikodekozhikodekozhikodekozhikodekozhikodemalappurammalappurammalappurammalappurammalappurampalakkadpalakkadpalakkadpalakkadpalakkadpathanamthittapathanamthittapathanamthittapathanamthittapathanamthittathiruvananthapuramthiruvananthapuramthiruvananthapuramthiruvananthapuramthiruvananthapuramthrissurthrissurthrissurthrissurthrissurwayanadwayanadwayanadwayanadwayanadbagalkotbagalkotbagalkotbagalkotbagalkotchikballapurachikballapurachikballapurachikballapurachikballapurachikkamagaluruchikkamagaluruchikkamagaluruchikkamagaluruchikkamagalurudavanageredavanageredavanageredavanageredavanagereyadagiriyadagiriyadagiriyadagiriyadagiriagraagraagraagraagraaligarhaligarhaligarhaligarhaligarhallahabadallahabadallahabadallahabadallahabadambedkar nagarambedkar nagarambedkar nagarambedkar nagarambedkar nagaramethiamethiamethiamethiamethiamrohaamrohaamrohaamrohaamrohaauraiyaauraiyaauraiyaauraiyaauraiyaazamgarhazamgarhazamgarhazamgarhazamgarhbaghpatbaghpatbaghpatbaghpatbaghpatbahraichbahraichbahraichbahraichbahraichballiaballiaballiaballiaballiabalrampurbalrampurbalrampurbalrampurbalrampurbandabandabandabandabandabarabankibarabankibarabankibarabankibarabankibareillybareillybareillybareillybareillybastibastibastibastibastibijnorbijnorbijnorbijnorbijnorbudaunbudaunbudaunbudaunbudaunbulandshahrbulandshahrbulandshahrbulandshahrbulandshahrchandaulichandaulichandaulichandaulichandaulichitrakootchitrakootchitrakootchitrakootchitrakootdeoriadeoriadeoriadeoriadeoriaetahetahetahetahetahetawahetawahetawahetawahetawahfaizabadfaizabadfaizabadfaizabadfaizabadfarrukhabadfarrukhabadfarrukhabadfarrukhabadfarrukhabadfatehpurfatehpurfatehpurfatehpurfatehpurfirozabadfirozabadfirozabadfirozabadfirozabadkanpur nagarkanpur nagarkanpur nagarkanpur nagarkanpur nagarghaziabadghaziabadghaziabadghaziabadghaziabadghazipurghazipurghazipurghazipurghazipurgondagondagondagondagondagorakhpurgorakhpurgorakhpurgorakhpurgorakhpurhamirpurhamirpurhamirpurhamirpurhamirpurhapurhapurhapurhapurhapurhardoihardoihardoihardoihardoihathrashathrashathrashathrashathrasjalaunjalaunjalaunjalaunjalaunjaunpurjaunpurjaunpurjaunpurjaunpurjhansijhansijhansijhansijhansikannaujkannaujkannaujkannaujkannaujkanpur dehatkanpur dehatkanpur dehatkanpur dehatkanpur dehatkasganjkasganjkasganjkasganjkasganjkaushambikaushambikaushambikaushambikaushambilakhimpur kherilakhimpur kherilakhimpur kherilakhimpur kherilakhimpur kherikushinagarkushinagarkushinagarkushinagarkushinagarlalitpurlalitpurlalitpurlalitpurlalitpurlucknowlucknowlucknowlucknowlucknowmaharajganjmaharajganjmaharajganjmaharajganjmaharajganjmahobamahobamahobamahobamahobamainpurimainpurimainpurimainpurimainpurimathuramathuramathuramathuramathuramaumaumaumaumaumeerutmeerutmeerutmeerutmeerutmirzapurmirzapurmirzapurmirzapurmirzapurmoradabadmoradabadmoradabadmoradabadmoradabadmuzaffarnagarmuzaffarnagarmuzaffarnagarmuzaffarnagarmuzaffarnagarpilibhitpilibhitpilibhitpilibhitpilibhitpratapgarhpratapgarhpratapgarhpratapgarhpratapgarhrae barelirae barelirae barelirae barelirae barelirampurrampurrampurrampurrampursaharanpursaharanpursaharanpursaharanpursaharanpursambhalsambhalsambhalsambhalsambhalsant kabeer nagarsant kabeer nagarsant kabeer nagarsant kabeer nagarsant kabeer nagarsant ravi das nagarsant ravi das nagarsant ravi das nagarsant ravi das nagarsant ravi das nagarshahajahanpurshahajahanpurshahajahanpurshahajahanpurshahajahanpurshamlishamlishamlishamlishamlishravastishravastishravastishravastishravastisiddharth nagarsiddharth nagarsiddharth nagarsiddharth nagarsiddharth nagarsitapursitapursitapursitapursitapursonbhadrasonbhadrasonbhadrasonbhadrasonbhadrasultanpursultanpursultanpursultanpursultanpurunnaounnaounnaounnaounnaovaranasivaranasivaranasivaranasivaranasiahmednagarahmednagarahmednagarahmednagarahmednagaramravatiamravatiamravatiamravatiamravatibeedbeedbeedbeedbeedbhandarabhandarabhandarabhandarabhandarachandrapurchandrapurchandrapurchandrapurchandrapurdhuledhuledhuledhuledhulegadchiroligadchiroligadchiroligadchiroligadchiroligondiagondiagondiagondiagondiakolhapurkolhapurkolhapurkolhapurkolhapurlaturlaturlaturlaturlaturnagpurnagpurnagpurnagpurnagpurnandednandednandednandednandednandurbarnandurbarnandurbarnandurbarnandurbarnashiknashiknashiknashiknashikosmanabadosmanabadosmanabadosmanabadosmanabadpalgharpalgharpalgharpalgharpalgharpunepunepunepunepuneraigadraigadraigadraigadraigadratnagiriratnagiriratnagiriratnagiriratnagirisanglisanglisanglisanglisanglisatarasatarasatarasatarasatarasindhudurgsindhudurgsindhudurgsindhudurgsindhudurgsolapursolapursolapursolapursolapurthanethanethanethanethaneanantnaganantnaganantnaganantnaganantnagbadgambadgambadgambadgambadgambandiporabandiporabandiporabandiporabandiporabaramullabaramullabaramullabaramullabaramulladodadodadodadodadodaganderbalganderbalganderbalganderbalganderbaljammujammujammujammujammukathuakathuakathuakathuakathuakishtwarkishtwarkishtwarkishtwarkishtwarkulgamkulgamkulgamkulgamkulgamkupwarakupwarakupwarakupwarakupwarapoonchpoonchpoonchpoonchpoonchpulwamapulwamapulwamapulwamapulwamarajaurirajaurirajaurirajaurirajaurirambanrambanrambanrambanrambanreasireasireasireasireasisambasambasambasambasambashopianshopianshopianshopianshopiansrinagarsrinagarsrinagarsrinagarsrinagarudhampurudhampurudhampurudhampurudhampurahmadabadahmadabadahmadabadahmadabadahmadabadanandanandanandanandanandaravalliaravalliaravalliaravalliaravallibharuchbharuchbharuchbharuchbharuchchhotaudepurchhotaudepurchhotaudepurchhotaudepurchhotaudepurdangdangdangdangdangdohaddohaddohaddohaddohadgandhinagargandhinagargandhinagargandhinagargandhinagarkhedakhedakhedakhedakhedamahesanamahesanamahesanamahesanamahesanamahisagarmahisagarmahisagarmahisagarmahisagarnarmadanarmadanarmadanarmadanarmadanavsarinavsarinavsarinavsarinavsaripanch mahalspanch mahalspanch mahalspanch mahalspanch mahalssabar kanthasabar kanthasabar kanthasabar kanthasabar kanthasuratsuratsuratsuratsuratsurendranagarsurendranagarsurendranagarsurendranagarsurendranagartapitapitapitapitapivadodaravadodaravadodaravadodaravadodaravalsadvalsadvalsadvalsadvalsadajmerajmerajmerajmerajmeralwaralwaralwaralwaralwarbanswarabanswarabanswarabanswarabanswarabaranbaranbaranbaranbaranbharatpurbharatpurbharatpurbharatpurbharatpurbhilwarabhilwarabhilwarabhilwarabhilwarabundibundibundibundibundichittorgarhchittorgarhchittorgarhchittorgarhchittorgarhdholpurdholpurdholpurdholpurdholpurdungarpurdungarpurdungarpurdungarpurdungarpurganganagarganganagarganganagarganganagarganganagarhanumangarhhanumangarhhanumangarhhanumangarhhanumangarhjhalawarjhalawarjhalawarjhalawarjhalawarkaraulikaraulikaraulikaraulikaraulikotakotakotakotakotarajsamandrajsamandrajsamandrajsamandrajsamandsawai madhopursawai madhopursawai madhopursawai madhopursawai madhopurtonktonktonktonktonkudaipurudaipurudaipurudaipurudaipurarariaarariaarariaarariaarariaarwalarwalarwalarwalarwalaurangabadaurangabadaurangabadaurangabadaurangabadbankabankabankabankabankabegusaraibegusaraibegusaraibegusaraibegusaraibhagalpurbhagalpurbhagalpurbhagalpurbhagalpurbhojpurbhojpurbhojpurbhojpurbhojpurbuxarbuxarbuxarbuxarbuxardarbhangadarbhangadarbhangadarbhangadarbhangagayagayagayagayagayagopalganjgopalganjgopalganjgopalganjgopalganjjamuijamuijamuijamuijamuijehanabadjehanabadjehanabadjehanabadjehanabadkaimurkaimurkaimurkaimurkaimurkatiharkatiharkatiharkatiharkatiharkhagariakhagariakhagariakhagariakhagariakishanganjkishanganjkishanganjkishanganjkishanganjlakhisarailakhisarailakhisarailakhisarailakhisaraimadhepuramadhepuramadhepuramadhepuramadhepuramadhubanimadhubanimadhubanimadhubanimadhubanimungermungermungermungermungermuzaffarpurmuzaffarpurmuzaffarpurmuzaffarpurmuzaffarpurnalandanalandanalandanalandanalandanawadanawadanawadanawadanawadapashchim champaranpashchim champaranpashchim champaranpashchim champaranpashchim champaranpatnapatnapatnapatnapatnapurbi champaranpurbi champaranpurbi champaranpurbi champaranpurbi champaranpurniapurniapurniapurniapurniarohtasrohtasrohtasrohtasrohtassaharsasaharsasaharsasaharsasaharsasamastipursamastipursamastipursamastipursamastipursaransaransaransaransaransheikhpurasheikhpurasheikhpurasheikhpurasheikhpurasheoharsheoharsheoharsheoharsheoharsitamarhisitamarhisitamarhisitamarhisitamarhisiwansiwansiwansiwansiwansupaulsupaulsupaulsupaulsupaulvaishalivaishalivaishalivaishalivaishalidinajpur dakshindinajpur dakshindinajpur dakshindinajpur dakshindinajpur dakshindinajpur uttardinajpur uttardinajpur uttardinajpur uttardinajpur uttarpaschim bardhamanpaschim bardhamanpaschim bardhamanpaschim bardhamanpaschim bardhamanpurba bardhamanpurba bardhamanpurba bardhamanpurba bardhamanpurba bardhamanpuruliapuruliapuruliapuruliapurulianagapattinamnagapattinamnagapattinamnagapattinamnagapattinamvirudunagarvirudunagarvirudunagarvirudunagarvirudunagaranugulanugulanugulanugulanugulbalangirbalangirbalangirbalangirbalangirbaleshwarbaleshwarbaleshwarbaleshwarbaleshwarbargarhbargarhbargarhbargarhbargarhbhadrakbhadrakbhadrakbhadrakbhadrakboudhboudhboudhboudhboudhcuttackcuttackcuttackcuttackcuttackdeogarhdeogarhdeogarhdeogarhdeogarhdhenkanaldhenkanaldhenkanaldhenkanaldhenkanalgajapatigajapatigajapatigajapatigajapatiganjamganjamganjamganjamganjamjagatsinghapurjagatsinghapurjagatsinghapurjagatsinghapurjagatsinghapurjajapurjajapurjajapurjajapurjajapurjharsugudajharsugudajharsugudajharsugudajharsugudakalahandikalahandikalahandikalahandikalahandikandhamalkandhamalkandhamalkandhamalkandhamalkendraparakendraparakendraparakendraparakendraparakendujharkendujharkendujharkendujharkendujharkhordhakhordhakhordhakhordhakhordhakoraputkoraputkoraputkoraputkoraputmalkangirimalkangirimalkangirimalkangirimalkangirimayurbhanjmayurbhanjmayurbhanjmayurbhanjmayurbhanjnabarangpurnabarangpurnabarangpurnabarangpurnabarangpurnayagarhnayagarhnayagarhnayagarhnayagarhnuapadanuapadanuapadanuapadanuapadapuripuripuripuripurirayagadarayagadarayagadarayagadarayagadasambalpursambalpursambalpursambalpursambalpursonepursonepursonepursonepursonepursundargarhsundargarhsundargarhsundargarhsundargarhbaksabaksabaksabaksabaksabarpetabarpetabarpetabarpetabarpetabongaigaonbongaigaonbongaigaonbongaigaonbongaigaoncacharcacharcacharcacharcacharchirangchirangchirangchirangchirangdarrangdarrangdarrangdarrangdarrangdhemajidhemajidhemajidhemajidhemajidhubridhubridhubridhubridhubridibrugarhdibrugarhdibrugarhdibrugarhdibrugarhdima hasaodima hasaodima hasaodima hasaodima hasaogoalparagoalparagoalparagoalparagoalparagolaghatgolaghatgolaghatgolaghatgolaghathailakandihailakandihailakandihailakandihailakandijorhatjorhatjorhatjorhatjorhatkamrupkamrupkamrupkamrupkamrupkamrupkarbi anglongkarbi anglongkarbi anglongkarbi anglongkarbi anglongkarimganjkarimganjkarimganjkarimganjkarimganjkokrajharkokrajharkokrajharkokrajharkokrajharlakhimpurlakhimpurlakhimpurlakhimpurlakhimpurmorigaonmorigaonmorigaonmorigaonmorigaonnagaonnagaonnagaonnagaonnagaonnalbarinalbarinalbarinalbarinalbarisivasagarsivasagarsivasagarsivasagarsivasagarsonitpursonitpursonitpursonitpursonitpurtinsukiatinsukiatinsukiatinsukiatinsukiaudalguriudalguriudalguriudalguriudalguribokarobokarobokarobokarobokarochatrachatrachatrachatrachatradeoghardeoghardeoghardeoghardeoghardhanbaddhanbaddhanbaddhanbaddhanbaddumkadumkadumkadumkadumkaeast singhbumeast singhbumeast singhbumeast singhbumeast singhbumgarhwagarhwagarhwagarhwagarhwagiridihgiridihgiridihgiridihgiridihgoddagoddagoddagoddagoddagumlagumlagumlagumlagumlahazaribaghhazaribaghhazaribaghhazaribaghhazaribaghjamtarajamtarajamtarajamtarajamtarakhuntikhuntikhuntikhuntikhuntikodermakodermakodermakodermakodermalateharlateharlateharlateharlateharlohardagalohardagalohardagalohardagalohardagapakurpakurpakurpakurpakurpalamupalamupalamupalamupalamuramgarhramgarhramgarhramgarhramgarhranchiranchiranchiranchiranchisahibganjsahibganjsahibganjsahibganjsahibganjsaraikelakharsawansaraikelakharsawansaraikelakharsawansaraikelakharsawansaraikelakharsawansimdegasimdegasimdegasimdegasimdegawest singhbhumwest singhbhumwest singhbhumwest singhbhumwest singhbhumbilaspurbilaspurbilaspurbilaspurbilaspurchambachambachambachambachambakangrakangrakangrakangrakangrakinnaurkinnaurkinnaurkinnaurkinnaurkullukullukullukullukullumandimandimandimandimandishimlashimlashimlashimlashimlasirmaursirmaursirmaursirmaursirmaursolansolansolansolansolanunaunaunaunaunakaimur (bhabua)kaimur (bhabua)kaimur (bhabua)kaimur (bhabua)kaimur (bhabua)baloda bazarbaloda bazarbaloda bazarbaloda bazarbaloda bazaruttar bastar kankeruttar bastar kankeruttar bastar kankeruttar bastar kankeruttar bastar kankerbemetarabemetarabemetarabemetarabemetarabijapurbijapurbijapurbijapurbijapurdantewadadantewadadantewadadantewadadantewadadhamtaridhamtaridhamtaridhamtaridhamtaridurgdurgdurgdurgdurggariabandgariabandgariabandgariabandgariabandjanjgirchampajanjgirchampajanjgirchampajanjgirchampajanjgirchampajashpurjashpurjashpurjashpurjashpurkabirdhamkabirdhamkabirdhamkabirdhamkabirdhamkondagaonkondagaonkondagaonkondagaonkondagaonkorbakorbakorbakorbakorbakoreakoreakoreakoreakoreamahasamundmahasamundmahasamundmahasamundmahasamundmungelimungelimungelimungelimungelinarayanpurnarayanpurnarayanpurnarayanpurnarayanpurraigarhraigarhraigarhraigarhraigarhraipurraipurraipurraipurraipurrajnandgaonrajnandgaonrajnandgaonrajnandgaonrajnandgaonsukmasukmasukmasukmasukmasurajpursurajpursurajpursurajpursurajpursurgujasurgujasurgujasurgujasurgujalahul and spitilahul and spitilahul and spitilahul and spitilahul and spitiarvalliarvalliarvalliarvalliarvallibanas kanthabanas kanthabanas kanthabanas kanthabanas kanthadevbhumi dwarkadevbhumi dwarkadevbhumi dwarkadevbhumi dwarkadevbhumi dwarkakachchhkachchhkachchhkachchhkachchhpatanpatanpatanpatanpatanrajkotrajkotrajkotrajkotrajkotahmadnagarahmadnagarahmadnagarahmadnagarahmadnagarakolaakolaakolaakolaakolabuldhanabuldhanabuldhanabuldhanabuldhanahingolihingolihingolihingolihingolijalgaonjalgaonjalgaonjalgaonjalgaonjalnajalnajalnajalnajalnaparbhaniparbhaniparbhaniparbhaniparbhaniwashimwashimwashimwashimwashimyavatmalyavatmalyavatmalyavatmalyavatmalagar malwaagar malwaagar malwaagar malwaagar malwaalirajpuralirajpuralirajpuralirajpuralirajpuranuppuranuppuranuppuranuppuranuppurashoknagarashoknagarashoknagarashoknagarashoknagarbalaghatbalaghatbalaghatbalaghatbalaghatbarwanibarwanibarwanibarwanibarwanibetulbetulbetulbetulbetulbhopalbhopalbhopalbhopalbhopalburhanpurburhanpurburhanpurburhanpurburhanpurchhatarpurchhatarpurchhatarpurchhatarpurchhatarpurchhindwarachhindwarachhindwarachhindwarachhindwaradamohdamohdamohdamohdamohdatiadatiadatiadatiadatiadewasdewasdewasdewasdewasdhardhardhardhardhardindoridindoridindoridindoridindorigunagunagunagunagunagwaliorgwaliorgwaliorgwaliorgwaliorhardahardahardahardahardahoshangabadhoshangabadhoshangabadhoshangabadhoshangabadindoreindoreindoreindoreindorejabalpurjabalpurjabalpurjabalpurjabalpurjhabuajhabuajhabuajhabuajhabuakatnikatnikatnikatnikatnikhandwakhandwakhandwakhandwakhandwakhargonekhargonekhargonekhargonekhargonemandlamandlamandlamandlamandlamandsaurmandsaurmandsaurmandsaurmandsaurmorenamorenamorenamorenamorenanarsinghpurnarsinghpurnarsinghpurnarsinghpurnarsinghpurneemuchneemuchneemuchneemuchneemuchpannapannapannapannapannaraisenraisenraisenraisenraisenrajgarhrajgarhrajgarhrajgarhrajgarhratlamratlamratlamratlamratlamrewarewarewarewarewasagarsagarsagarsagarsagarsatnasatnasatnasatnasatnasehoresehoresehoresehoresehoreseoniseoniseoniseoniseonishahdolshahdolshahdolshahdolshahdolshajapurshajapurshajapurshajapurshajapursheopursheopursheopursheopursheopurshivpurishivpurishivpurishivpurishivpurisidhisidhisidhisidhisidhisingraulisingraulisingraulisingraulisingraulitikamgarhtikamgarhtikamgarhtikamgarhtikamgarhujjainujjainujjainujjainujjainumariaumariaumariaumariaumariavidishavidishavidishavidishavidishabarmerbarmerbarmerbarmerbarmerchittaurgarhchittaurgarhchittaurgarhchittaurgarhchittaurgarhchuruchuruchuruchuruchurudausadausadausadausadausajaipurjaipurjaipurjaipurjaipurjalorejalorejalorejalorejalorejodhpurjodhpurjodhpurjodhpurjodhpurnagaurnagaurnagaurnagaurnagaurpalipalipalipalipalisikarsikarsikarsikarsikarsirohisirohisirohisirohisirohiharidwarharidwarharidwarharidwarharidwarudam singh nagarudam singh nagarudam singh nagarudam singh nagarudam singh nagarkanchipuramkanchipuramkanchipuramkanchipuramkanchipuramvillupuramvillupuramvillupuramvillupuramvillupurambhindbhindbhindbhindbhindbagalkotebagalkotebagalkotebagalkotebagalkotebuldanabuldanabuldanabuldanabuldanawardhawardhawardhawardhawardhasahebganjsahebganjsahebganjsahebganjsahebganjsaraikela kharsawansaraikela kharsawansaraikela kharsawansaraikela kharsawansaraikela kharsawangautam buddha nagargautam buddha nagargautam buddha nagargautam buddha nagargautam buddha nagarkherikherikherikherikherikushi nagarkushi nagarkushi nagarkushi nagarkushi nagarsant ravidas nagarsant ravidas nagarsant ravidas nagarsant ravidas nagarsant ravidas nagarmahendragarhmahendragarhmahendragarhmahendragarhmahendragarhjamnagarjamnagarjamnagarjamnagarjamnagarchamrajnagarchamrajnagarchamrajnagarchamrajnagarchamrajnagartumkurtumkurtumkurtumkurtumkurbalodbalodbalodbalodbalodbastarbastarbastarbastarbastargariyabandgariyabandgariyabandgariyabandgariyabandjanjgir-champajanjgir-champajanjgir-champajanjgir-champajanjgir-champakankerkankerkankerkankerkankeramreliamreliamreliamreliamrelibhavnagarbhavnagarbhavnagarbhavnagarbhavnagarbotadbotadbotadbotadbotadgir somnathgir somnathgir somnathgir somnathgir somnathjunagadhjunagadhjunagadhjunagadhjunagadhmorbimorbimorbimorbimorbikamrup metrokamrup metrokamrup metrokamrup metrokamrup metromarigaonmarigaonmarigaonmarigaonmarigaonbikanerbikanerbikanerbikanerbikanerjaisalmerjaisalmerjaisalmerjaisalmerjaisalmerjhunjhununjhunjhununjhunjhununjhunjhununjhunjhununshahjahanpurshahjahanpurshahjahanpurshahjahanpurshahjahanpurnicobarsnicobarsnicobarsnicobarsnicobarsnorth and middle andamannorth and middle andamannorth and middle andamannorth and middle andamannorth and middle andamansouth andamanssouth andamanssouth andamanssouth andamanssouth andamansanjawanjawanjawanjawanjawchanglangchanglangchanglangchanglangchanglangdibang valleydibang valleydibang valleydibang valleydibang valleyeast kamengeast kamengeast kamengeast kamengeast kamengeast siangeast siangeast siangeast siangeast siangkra daadikra daadikra daadikra daadikra daadikurung kumeykurung kumeykurung kumeykurung kumeykurung kumeylohitlohitlohitlohitlohitlongdinglongdinglongdinglongdinglongdinglower dibang valleylower dibang valleylower dibang valleylower dibang valleylower dibang valleylower subansirilower subansirilower subansirilower subansirilower subansirinamsainamsainamsainamsainamsaipapum parepapum parepapum parepapum parepapum paresiangsiangsiangsiangsiangtawangtawangtawangtawangtawangtiraptiraptiraptiraptirapupper siangupper siangupper siangupper siangupper siangupper subansiriupper subansiriupper subansiriupper subansiriupper subansiriwest kamengwest kamengwest kamengwest kamengwest kamengwest siangwest siangwest siangwest siangwest siangchandigarhchandigarhchandigarhchandigarhchandigarhdadra and nagar havelidadra and nagar havelidadra and nagar havelidadra and nagar havelidadra and nagar havelibishnupurbishnupurbishnupurbishnupurbishnupurchandelchandelchandelchandelchandelchurachandpurchurachandpurchurachandpurchurachandpurchurachandpurimphal eastimphal eastimphal eastimphal eastimphal eastimphal westimphal westimphal westimphal westimphal westsenapatisenapatisenapatisenapatisenapatitamenglongtamenglongtamenglongtamenglongtamenglongthoubalthoubalthoubalthoubalthoubalukhrulukhrulukhrulukhrulukhruleast garo hillseast garo hillseast garo hillseast garo hillseast garo hillseast jaintia hillseast jaintia hillseast jaintia hillseast jaintia hillseast jaintia hillseast khasi hillseast khasi hillseast khasi hillseast khasi hillseast khasi hillsnorth garo hillsnorth garo hillsnorth garo hillsnorth garo hillsnorth garo hillsri bhoiri bhoiri bhoiri bhoiri bhoisouth garo hillssouth garo hillssouth garo hillssouth garo hillssouth garo hillssouth west garo hillssouth west garo hillssouth west garo hillssouth west garo hillssouth west garo hillssouth west khasi hillssouth west khasi hillssouth west khasi hillssouth west khasi hillssouth west khasi hillswest garo hillswest garo hillswest garo hillswest garo hillswest garo hillswest jaintia hillswest jaintia hillswest jaintia hillswest jaintia hillswest jaintia hillswest khasi hillswest khasi hillswest khasi hillswest khasi hillswest khasi hillsaizawlaizawlaizawlaizawlaizawlchamphaichamphaichamphaichamphaichamphaikolasibkolasibkolasibkolasibkolasiblawngtlailawngtlailawngtlailawngtlailawngtlailungleilungleilungleilungleilungleimamitmamitmamitmamitmamitsaihasaihasaihasaihasaihaserchhipserchhipserchhipserchhipserchhipdimapurdimapurdimapurdimapurdimapurkiphirekiphirekiphirekiphirekiphirekohimakohimakohimakohimakohimalonglenglonglenglonglenglonglenglonglengmokokchungmokokchungmokokchungmokokchungmokokchungmonmonmonmonmonperenperenperenperenperenphekphekphekphekphektuensangtuensangtuensangtuensangtuensangwokhawokhawokhawokhawokhazunhebotozunhebotozunhebotozunhebotozunhebotokaraikalkaraikalkaraikalkaraikalkaraikalpondicherrypondicherrypondicherrypondicherrypondicherryyanamyanamyanamyanamyanameast districteast districteast districteast districteast districtnorth districtnorth districtnorth districtnorth districtnorth districtsouth districtsouth districtsouth districtsouth districtsouth districtwest districtwest districtwest districtwest districtwest districtadilabadadilabadadilabadadilabadadilabadbhadradribhadradribhadradribhadradribhadradrihanumakondahanumakondahanumakondahanumakondahanumakondajagitialjagitialjagitialjagitialjagitialjangoanjangoanjangoanjangoanjangoanjayashankarjayashankarjayashankarjayashankarjayashankarjogulambajogulambajogulambajogulambajogulambakamareddykamareddykamareddykamareddykamareddykarimnagarkarimnagarkarimnagarkarimnagarkarimnagarkhammamkhammamkhammamkhammamkhammamkomaram bheem asifabadkomaram bheem asifabadkomaram bheem asifabadkomaram bheem asifabadkomaram bheem asifabadmahabubabadmahabubabadmahabubabadmahabubabadmahabubabadmahbubnagarmahbubnagarmahbubnagarmahbubnagarmahbubnagarmancherialmancherialmancherialmancherialmancherialmedakmedakmedakmedakmedakmedchal malkajgirimedchal malkajgirimedchal malkajgirimedchal malkajgirimedchal malkajgirinagarkurnoolnagarkurnoolnagarkurnoolnagarkurnoolnagarkurnoolnalgondanalgondanalgondanalgondanalgondanirmalnirmalnirmalnirmalnirmalnizamabadnizamabadnizamabadnizamabadnizamabadpeddapallipeddapallipeddapallipeddapallipeddapallirajannarajannarajannarajannarajannarangareddirangareddirangareddirangareddirangareddisangareddysangareddysangareddysangareddysangareddysiddipetsiddipetsiddipetsiddipetsiddipetsuryapetsuryapetsuryapetsuryapetsuryapetvikarabadvikarabadvikarabadvikarabadvikarabadwanaparthywanaparthywanaparthywanaparthywanaparthywarangalwarangalwarangalwarangalwarangalyadadriyadadriyadadriyadadriyadadridhalaidhalaidhalaidhalaidhalaigomatigomatigomatigomatigomatikhowaikhowaikhowaikhowaikhowainorth tripuranorth tripuranorth tripuranorth tripuranorth tripurasepahijalasepahijalasepahijalasepahijalasepahijalasouth tripurasouth tripurasouth tripurasouth tripurasouth tripuraunakotiunakotiunakotiunakotiunakotiwest tripurawest tripurawest tripurawest tripurawest tripura,ricemaizebajraragijowarricemaizebajraragijowarricemaizebajraragijowarricemaizebajraragijowarricemaizebajraragijowarricemaizebajraragijowarricemaizebajraragijowarricemaizebajraragijowarricemaizebajraragijowarricemaizebajraragijowarricemaizebajraragijowarricemaizebajraragijowarricemaizebajraragijowarricemaizebajraragijowarricemaizebajraragijowarricemaizebajraragijowarricemaizebajraragijowarricemaizebajraragijowarricemaizebajraragijowarricemaizebajraragijowarricemaizebajraragijowarricemaizebajraragijowarricemaizebajraragijowarricemaizebajraragijowarricemaizebajraragijowarricemaizebajraragijowarricemaizebajraragijowarricemaizebajraragijowarricemaizebajraragijowarricemaizebajraragijowarricemaizebajraragijowarricemaizebajraragijowarricemaizebajraragijowarricemaizebajraragijowarricemaizebajraragijowarricemaizebajraragijowarricemaizebajraragijowarricemaizebajraragijowarricemaizebajraragijowarricemaizebajraragijowarricemaizebajraragijowarricemaizebajraragijowarricemaizebajraragijowarricemaizebajraragijowarricemaizebajraragijowarricemaizebajraragijowarricemaizebajraragijowarricemaizebajraragijowarricemaizebajraragijowarricemaizebajraragijowarricemaizebajraragijowarricemaizebajraragijowarricemaizebajraragijowarricemaizebajraragijowarricemaizebajraragijowarricemaizebajraragijowarricemaizebajraragijowarricemaizebajraragijowarricemaizebajraragijowarricemaizebajraragijowarricemaizebajraragijowarricemaizebajraragijowarricemaizebajraragijowarricemaizebajraragijowarricemaizebajraragijowarricemaizebajraragijowarricemaizebajraragijowarricemaizebajraragijowarricemaizebajraragijowarricemaizebajraragijowarricemaizebajraragijowarricemaizebajraragijowarricemaizebajraragijowarricemaizebajraragijowarricemaizebajraragijowarricemaizebajraragijowarricemaizebajraragijowarricemaizebajraragijowarricemaizebajraragijowarricemaizebajraragijowarricemaizebajraragijowarricemaizebajraragijowarricemaizebajraragijowarricemaizebajraragijowarricemaizebajraragijowarricemaizebajraragijowarricemaizebajraragijowarricemaizebajraragijowarricemaizebajraragijowarricemaizebajraragijowarricemaizebajraragijowarricemaizebajraragijowarricemaizebajraragijowarricemaizebajraragijowarricemaizebajraragijowarricemaizebajraragijowarricemaizebajraragijowarricemaizebajraragijowarricemaizebajraragijowarricemaizebajraragijowarricemaizebajraragijowarricemaizebajraragijowarricemaizebajraragijowarricemaizebajraragijowarricemaizebajraragijowarricemaizebajraragijowarricemaizebajraragijowarricemaizebajraragijowarricemaizebajraragijowarricemaizebajraragijowarricemaizebajraragijowarricemaizebajraragijowarricemaizebajraragijowarricemaizebajraragijowarricemaizebajraragijowarricemaizebajraragijowarricemaizebajraragijowarricemaizebajraragijowarricemaizebajraragijowarricemaizebajraragijowarricemaizebajraragijowarricemaizebajraragijowarricemaizebajraragijowarricemaizebajraragijowarricemaizebajraragijowarricemaizebajraragijowarricemaizebajraragijowarricemaizebajraragijowarricemaizebajraragijowarricemaizebajraragijowarricemaizebajraragijowarricemaizebajraragijowarricemaizebajraragijowarricemaizebajraragijowarricemaizebajraragijowarricemaizebajraragijowarricemaizebajraragijowarricemaizebajraragijowarricemaizebajraragijowarricemaizebajraragijowarricemaizebajraragijowarricemaizebajraragijowarricemaizebajraragijowarricemaizebajraragijowarricemaizebajraragijowarricemaizebajraragijowarricemaizebajraragijowarricemaizebajraragijowarricemaizebajraragijowarricemaizebajraragijowarricemaizebajraragijowarricemaizebajraragijowarricemaizebajraragijowarricemaizebajraragijowarricemaizebajraragijowarricemaizebajraragijowarricemaizebajraragijowarricemaizebajraragijowarricemaizebajraragijowarricemaizebajraragijowarricemaizebajraragijowarricemaizebajraragijowarricemaizebajraragijowarricemaizebajraragijowarricemaizebajraragijowarricemaizebajraragijowarricemaizebajraragijowarricemaizebajraragijowarricemaizebajraragijowarricemaizebajraragijowarricemaizebajraragijowarricemaizebajraragijowarricemaizebajraragijowarricemaizebajraragijowarricemaizebajraragijowarricemaizebajraragijowarricemaizebajraragijowarricemaizebajraragijowarricemaizebajraragijowarricemaizebajraragijowarricemaizebajraragijowarricemaizebajraragijowarricemaizebajraragijowarricemaizebajraragijowarricemaizebajraragijowarricemaizebajraragijowarricemaizebajraragijowarricemaizebajraragijowarricemaizebajraragijowarricemaizebajraragijowarricemaizebajraragijowarricemaizebajraragijowarricemaizebajraragijowarricemaizebajraragijowarricemaizebajraragijowarricemaizebajraragijowarricemaizebajraragijowarricemaizebajraragijowarricemaizebajraragijowarricemaizebajraragijowarricemaizebajraragijowarricemaizebajraragijowarricemaizebajraragijowarricemaizebajraragijowarricemaizebajraragijowarricemaizebajraragijowarricemaizebajraragijowarricemaizebajraragijowarricemaizebajraragijowarricemaizebajraragijowarricemaizebajraragijowarricemaizebajraragijowarricemaizebajraragijowarricemaizebajraragijowarricemaizebajraragijowarricemaizebajraragijowarricemaizebajraragijowarricemaizebajraragijowarricemaizebajraragijowarricemaizebajraragijowarricemaizebajraragijowarricemaizebajraragijowarricemaizebajraragijowarricemaizebajraragijowarricemaizebajraragijowarricemaizebajraragijowarricemaizebajraragijowarricemaizebajraragijowarricemaizebajraragijowarricemaizebajraragijowarricemaizebajraragijowarricemaizebajraragijowarricemaizebajraragijowarricemaizebajraragijowarricemaizebajraragijowarricemaizebajraragijowarricemaizebajraragijowarricemaizebajraragijowarricemaizebajraragijowarricemaizebajraragijowarricemaizebajraragijowarricemaizebajraragijowarricemaizebajraragijowarricemaizebajraragijowarricemaizebajraragijowarricemaizebajraragijowarricemaizebajraragijowarricemaizebajraragijowarricemaizebajraragijowarricemaizebajraragijowarricemaizebajraragijowarricemaizebajraragijowarricemaizebajraragijowarricemaizebajraragijowarricemaizebajraragijowarricemaizebajraragijowarricemaizebajraragijowarricemaizebajraragijowarricemaizebajraragijowarricemaizebajraragijowarricemaizebajraragijowarricemaizebajraragijowarricemaizebajraragijowarricemaizebajraragijowarricemaizebajraragijowarricemaizebajraragijowarricemaizebajraragijowarricemaizebajraragijowarricemaizebajraragijowarricemaizebajraragijowarricemaizebajraragijowarricemaizebajraragijowarricemaizebajraragijowarricemaizebajraragijowarricemaizebajraragijowarricemaizebajraragijowarricemaizebajraragijowarricemaizebajraragijowarricemaizebajraragijowarricemaizebajraragijowarricemaizebajraragijowarricemaizebajraragijowarricemaizebajraragijowarricemaizebajraragijowarricemaizebajraragijowarricemaizebajraragijowarricemaizebajraragijowarricemaizebajraragijowarricemaizebajraragijowarricemaizebajraragijowarricemaizebajraragijowarricemaizebajraragijowarricemaizebajraragijowarricemaizebajraragijowarricemaizebajraragijowarricemaizebajraragijowarricemaizebajraragijowarricemaizebajraragijowarricemaizebajraragijowarricemaizebajraragijowarricemaizebajraragijowarricemaizebajraragijowarricemaizebajraragijowarricemaizebajraragijowarricemaizebajraragijowarricemaizebajraragijowarricemaizebajraragijowarricemaizebajraragijowarricemaizebajraragijowarricemaizebajraragijowarricemaizebajraragijowarricemaizebajraragijowarricemaizebajraragijowarricemaizebajraragijowarricemaizebajraragijowarricemaizebajraragijowarricemaizebajraragijowarricemaizebajraragijowarricemaizebajraragijowarricemaizebajraragijowarricemaizebajraragijowarricemaizebajraragijowarricemaizebajraragijowarricemaizebajraragijowarricemaizebajraragijowarricemaizebajraragijowarricemaizebajraragijowarricemaizebajraragijowarricemaizebajraragijowarricemaizebajraragijowarricemaizebajraragijowarricemaizebajraragijowarricemaizebajraragijowarricemaizebajraragijowarricemaizebajraragijowarricemaizebajraragijowarricemaizebajraragijowarricemaizebajraragijowarricemaizebajraragijowarricemaizebajraragijowarricemaizebajraragijowarricemaizebajraragijowarricemaizebajraragijowarricemaizebajraragijowarricemaizebajraragijowarricemaizebajraragijowarricemaizebajraragijowarricemaizebajraragijowarricemaizebajraragijowarricemaizebajraragijowarricemaizebajraragijowarricemaizebajraragijowarricemaizebajraragijowarricemaizebajraragijowarricemaizebajraragijowarricemaizebajraragijowarricemaizebajraragijowarricemaizebajraragijowarricemaizebajraragijowarricemaizebajraragijowarricemaizebajraragijowarricemaizebajraragijowarricemaizebajraragijowarricemaizebajraragijowarricemaizebajraragijowarricemaizebajraragijowarricemaizebajraragijowarricemaizebajraragijowarricemaizebajraragijowarricemaizebajraragijowarricemaizebajraragijowarricemaizebajraragijowarricemaizebajraragijowarricemaizebajraragijowarricemaizebajraragijowarricemaizebajraragijowarricemaizebajraragijowarricemaizebajraragijowarricemaizebajraragijowarricemaizebajraragijowarricemaizebajraragijowarricemaizebajraragijowarricemaizebajraragijowarricemaizebajraragijowarricemaizebajraragijowarricemaizebajraragijowarricemaizebajraragijowarricemaizebajraragijowarricemaizebajraragijowarricemaizebajraragijowarricemaizebajraragijowarricemaizebajraragijowarricemaizebajraragijowarricemaizebajraragijowarricemaizebajraragijowarricemaizebajraragijowarricemaizebajraragijowarricemaizebajraragijowarricemaizebajraragijowarricemaizebajraragijowarricemaizebajraragijowarricemaizebajraragijowarricemaizebajraragijowarricemaizebajraragijowarricemaizebajraragijowarricemaizebajraragijowarricemaizebajraragijowarricemaizebajraragijowarricemaizebajraragijowarricemaizebajraragijowarricemaizebajraragijowarricemaizebajraragijowarricemaizebajraragijowarricemaizebajraragijowarricemaizebajraragijowarricemaizebajraragijowarricericemaizebajraragijowarricemaizebajraragijowarricemaizebajraragijowarricemaizebajraragijowarricemaizebajraragijowarricemaizebajraragijowarricemaizebajraragijowarricemaizebajraragijowarricemaizebajraragijowarricemaizebajraragijowarricemaizebajraragijowarricemaizebajraragijowarricemaizebajraragijowarricemaizebajraragijowarricemaizebajraragijowarricemaizebajraragijowarricemaizebajraragijowarricemaizebajraragijowarricemaizebajraragijowarricemaizebajraragijowarricemaizebajraragijowarricemaizebajraragijowarricemaizebajraragijowarricemaizebajraragijowarricemaizebajraragijowarricemaizebajraragijowarricemaizebajraragijowarricemaizebajraragijowarricemaizebajraragijowarricemaizebajraragijowarricemaizebajraragijowarricemaizebajraragijowarricemaizebajraragijowarricemaizebajraragijowarricemaizebajraragijowarricemaizebajraragijowarricemaizebajraragijowarricemaizebajraragijowarricemaizebajraragijowarricemaizebajraragijowarricemaizebajraragijowarricemaizebajraragijowarricemaizebajraragijowarricemaizebajraragijowarricemaizebajraragijowarricemaizebajraragijowarricemaizebajraragijowarricemaizebajraragijowarricemaizebajraragijowarricemaizebajraragijowarricemaizebajraragijowarricemaizebajraragijowarricemaizebajraragijowarricemaizebajraragijowarricemaizebajraragijowarricemaizebajraragijowarricemaizebajraragijowarricemaizebajraragijowarricemaizebajraragijowarricemaizebajraragijowarricemaizebajraragijowarricemaizebajraragijowarricemaizebajraragijowarricemaizebajraragijowarricemaizebajraragijowarricemaizebajraragijowarricemaizebajraragijowarricemaizebajraragijowarricemaizebajraragijowarricemaizebajraragijowarricemaizebajraragijowarricemaizebajraragijowarricemaizebajraragijowarricemaizebajraragijowarricemaizebajraragijowarricemaizebajraragijowarricemaizebajraragijowarricemaizebajraragijowarricemaizebajraragijowarricemaizebajraragijowarricemaizebajraragijowarricemaizebajraragijowarricemaizebajraragijowarricemaizebajraragijowarricemaizebajraragijowarricemaizebajraragijowarricemaizebajraragijowarricemaizebajraragijowarricemaizebajraragijowarricemaizebajraragijowarricemaizebajraragijowarricemaizebajraragijowarricemaizebajraragijowarricemaizebajraragijowarricemaizebajraragijowarricemaizebajraragijowarricemaizebajraragijowarricemaizebajraragijowarricemaizebajraragijowarricemaizebajraragijowarricemaizebajraragijowarricemaizebajraragijowarricemaizebajraragijowarricemaizebajraragijowarricemaizebajraragijowarricemaizebajraragijowarricemaizebajraragijowarricemaizebajraragijowarricemaizebajraragijowarricemaizebajraragijowarricemaizebajraragijowarricemaizebajraragijowarricemaizebajraragijowarricemaizebajraragijowarricemaizebajraragijowarricemaizebajraragijowarricemaizebajraragijowarricemaizebajraragijowarricemaizebajraragijowarricemaizebajraragijowarricemaizebajraragijowarricemaizebajraragijowarricemaizebajraragijowarricemaizebajraragijowarricemaizebajraragijowarricemaizebajraragijowarricemaizebajraragijowarricemaizebajraragijowarricemaizebajraragijowarricemaizebajraragijowarricemaizebajraragijowarricemaizebajraragijowarricemaizebajraragijowarricemaizebajraragijowarricemaizebajraragijowarricemaizebajraragijowarricemaizebajraragijowarricemaizebajraragijowarricemaizebajraragijowarricemaizebajraragijowarricemaizebajraragijowarricemaizebajraragijowarricemaizebajraragijowarricemaizebajraragijowarricemaizebajraragijowarricemaizebajraragijowarricemaizebajraragijowarricemaizebajraragijowarricemaizebajraragijowarricemaizebajraragijowarricemaizebajraragijowarricemaizebajraragijowarricemaizebajraragijowarricemaizebajraragijowarricemaizebajraragijowarricemaizebajraragijowarricemaizebajraragijowarricemaizebajraragijowarricemaizebajraragijowarricemaizebajraragijowarricemaizebajraragijowarricemaizebajraragijowarricemaizebajraragijowarricemaizebajraragijowarricemaizebajraragijowarricemaizebajraragijowarricemaizebajraragijowarricemaizebajraragijowarricemaizebajraragijowarricemaizebajraragijowarricemaizebajraragijowarricemaizebajraragijowarricemaizebajraragijowarricemaizebajraragijowarricemaizebajraragijowarricemaizebajraragijowarricemaizebajraragijowarricemaizebajraragijowarricemaizebajraragijowarricemaizebajraragijowarricemaizebajraragijowarricemaizebajraragijowarricemaizebajraragijowarricemaizebajraragijowarricemaizebajraragijowarricemaizebajraragijowarricemaizebajraragijowarricemaizebajraragijowarricemaizebajraragijowarricemaizebajraragijowarricemaizebajraragijowarricemaizebajraragijowarricemaizebajraragijowarricemaizebajraragijowarricemaizebajraragijowarricemaizebajraragijowarricemaizebajraragijowarricemaizebajraragijowarricemaizebajraragijowarricemaizebajraragijowarricemaizebajraragijowarricemaizebajraragijowarricemaizebajraragijowarricemaizebajraragijowarricemaizebajraragijowarricemaizebajraragijowarricemaizebajraragijowarricemaizebajraragijowarricemaizebajraragijowarricemaizebajraragijowarricemaizebajraragijowarricemaizebajraragijowarricemaizebajraragijowarricemaizebajraragijowarricemaizebajraragijowarricemaizebajraragijowarricemaizebajraragijowarricemaizebajraragijowarricemaizebajraragijowarricemaizebajraragijowarricemaizebajraragijowarricemaizebajraragijowarricemaizebajraragijowarricemaizebajraragijowarricemaizebajraragijowarricemaizebajraragijowarricemaizebajraragijowarricemaizebajraragijowarricemaizebajraragijowarricemaizebajraragijowarricemaizebajraragijowarricemaizebajraragijowarricemaizebajraragijowarricemaizebajraragijowarricemaizebajraragijowarricemaizebajraragijowarricemaizebajraragijowarricemaizebajraragijowarricemaizebajraragijowarricemaizebajraragijowarricemaizebajraragijowarricemaizebajraragijowarricemaizebajraragijowarricemaizebajraragijowarricemaizebajraragijowarricemaizebajraragijowarricemaizebajraragijowarricemaizebajraragijowarricemaizebajraragijowarricemaizebajraragijowarricemaizebajraragijowarricemaizebajraragijowarricemaizebajraragijowarricemaizebajraragijowarricemaizebajraragijowarricemaizebajraragijowarricemaizebajraragijowarricemaizebajraragijowarricemaizebajraragijowarricemaizebajraragijowarricemaizebajraragijowarricemaizebajraragijowarricemaizebajraragijowarricemaizebajraragijowarricemaizebajraragijowarricemaizebajraragijowarricemaizebajraragijowarricemaizebajraragijowarricemaizebajraragijowarricemaizebajraragijowarricemaizebajraragijowarricemaizebajraragijowarricemaizebajraragijowarricemaizebajraragijowarricemaizebajraragijowarricemaizebajraragijowarricemaizebajraragijowarricemaizebajraragijowarricemaizebajraragijowarricemaizebajraragijowarricemaizebajraragijowarricemaizebajraragijowarricemaizebajraragijowarricemaizebajraragijowarricemaizebajraragijowarricemaizebajraragijowarricemaizebajraragijowarricemaizebajraragijowarricemaizebajraragijowarricemaizebajraragijowarricemaizebajraragijowar,2150492.9999,2005567.0,134897.918021,5857527113.692155,4062809000.032599,162727047.17902166,136573783.25707167,56801505.963490926,46056218.105698,88414465.08953658,84212938.65665118,38901008.83258043,34621083.10560666,20502931575143.83,14449770420116.04,13722295.077117642,16242574.386528676,63623049.07843051,60599630.657326184,3121030.6176606407,2972716.7345797867,7356840462.85743,8995048971.246721,6104814252.401884,5655664649.542731,2064846.0,18.212335626253225,-4.989169716562972,-12.362194775704939,-19.149549275296796,-23.33080808574584,-41.891054176203156,-7.941588313505597,15.516501568257013,-4.989169716562962,-4.989169716562969
4,bihar,ariyalurariyalurariyalurariyalurariyalurcoimbatorecoimbatorecoimbatorecoimbatorecoimbatorecuddalorecuddalorecuddalorecuddalorecuddaloredharmapuridharmapuridharmapuridharmapuridharmapuridindiguldindiguldindiguldindiguldindigulerodeerodeerodeerodeerodekancheepuramkancheepuramkancheepuramkancheepuramkancheepuramkanniyakumarikanniyakumarikanniyakumarikanniyakumarikanniyakumarikarurkarurkarurkarurkarurkrishnagirikrishnagirikrishnagirikrishnagirikrishnagirimaduraimaduraimaduraimaduraimadurainagappattinamnagappattinamnagappattinamnagappattinamnagappattinamnamakkalnamakkalnamakkalnamakkalnamakkalperambalurperambalurperambalurperambalurperambalurpudukkottaipudukkottaipudukkottaipudukkottaipudukkottairamanathapuramramanathapuramramanathapuramramanathapuramramanathapuramsalemsalemsalemsalemsalemsivagangasivagangasivagangasivagangasivagangathanjavurthanjavurthanjavurthanjavurthanjavurthe nilgiristhe nilgiristhe nilgiristhe nilgiristhe nilgiristhenithenithenithenithenithiruvallurthiruvallurthiruvallurthiruvallurthiruvallurthiruvarurthiruvarurthiruvarurthiruvarurthiruvarurtiruchirappallitiruchirappallitiruchirappallitiruchirappallitiruchirappallitirunelvelitirunelvelitirunelvelitirunelvelitirunelvelitiruppurtiruppurtiruppurtiruppurtiruppurtiruvannamalaitiruvannamalaitiruvannamalaitiruvannamalaitiruvannamalaituticorintuticorintuticorintuticorintuticorinvellorevellorevellorevellorevelloreviluppuramviluppuramviluppuramviluppuramviluppuramvirudhunagarvirudhunagarvirudhunagarvirudhunagarvirudhunagaramritsaramritsaramritsaramritsaramritsarbarnalabarnalabarnalabarnalabarnalabathindabathindabathindabathindabathindafaridkotfaridkotfaridkotfaridkotfaridkotfatehgarh sahibfatehgarh sahibfatehgarh sahibfatehgarh sahibfatehgarh sahibfazilkafazilkafazilkafazilkafazilkafirozpurfirozpurfirozpurfirozpurfirozpurgurdaspurgurdaspurgurdaspurgurdaspurgurdaspurhoshiarpurhoshiarpurhoshiarpurhoshiarpurhoshiarpurjalandharjalandharjalandharjalandharjalandharkapurthalakapurthalakapurthalakapurthalakapurthalaludhianaludhianaludhianaludhianaludhianamansamansamansamansamansamogamogamogamogamogamuktsarmuktsarmuktsarmuktsarmuktsarpathankotpathankotpathankotpathankotpathankotpatialapatialapatialapatialapatialarupnagarrupnagarrupnagarrupnagarrupnagarsangrursangrursangrursangrursangrurshahid bhagat singh nagarshahid bhagat singh nagarshahid bhagat singh nagarshahid bhagat singh nagarshahid bhagat singh nagartarn tarantarn tarantarn tarantarn tarantarn taranambalaambalaambalaambalaambalabhiwanibhiwanibhiwanibhiwanibhiwanicharki dadricharki dadricharki dadricharki dadricharki dadrifaridabadfaridabadfaridabadfaridabadfaridabadfatehabadfatehabadfatehabadfatehabadfatehabadgurgaongurgaongurgaongurgaongurgaonhisarhisarhisarhisarhisarjhajjarjhajjarjhajjarjhajjarjhajjarjindjindjindjindjindkaithalkaithalkaithalkaithalkaithalkarnalkarnalkarnalkarnalkarnalkurukshetrakurukshetrakurukshetrakurukshetrakurukshetramewatmewatmewatmewatmewatpalwalpalwalpalwalpalwalpalwalpanchkulapanchkulapanchkulapanchkulapanchkulapanipatpanipatpanipatpanipatpanipatrewarirewarirewarirewarirewarirohtakrohtakrohtakrohtakrohtaksirsasirsasirsasirsasirsasonipatsonipatsonipatsonipatsonipatyamunanagaryamunanagaryamunanagaryamunanagaryamunanagaranantapuranantapuranantapuranantapuranantapurchittoorchittoorchittoorchittoorchittooreast godavarieast godavarieast godavarieast godavarieast godavarigunturgunturgunturgunturgunturkadapakadapakadapakadapakadapakrishnakrishnakrishnakrishnakrishnakurnoolkurnoolkurnoolkurnoolkurnoolprakasamprakasamprakasamprakasamprakasamnellorenellorenellorenellorenelloresrikakulamsrikakulamsrikakulamsrikakulamsrikakulamvisakhapatnamvisakhapatnamvisakhapatnamvisakhapatnamvisakhapatnamvizianagaramvizianagaramvizianagaramvizianagaramvizianagaramwest godavariwest godavariwest godavariwest godavariwest godavariballariballariballariballariballaribangalore ruralbangalore ruralbangalore ruralbangalore ruralbangalore ruralbelagavibelagavibelagavibelagavibelagavibengaluru urbanbengaluru urbanbengaluru urbanbengaluru urbanbengaluru urbanbidarbidarbidarbidarbidarchamarajanagarachamarajanagarachamarajanagarachamarajanagarachamarajanagarachikkaballapurachikkaballapurachikkaballapurachikkaballapurachikkaballapurachikmagalurchikmagalurchikmagalurchikmagalurchikmagalurchitradurgachitradurgachitradurgachitradurgachitradurgadakshina kannadadakshina kannadadakshina kannadadakshina kannadadakshina kannadadavangeredavangeredavangeredavangeredavangeredharwaddharwaddharwaddharwaddharwadgadaggadaggadaggadaggadaghassanhassanhassanhassanhassanhaverihaverihaverihaverihaverikalaburagikalaburagikalaburagikalaburagikalaburagikodagukodagukodagukodagukodagukolarkolarkolarkolarkolarkoppalkoppalkoppalkoppalkoppalmandyamandyamandyamandyamandyamysurumysurumysurumysurumysururaichurraichurraichurraichurraichurramanagararamanagararamanagararamanagararamanagarashivamoggashivamoggashivamoggashivamoggashivamoggatumakurutumakurutumakurutumakurutumakuruudupiudupiudupiudupiudupiuttara kannadauttara kannadauttara kannadauttara kannadauttara kannadavijayapuravijayapuravijayapuravijayapuravijayapurayadgiryadgiryadgiryadgiryadgiralmoraalmoraalmoraalmoraalmorabageshwarbageshwarbageshwarbageshwarbageshwarchamolichamolichamolichamolichamolichampawatchampawatchampawatchampawatchampawatdehradundehradundehradundehradundehradunhardwarhardwarhardwarhardwarhardwarnainitalnainitalnainitalnainitalnainitalpauri garhwalpauri garhwalpauri garhwalpauri garhwalpauri garhwalpithoragarhpithoragarhpithoragarhpithoragarhpithoragarhrudra prayagrudra prayagrudra prayagrudra prayagrudra prayagtehri garhwaltehri garhwaltehri garhwaltehri garhwaltehri garhwaludham singh nagarudham singh nagarudham singh nagarudham singh nagarudham singh nagaruttar kashiuttar kashiuttar kashiuttar kashiuttar kashispsr nellorespsr nellorespsr nellorespsr nellorespsr nellorevisakhapatanamvisakhapatanamvisakhapatanamvisakhapatanamvisakhapatanamparaganas northparaganas northparaganas northparaganas northparaganas northparaganas southparaganas southparaganas southparaganas southparaganas southalipurduaralipurduaralipurduaralipurduaralipurduarbankurabankurabankurabankurabankurabirbhumbirbhumbirbhumbirbhumbirbhumcoochbeharcoochbeharcoochbeharcoochbeharcoochbehardarjeelingdarjeelingdarjeelingdarjeelingdarjeelingdakshin dinajpurdakshin dinajpurdakshin dinajpurdakshin dinajpurdakshin dinajpuruttar dinajpuruttar dinajpuruttar dinajpuruttar dinajpuruttar dinajpurhooghlyhooghlyhooghlyhooghlyhooghlyhowrahhowrahhowrahhowrahhowrahjalpaigurijalpaigurijalpaigurijalpaigurijalpaigurijhargramjhargramjhargramjhargramjhargramkalimpongkalimpongkalimpongkalimpongkalimpongmaldahmaldahmaldahmaldahmaldahmedinipur eastmedinipur eastmedinipur eastmedinipur eastmedinipur eastmedinipur westmedinipur westmedinipur westmedinipur westmedinipur westmurshidabadmurshidabadmurshidabadmurshidabadmurshidabadnadianadianadianadianadiabarddhamanbarddhamanbarddhamanbarddhamanbarddhamanpuruliyapuruliyapuruliyapuruliyapuruliyaalappuzhaalappuzhaalappuzhaalappuzhaalappuzhaernakulamernakulamernakulamernakulamernakulamidukkiidukkiidukkiidukkiidukkikannurkannurkannurkannurkannurkasaragodkasaragodkasaragodkasaragodkasaragodkollamkollamkollamkollamkollamkottayamkottayamkottayamkottayamkottayamkozhikodekozhikodekozhikodekozhikodekozhikodemalappurammalappurammalappurammalappurammalappurampalakkadpalakkadpalakkadpalakkadpalakkadpathanamthittapathanamthittapathanamthittapathanamthittapathanamthittathiruvananthapuramthiruvananthapuramthiruvananthapuramthiruvananthapuramthiruvananthapuramthrissurthrissurthrissurthrissurthrissurwayanadwayanadwayanadwayanadwayanadbagalkotbagalkotbagalkotbagalkotbagalkotchikballapurachikballapurachikballapurachikballapurachikballapurachikkamagaluruchikkamagaluruchikkamagaluruchikkamagaluruchikkamagalurudavanageredavanageredavanageredavanageredavanagereyadagiriyadagiriyadagiriyadagiriyadagiriagraagraagraagraagraaligarhaligarhaligarhaligarhaligarhallahabadallahabadallahabadallahabadallahabadambedkar nagarambedkar nagarambedkar nagarambedkar nagarambedkar nagaramethiamethiamethiamethiamethiamrohaamrohaamrohaamrohaamrohaauraiyaauraiyaauraiyaauraiyaauraiyaazamgarhazamgarhazamgarhazamgarhazamgarhbaghpatbaghpatbaghpatbaghpatbaghpatbahraichbahraichbahraichbahraichbahraichballiaballiaballiaballiaballiabalrampurbalrampurbalrampurbalrampurbalrampurbandabandabandabandabandabarabankibarabankibarabankibarabankibarabankibareillybareillybareillybareillybareillybastibastibastibastibastibijnorbijnorbijnorbijnorbijnorbudaunbudaunbudaunbudaunbudaunbulandshahrbulandshahrbulandshahrbulandshahrbulandshahrchandaulichandaulichandaulichandaulichandaulichitrakootchitrakootchitrakootchitrakootchitrakootdeoriadeoriadeoriadeoriadeoriaetahetahetahetahetahetawahetawahetawahetawahetawahfaizabadfaizabadfaizabadfaizabadfaizabadfarrukhabadfarrukhabadfarrukhabadfarrukhabadfarrukhabadfatehpurfatehpurfatehpurfatehpurfatehpurfirozabadfirozabadfirozabadfirozabadfirozabadkanpur nagarkanpur nagarkanpur nagarkanpur nagarkanpur nagarghaziabadghaziabadghaziabadghaziabadghaziabadghazipurghazipurghazipurghazipurghazipurgondagondagondagondagondagorakhpurgorakhpurgorakhpurgorakhpurgorakhpurhamirpurhamirpurhamirpurhamirpurhamirpurhapurhapurhapurhapurhapurhardoihardoihardoihardoihardoihathrashathrashathrashathrashathrasjalaunjalaunjalaunjalaunjalaunjaunpurjaunpurjaunpurjaunpurjaunpurjhansijhansijhansijhansijhansikannaujkannaujkannaujkannaujkannaujkanpur dehatkanpur dehatkanpur dehatkanpur dehatkanpur dehatkasganjkasganjkasganjkasganjkasganjkaushambikaushambikaushambikaushambikaushambilakhimpur kherilakhimpur kherilakhimpur kherilakhimpur kherilakhimpur kherikushinagarkushinagarkushinagarkushinagarkushinagarlalitpurlalitpurlalitpurlalitpurlalitpurlucknowlucknowlucknowlucknowlucknowmaharajganjmaharajganjmaharajganjmaharajganjmaharajganjmahobamahobamahobamahobamahobamainpurimainpurimainpurimainpurimainpurimathuramathuramathuramathuramathuramaumaumaumaumaumeerutmeerutmeerutmeerutmeerutmirzapurmirzapurmirzapurmirzapurmirzapurmoradabadmoradabadmoradabadmoradabadmoradabadmuzaffarnagarmuzaffarnagarmuzaffarnagarmuzaffarnagarmuzaffarnagarpilibhitpilibhitpilibhitpilibhitpilibhitpratapgarhpratapgarhpratapgarhpratapgarhpratapgarhrae barelirae barelirae barelirae barelirae barelirampurrampurrampurrampurrampursaharanpursaharanpursaharanpursaharanpursaharanpursambhalsambhalsambhalsambhalsambhalsant kabeer nagarsant kabeer nagarsant kabeer nagarsant kabeer nagarsant kabeer nagarsant ravi das nagarsant ravi das nagarsant ravi das nagarsant ravi das nagarsant ravi das nagarshahajahanpurshahajahanpurshahajahanpurshahajahanpurshahajahanpurshamlishamlishamlishamlishamlishravastishravastishravastishravastishravastisiddharth nagarsiddharth nagarsiddharth nagarsiddharth nagarsiddharth nagarsitapursitapursitapursitapursitapursonbhadrasonbhadrasonbhadrasonbhadrasonbhadrasultanpursultanpursultanpursultanpursultanpurunnaounnaounnaounnaounnaovaranasivaranasivaranasivaranasivaranasiahmednagarahmednagarahmednagarahmednagarahmednagaramravatiamravatiamravatiamravatiamravatibeedbeedbeedbeedbeedbhandarabhandarabhandarabhandarabhandarachandrapurchandrapurchandrapurchandrapurchandrapurdhuledhuledhuledhuledhulegadchiroligadchiroligadchiroligadchiroligadchiroligondiagondiagondiagondiagondiakolhapurkolhapurkolhapurkolhapurkolhapurlaturlaturlaturlaturlaturnagpurnagpurnagpurnagpurnagpurnandednandednandednandednandednandurbarnandurbarnandurbarnandurbarnandurbarnashiknashiknashiknashiknashikosmanabadosmanabadosmanabadosmanabadosmanabadpalgharpalgharpalgharpalgharpalgharpunepunepunepunepuneraigadraigadraigadraigadraigadratnagiriratnagiriratnagiriratnagiriratnagirisanglisanglisanglisanglisanglisatarasatarasatarasatarasatarasindhudurgsindhudurgsindhudurgsindhudurgsindhudurgsolapursolapursolapursolapursolapurthanethanethanethanethaneanantnaganantnaganantnaganantnaganantnagbadgambadgambadgambadgambadgambandiporabandiporabandiporabandiporabandiporabaramullabaramullabaramullabaramullabaramulladodadodadodadodadodaganderbalganderbalganderbalganderbalganderbaljammujammujammujammujammukathuakathuakathuakathuakathuakishtwarkishtwarkishtwarkishtwarkishtwarkulgamkulgamkulgamkulgamkulgamkupwarakupwarakupwarakupwarakupwarapoonchpoonchpoonchpoonchpoonchpulwamapulwamapulwamapulwamapulwamarajaurirajaurirajaurirajaurirajaurirambanrambanrambanrambanrambanreasireasireasireasireasisambasambasambasambasambashopianshopianshopianshopianshopiansrinagarsrinagarsrinagarsrinagarsrinagarudhampurudhampurudhampurudhampurudhampurahmadabadahmadabadahmadabadahmadabadahmadabadanandanandanandanandanandaravalliaravalliaravalliaravalliaravallibharuchbharuchbharuchbharuchbharuchchhotaudepurchhotaudepurchhotaudepurchhotaudepurchhotaudepurdangdangdangdangdangdohaddohaddohaddohaddohadgandhinagargandhinagargandhinagargandhinagargandhinagarkhedakhedakhedakhedakhedamahesanamahesanamahesanamahesanamahesanamahisagarmahisagarmahisagarmahisagarmahisagarnarmadanarmadanarmadanarmadanarmadanavsarinavsarinavsarinavsarinavsaripanch mahalspanch mahalspanch mahalspanch mahalspanch mahalssabar kanthasabar kanthasabar kanthasabar kanthasabar kanthasuratsuratsuratsuratsuratsurendranagarsurendranagarsurendranagarsurendranagarsurendranagartapitapitapitapitapivadodaravadodaravadodaravadodaravadodaravalsadvalsadvalsadvalsadvalsadajmerajmerajmerajmerajmeralwaralwaralwaralwaralwarbanswarabanswarabanswarabanswarabanswarabaranbaranbaranbaranbaranbharatpurbharatpurbharatpurbharatpurbharatpurbhilwarabhilwarabhilwarabhilwarabhilwarabundibundibundibundibundichittorgarhchittorgarhchittorgarhchittorgarhchittorgarhdholpurdholpurdholpurdholpurdholpurdungarpurdungarpurdungarpurdungarpurdungarpurganganagarganganagarganganagarganganagarganganagarhanumangarhhanumangarhhanumangarhhanumangarhhanumangarhjhalawarjhalawarjhalawarjhalawarjhalawarkaraulikaraulikaraulikaraulikaraulikotakotakotakotakotarajsamandrajsamandrajsamandrajsamandrajsamandsawai madhopursawai madhopursawai madhopursawai madhopursawai madhopurtonktonktonktonktonkudaipurudaipurudaipurudaipurudaipurarariaarariaarariaarariaarariaarwalarwalarwalarwalarwalaurangabadaurangabadaurangabadaurangabadaurangabadbankabankabankabankabankabegusaraibegusaraibegusaraibegusaraibegusaraibhagalpurbhagalpurbhagalpurbhagalpurbhagalpurbhojpurbhojpurbhojpurbhojpurbhojpurbuxarbuxarbuxarbuxarbuxardarbhangadarbhangadarbhangadarbhangadarbhangagayagayagayagayagayagopalganjgopalganjgopalganjgopalganjgopalganjjamuijamuijamuijamuijamuijehanabadjehanabadjehanabadjehanabadjehanabadkaimurkaimurkaimurkaimurkaimurkatiharkatiharkatiharkatiharkatiharkatiharkhagariakhagariakhagariakhagariakhagariakishanganjkishanganjkishanganjkishanganjkishanganjlakhisarailakhisarailakhisarailakhisarailakhisaraimadhepuramadhepuramadhepuramadhepuramadhepuramadhubanimadhubanimadhubanimadhubanimadhubanimungermungermungermungermungermuzaffarpurmuzaffarpurmuzaffarpurmuzaffarpurmuzaffarpurnalandanalandanalandanalandanalandanawadanawadanawadanawadanawadapashchim champaranpashchim champaranpashchim champaranpashchim champaranpashchim champaranpatnapatnapatnapatnapatnapurbi champaranpurbi champaranpurbi champaranpurbi champaranpurbi champaranpurniapurniapurniapurniapurniarohtasrohtasrohtasrohtasrohtassaharsasaharsasaharsasaharsasaharsasamastipursamastipursamastipursamastipursamastipursaransaransaransaransaransheikhpurasheikhpurasheikhpurasheikhpurasheikhpurasheoharsheoharsheoharsheoharsheoharsitamarhisitamarhisitamarhisitamarhisitamarhisiwansiwansiwansiwansiwansupaulsupaulsupaulsupaulsupaulvaishalivaishalivaishalivaishalivaishalidinajpur dakshindinajpur dakshindinajpur dakshindinajpur dakshindinajpur dakshindinajpur uttardinajpur uttardinajpur uttardinajpur uttardinajpur uttarpaschim bardhamanpaschim bardhamanpaschim bardhamanpaschim bardhamanpaschim bardhamanpurba bardhamanpurba bardhamanpurba bardhamanpurba bardhamanpurba bardhamanpuruliapuruliapuruliapuruliapurulianagapattinamnagapattinamnagapattinamnagapattinamnagapattinamvirudunagarvirudunagarvirudunagarvirudunagarvirudunagaranugulanugulanugulanugulanugulbalangirbalangirbalangirbalangirbalangirbaleshwarbaleshwarbaleshwarbaleshwarbaleshwarbargarhbargarhbargarhbargarhbargarhbhadrakbhadrakbhadrakbhadrakbhadrakboudhboudhboudhboudhboudhcuttackcuttackcuttackcuttackcuttackdeogarhdeogarhdeogarhdeogarhdeogarhdhenkanaldhenkanaldhenkanaldhenkanaldhenkanalgajapatigajapatigajapatigajapatigajapatiganjamganjamganjamganjamganjamjagatsinghapurjagatsinghapurjagatsinghapurjagatsinghapurjagatsinghapurjajapurjajapurjajapurjajapurjajapurjharsugudajharsugudajharsugudajharsugudajharsugudakalahandikalahandikalahandikalahandikalahandikandhamalkandhamalkandhamalkandhamalkandhamalkendraparakendraparakendraparakendraparakendraparakendujharkendujharkendujharkendujharkendujharkhordhakhordhakhordhakhordhakhordhakoraputkoraputkoraputkoraputkoraputmalkangirimalkangirimalkangirimalkangirimalkangirimayurbhanjmayurbhanjmayurbhanjmayurbhanjmayurbhanjnabarangpurnabarangpurnabarangpurnabarangpurnabarangpurnayagarhnayagarhnayagarhnayagarhnayagarhnuapadanuapadanuapadanuapadanuapadapuripuripuripuripurirayagadarayagadarayagadarayagadarayagadasambalpursambalpursambalpursambalpursambalpursonepursonepursonepursonepursonepursundargarhsundargarhsundargarhsundargarhsundargarhbaksabaksabaksabaksabaksabarpetabarpetabarpetabarpetabarpetabongaigaonbongaigaonbongaigaonbongaigaonbongaigaoncacharcacharcacharcacharcacharchirangchirangchirangchirangchirangdarrangdarrangdarrangdarrangdarrangdhemajidhemajidhemajidhemajidhemajidhubridhubridhubridhubridhubridibrugarhdibrugarhdibrugarhdibrugarhdibrugarhdima hasaodima hasaodima hasaodima hasaodima hasaogoalparagoalparagoalparagoalparagoalparagolaghatgolaghatgolaghatgolaghatgolaghathailakandihailakandihailakandihailakandihailakandijorhatjorhatjorhatjorhatjorhatkamrupkamrupkamrupkamrupkamrupkarbi anglongkarbi anglongkarbi anglongkarbi anglongkarbi anglongkarimganjkarimganjkarimganjkarimganjkarimganjkokrajharkokrajharkokrajharkokrajharkokrajharlakhimpurlakhimpurlakhimpurlakhimpurlakhimpurmorigaonmorigaonmorigaonmorigaonmorigaonnagaonnagaonnagaonnagaonnagaonnalbarinalbarinalbarinalbarinalbarisivasagarsivasagarsivasagarsivasagarsivasagarsonitpursonitpursonitpursonitpursonitpurtinsukiatinsukiatinsukiatinsukiatinsukiaudalguriudalguriudalguriudalguriudalguribokarobokarobokarobokarobokarochatrachatrachatrachatrachatradeoghardeoghardeoghardeoghardeoghardhanbaddhanbaddhanbaddhanbaddhanbaddumkadumkadumkadumkadumkaeast singhbumeast singhbumeast singhbumeast singhbumeast singhbumgarhwagarhwagarhwagarhwagarhwagiridihgiridihgiridihgiridihgiridihgoddagoddagoddagoddagoddagumlagumlagumlagumlagumlahazaribaghhazaribaghhazaribaghhazaribaghhazaribaghjamtarajamtarajamtarajamtarajamtarakhuntikhuntikhuntikhuntikhuntikodermakodermakodermakodermakodermalateharlateharlateharlateharlateharlohardagalohardagalohardagalohardagalohardagapakurpakurpakurpakurpakurpalamupalamupalamupalamupalamuramgarhramgarhramgarhramgarhramgarhranchiranchiranchiranchiranchisahibganjsahibganjsahibganjsahibganjsahibganjsaraikelakharsawansaraikelakharsawansaraikelakharsawansaraikelakharsawansaraikelakharsawansimdegasimdegasimdegasimdegasimdegawest singhbhumwest singhbhumwest singhbhumwest singhbhumwest singhbhumbilaspurbilaspurbilaspurbilaspurbilaspurchambachambachambachambachambakangrakangrakangrakangrakangrakinnaurkinnaurkinnaurkinnaurkinnaurkullukullukullukullukullumandimandimandimandimandishimlashimlashimlashimlashimlasirmaursirmaursirmaursirmaursirmaursolansolansolansolansolanunaunaunaunaunakaimur (bhabua)kaimur (bhabua)kaimur (bhabua)kaimur (bhabua)kaimur (bhabua)baloda bazarbaloda bazarbaloda bazarbaloda bazarbaloda bazaruttar bastar kankeruttar bastar kankeruttar bastar kankeruttar bastar kankeruttar bastar kankerbemetarabemetarabemetarabemetarabemetarabijapurbijapurbijapurbijapurbijapurdantewadadantewadadantewadadantewadadantewadadhamtaridhamtaridhamtaridhamtaridhamtaridurgdurgdurgdurgdurggariabandgariabandgariabandgariabandgariabandjanjgirchampajanjgirchampajanjgirchampajanjgirchampajanjgirchampajashpurjashpurjashpurjashpurjashpurkabirdhamkabirdhamkabirdhamkabirdhamkabirdhamkondagaonkondagaonkondagaonkondagaonkondagaonkorbakorbakorbakorbakorbakoreakoreakoreakoreakoreamahasamundmahasamundmahasamundmahasamundmahasamundmungelimungelimungelimungelimungelinarayanpurnarayanpurnarayanpurnarayanpurnarayanpurraigarhraigarhraigarhraigarhraigarhraipurraipurraipurraipurraipurrajnandgaonrajnandgaonrajnandgaonrajnandgaonrajnandgaonsukmasukmasukmasukmasukmasurajpursurajpursurajpursurajpursurajpursurgujasurgujasurgujasurgujasurgujalahul and spitilahul and spitilahul and spitilahul and spitilahul and spitiarvalliarvalliarvalliarvalliarvallibanas kanthabanas kanthabanas kanthabanas kanthabanas kanthadevbhumi dwarkadevbhumi dwarkadevbhumi dwarkadevbhumi dwarkadevbhumi dwarkakachchhkachchhkachchhkachchhkachchhpatanpatanpatanpatanpatanrajkotrajkotrajkotrajkotrajkotahmadnagarahmadnagarahmadnagarahmadnagarahmadnagarakolaakolaakolaakolaakolabuldhanabuldhanabuldhanabuldhanabuldhanahingolihingolihingolihingolihingolijalgaonjalgaonjalgaonjalgaonjalgaonjalnajalnajalnajalnajalnaparbhaniparbhaniparbhaniparbhaniparbhaniwashimwashimwashimwashimwashimyavatmalyavatmalyavatmalyavatmalyavatmalagar malwaagar malwaagar malwaagar malwaagar malwaalirajpuralirajpuralirajpuralirajpuralirajpuranuppuranuppuranuppuranuppuranuppurashoknagarashoknagarashoknagarashoknagarashoknagarbalaghatbalaghatbalaghatbalaghatbalaghatbarwanibarwanibarwanibarwanibarwanibetulbetulbetulbetulbetulbhopalbhopalbhopalbhopalbhopalburhanpurburhanpurburhanpurburhanpurburhanpurchhatarpurchhatarpurchhatarpurchhatarpurchhatarpurchhindwarachhindwarachhindwarachhindwarachhindwaradamohdamohdamohdamohdamohdatiadatiadatiadatiadatiadewasdewasdewasdewasdewasdhardhardhardhardhardindoridindoridindoridindoridindorigunagunagunagunagunagwaliorgwaliorgwaliorgwaliorgwaliorhardahardahardahardahardahoshangabadhoshangabadhoshangabadhoshangabadhoshangabadindoreindoreindoreindoreindorejabalpurjabalpurjabalpurjabalpurjabalpurjhabuajhabuajhabuajhabuajhabuakatnikatnikatnikatnikatnikhandwakhandwakhandwakhandwakhandwakhargonekhargonekhargonekhargonekhargonemandlamandlamandlamandlamandlamandsaurmandsaurmandsaurmandsaurmandsaurmorenamorenamorenamorenamorenanarsinghpurnarsinghpurnarsinghpurnarsinghpurnarsinghpurneemuchneemuchneemuchneemuchneemuchpannapannapannapannapannaraisenraisenraisenraisenraisenrajgarhrajgarhrajgarhrajgarhrajgarhratlamratlamratlamratlamratlamrewarewarewarewarewasagarsagarsagarsagarsagarsatnasatnasatnasatnasatnasehoresehoresehoresehoresehoreseoniseoniseoniseoniseonishahdolshahdolshahdolshahdolshahdolshajapurshajapurshajapurshajapurshajapursheopursheopursheopursheopursheopurshivpurishivpurishivpurishivpurishivpurisidhisidhisidhisidhisidhisingraulisingraulisingraulisingraulisingraulitikamgarhtikamgarhtikamgarhtikamgarhtikamgarhujjainujjainujjainujjainujjainumariaumariaumariaumariaumariavidishavidishavidishavidishavidishabarmerbarmerbarmerbarmerbarmerchittaurgarhchittaurgarhchittaurgarhchittaurgarhchittaurgarhchuruchuruchuruchuruchurudausadausadausadausadausajaipurjaipurjaipurjaipurjaipurjalorejalorejalorejalorejalorejodhpurjodhpurjodhpurjodhpurjodhpurnagaurnagaurnagaurnagaurnagaurpalipalipalipalipalisikarsikarsikarsikarsikarsirohisirohisirohisirohisirohiharidwarharidwarharidwarharidwarharidwarudam singh nagarudam singh nagarudam singh nagarudam singh nagarudam singh nagarkanchipuramkanchipuramkanchipuramkanchipuramkanchipuramvillupuramvillupuramvillupuramvillupuramvillupurambhindbhindbhindbhindbhindbagalkotebagalkotebagalkotebagalkotebagalkotebuldanabuldanabuldanabuldanabuldanawardhawardhawardhawardhawardhasahebganjsahebganjsahebganjsahebganjsahebganjsaraikela kharsawansaraikela kharsawansaraikela kharsawansaraikela kharsawansaraikela kharsawangautam buddha nagargautam buddha nagargautam buddha nagargautam buddha nagargautam buddha nagarkherikherikherikherikherikushi nagarkushi nagarkushi nagarkushi nagarkushi nagarsant ravidas nagarsant ravidas nagarsant ravidas nagarsant ravidas nagarsant ravidas nagarmahendragarhmahendragarhmahendragarhmahendragarhmahendragarhjamnagarjamnagarjamnagarjamnagarjamnagarchamrajnagarchamrajnagarchamrajnagarchamrajnagarchamrajnagartumkurtumkurtumkurtumkurtumkurbalodbalodbalodbalodbalodbastarbastarbastarbastarbastargariyabandgariyabandgariyabandgariyabandgariyabandjanjgir-champajanjgir-champajanjgir-champajanjgir-champajanjgir-champakankerkankerkankerkankerkankeramreliamreliamreliamreliamrelibhavnagarbhavnagarbhavnagarbhavnagarbhavnagarbotadbotadbotadbotadbotadgir somnathgir somnathgir somnathgir somnathgir somnathjunagadhjunagadhjunagadhjunagadhjunagadhmorbimorbimorbimorbimorbikamrup metrokamrup metrokamrup metrokamrup metrokamrup metromarigaonmarigaonmarigaonmarigaonmarigaonbikanerbikanerbikanerbikanerbikanerjaisalmerjaisalmerjaisalmerjaisalmerjaisalmerjhunjhununjhunjhununjhunjhununjhunjhununjhunjhununshahjahanpurshahjahanpurshahjahanpurshahjahanpurshahjahanpurnicobarsnicobarsnicobarsnicobarsnicobarsnorth and middle andamannorth and middle andamannorth and middle andamannorth and middle andamannorth and middle andamansouth andamanssouth andamanssouth andamanssouth andamanssouth andamansanjawanjawanjawanjawanjawchanglangchanglangchanglangchanglangchanglangdibang valleydibang valleydibang valleydibang valleydibang valleyeast kamengeast kamengeast kamengeast kamengeast kamengeast siangeast siangeast siangeast siangeast siangkra daadikra daadikra daadikra daadikra daadikurung kumeykurung kumeykurung kumeykurung kumeykurung kumeylohitlohitlohitlohitlohitlongdinglongdinglongdinglongdinglongdinglower dibang valleylower dibang valleylower dibang valleylower dibang valleylower dibang valleylower subansirilower subansirilower subansirilower subansirilower subansirinamsainamsainamsainamsainamsaipapum parepapum parepapum parepapum parepapum paresiangsiangsiangsiangsiangtawangtawangtawangtawangtawangtiraptiraptiraptiraptirapupper siangupper siangupper siangupper siangupper siangupper subansiriupper subansiriupper subansiriupper subansiriupper subansiriwest kamengwest kamengwest kamengwest kamengwest kamengwest siangwest siangwest siangwest siangwest siangchandigarhchandigarhchandigarhchandigarhchandigarhdadra and nagar havelidadra and nagar havelidadra and nagar havelidadra and nagar havelidadra and nagar havelibishnupurbishnupurbishnupurbishnupurbishnupurchandelchandelchandelchandelchandelchurachandpurchurachandpurchurachandpurchurachandpurchurachandpurimphal eastimphal eastimphal eastimphal eastimphal eastimphal westimphal westimphal westimphal westimphal westsenapatisenapatisenapatisenapatisenapatitamenglongtamenglongtamenglongtamenglongtamenglongthoubalthoubalthoubalthoubalthoubalukhrulukhrulukhrulukhrulukhruleast garo hillseast garo hillseast garo hillseast garo hillseast garo hillseast jaintia hillseast jaintia hillseast jaintia hillseast jaintia hillseast jaintia hillseast khasi hillseast khasi hillseast khasi hillseast khasi hillseast khasi hillsnorth garo hillsnorth garo hillsnorth garo hillsnorth garo hillsnorth garo hillsri bhoiri bhoiri bhoiri bhoiri bhoisouth garo hillssouth garo hillssouth garo hillssouth garo hillssouth garo hillssouth west garo hillssouth west garo hillssouth west garo hillssouth west garo hillssouth west garo hillssouth west khasi hillssouth west khasi hillssouth west khasi hillssouth west khasi hillssouth west khasi hillswest garo hillswest garo hillswest garo hillswest garo hillswest garo hillswest jaintia hillswest jaintia hillswest jaintia hillswest jaintia hillswest jaintia hillswest khasi hillswest khasi hillswest khasi hillswest khasi hillswest khasi hillsaizawlaizawlaizawlaizawlaizawlchamphaichamphaichamphaichamphaichamphaikolasibkolasibkolasibkolasibkolasiblawngtlailawngtlailawngtlailawngtlailawngtlailungleilungleilungleilungleilungleimamitmamitmamitmamitmamitsaihasaihasaihasaihasaihaserchhipserchhipserchhipserchhipserchhipdimapurdimapurdimapurdimapurdimapurkiphirekiphirekiphirekiphirekiphirekohimakohimakohimakohimakohimalonglenglonglenglonglenglonglenglonglengmokokchungmokokchungmokokchungmokokchungmokokchungmonmonmonmonmonperenperenperenperenperenphekphekphekphekphektuensangtuensangtuensangtuensangtuensangwokhawokhawokhawokhawokhazunhebotozunhebotozunhebotozunhebotozunhebotokaraikalkaraikalkaraikalkaraikalkaraikalpondicherrypondicherrypondicherrypondicherrypondicherryyanamyanamyanamyanamyanameast districteast districteast districteast districteast districtnorth districtnorth districtnorth districtnorth districtnorth districtsouth districtsouth districtsouth districtsouth districtsouth districtwest districtwest districtwest districtwest districtwest districtadilabadadilabadadilabadadilabadadilabadbhadradribhadradribhadradribhadradribhadradrihanumakondahanumakondahanumakondahanumakondahanumakondajagitialjagitialjagitialjagitialjagitialjangoanjangoanjangoanjangoanjangoanjayashankarjayashankarjayashankarjayashankarjayashankarjogulambajogulambajogulambajogulambajogulambakamareddykamareddykamareddykamareddykamareddykarimnagarkarimnagarkarimnagarkarimnagarkarimnagarkhammamkhammamkhammamkhammamkhammamkomaram bheem asifabadkomaram bheem asifabadkomaram bheem asifabadkomaram bheem asifabadkomaram bheem asifabadmahabubabadmahabubabadmahabubabadmahabubabadmahabubabadmahbubnagarmahbubnagarmahbubnagarmahbubnagarmahbubnagarmancherialmancherialmancherialmancherialmancherialmedakmedakmedakmedakmedakmedchal malkajgirimedchal malkajgirimedchal malkajgirimedchal malkajgirimedchal malkajgirinagarkurnoolnagarkurnoolnagarkurnoolnagarkurnoolnagarkurnoolnalgondanalgondanalgondanalgondanalgondanirmalnirmalnirmalnirmalnirmalnizamabadnizamabadnizamabadnizamabadnizamabadpeddapallipeddapallipeddapallipeddapallipeddapallirajannarajannarajannarajannarajannarangareddirangareddirangareddirangareddirangareddisangareddysangareddysangareddysangareddysangareddysiddipetsiddipetsiddipetsiddipetsiddipetsuryapetsuryapetsuryapetsuryapetsuryapetvikarabadvikarabadvikarabadvikarabadvikarabadwanaparthywanaparthywanaparthywanaparthywanaparthywarangalwarangalwarangalwarangalwarangalyadadriyadadriyadadriyadadriyadadridhalaidhalaidhalaidhalaidhalaigomatigomatigomatigomatigomatikhowaikhowaikhowaikhowaikhowainorth tripuranorth tripuranorth tripuranorth tripuranorth tripurasepahijalasepahijalasepahijalasepahijalasepahijalasouth tripurasouth tripurasouth tripurasouth tripurasouth tripuraunakotiunakotiunakotiunakotiunakotiwest tripurawest tripurawest tripurawest tripurawest tripura,ricemaizebajraragijowarricemaizebajraragijowarricemaizebajraragijowarricemaizebajraragijowarricemaizebajraragijowarricemaizebajraragijowarricemaizebajraragijowarricemaizebajraragijowarricemaizebajraragijowarricemaizebajraragijowarricemaizebajraragijowarricemaizebajraragijowarricemaizebajraragijowarricemaizebajraragijowarricemaizebajraragijowarricemaizebajraragijowarricemaizebajraragijowarricemaizebajraragijowarricemaizebajraragijowarricemaizebajraragijowarricemaizebajraragijowarricemaizebajraragijowarricemaizebajraragijowarricemaizebajraragijowarricemaizebajraragijowarricemaizebajraragijowarricemaizebajraragijowarricemaizebajraragijowarricemaizebajraragijowarricemaizebajraragijowarricemaizebajraragijowarricemaizebajraragijowarricemaizebajraragijowarricemaizebajraragijowarricemaizebajraragijowarricemaizebajraragijowarricemaizebajraragijowarricemaizebajraragijowarricemaizebajraragijowarricemaizebajraragijowarricemaizebajraragijowarricemaizebajraragijowarricemaizebajraragijowarricemaizebajraragijowarricemaizebajraragijowarricemaizebajraragijowarricemaizebajraragijowarricemaizebajraragijowarricemaizebajraragijowarricemaizebajraragijowarricemaizebajraragijowarricemaizebajraragijowarricemaizebajraragijowarricemaizebajraragijowarricemaizebajraragijowarricemaizebajraragijowarricemaizebajraragijowarricemaizebajraragijowarricemaizebajraragijowarricemaizebajraragijowarricemaizebajraragijowarricemaizebajraragijowarricemaizebajraragijowarricemaizebajraragijowarricemaizebajraragijowarricemaizebajraragijowarricemaizebajraragijowarricemaizebajraragijowarricemaizebajraragijowarricemaizebajraragijowarricemaizebajraragijowarricemaizebajraragijowarricemaizebajraragijowarricemaizebajraragijowarricemaizebajraragijowarricemaizebajraragijowarricemaizebajraragijowarricemaizebajraragijowarricemaizebajraragijowarricemaizebajraragijowarricemaizebajraragijowarricemaizebajraragijowarricemaizebajraragijowarricemaizebajraragijowarricemaizebajraragijowarricemaizebajraragijowarricemaizebajraragijowarricemaizebajraragijowarricemaizebajraragijowarricemaizebajraragijowarricemaizebajraragijowarricemaizebajraragijowarricemaizebajraragijowarricemaizebajraragijowarricemaizebajraragijowarricemaizebajraragijowarricemaizebajraragijowarricemaizebajraragijowarricemaizebajraragijowarricemaizebajraragijowarricemaizebajraragijowarricemaizebajraragijowarricemaizebajraragijowarricemaizebajraragijowarricemaizebajraragijowarricemaizebajraragijowarricemaizebajraragijowarricemaizebajraragijowarricemaizebajraragijowarricemaizebajraragijowarricemaizebajraragijowarricemaizebajraragijowarricemaizebajraragijowarricemaizebajraragijowarricemaizebajraragijowarricemaizebajraragijowarricemaizebajraragijowarricemaizebajraragijowarricemaizebajraragijowarricemaizebajraragijowarricemaizebajraragijowarricemaizebajraragijowarricemaizebajraragijowarricemaizebajraragijowarricemaizebajraragijowarricemaizebajraragijowarricemaizebajraragijowarricemaizebajraragijowarricemaizebajraragijowarricemaizebajraragijowarricemaizebajraragijowarricemaizebajraragijowarricemaizebajraragijowarricemaizebajraragijowarricemaizebajraragijowarricemaizebajraragijowarricemaizebajraragijowarricemaizebajraragijowarricemaizebajraragijowarricemaizebajraragijowarricemaizebajraragijowarricemaizebajraragijowarricemaizebajraragijowarricemaizebajraragijowarricemaizebajraragijowarricemaizebajraragijowarricemaizebajraragijowarricemaizebajraragijowarricemaizebajraragijowarricemaizebajraragijowarricemaizebajraragijowarricemaizebajraragijowarricemaizebajraragijowarricemaizebajraragijowarricemaizebajraragijowarricemaizebajraragijowarricemaizebajraragijowarricemaizebajraragijowarricemaizebajraragijowarricemaizebajraragijowarricemaizebajraragijowarricemaizebajraragijowarricemaizebajraragijowarricemaizebajraragijowarricemaizebajraragijowarricemaizebajraragijowarricemaizebajraragijowarricemaizebajraragijowarricemaizebajraragijowarricemaizebajraragijowarricemaizebajraragijowarricemaizebajraragijowarricemaizebajraragijowarricemaizebajraragijowarricemaizebajraragijowarricemaizebajraragijowarricemaizebajraragijowarricemaizebajraragijowarricemaizebajraragijowarricemaizebajraragijowarricemaizebajraragijowarricemaizebajraragijowarricemaizebajraragijowarricemaizebajraragijowarricemaizebajraragijowarricemaizebajraragijowarricemaizebajraragijowarricemaizebajraragijowarricemaizebajraragijowarricemaizebajraragijowarricemaizebajraragijowarricemaizebajraragijowarricemaizebajraragijowarricemaizebajraragijowarricemaizebajraragijowarricemaizebajraragijowarricemaizebajraragijowarricemaizebajraragijowarricemaizebajraragijowarricemaizebajraragijowarricemaizebajraragijowarricemaizebajraragijowarricemaizebajraragijowarricemaizebajraragijowarricemaizebajraragijowarricemaizebajraragijowarricemaizebajraragijowarricemaizebajraragijowarricemaizebajraragijowarricemaizebajraragijowarricemaizebajraragijowarricemaizebajraragijowarricemaizebajraragijowarricemaizebajraragijowarricemaizebajraragijowarricemaizebajraragijowarricemaizebajraragijowarricemaizebajraragijowarricemaizebajraragijowarricemaizebajraragijowarricemaizebajraragijowarricemaizebajraragijowarricemaizebajraragijowarricemaizebajraragijowarricemaizebajraragijowarricemaizebajraragijowarricemaizebajraragijowarricemaizebajraragijowarricemaizebajraragijowarricemaizebajraragijowarricemaizebajraragijowarricemaizebajraragijowarricemaizebajraragijowarricemaizebajraragijowarricemaizebajraragijowarricemaizebajraragijowarricemaizebajraragijowarricemaizebajraragijowarricemaizebajraragijowarricemaizebajraragijowarricemaizebajraragijowarricemaizebajraragijowarricemaizebajraragijowarricemaizebajraragijowarricemaizebajraragijowarricemaizebajraragijowarricemaizebajraragijowarricemaizebajraragijowarricemaizebajraragijowarricemaizebajraragijowarricemaizebajraragijowarricemaizebajraragijowarricemaizebajraragijowarricemaizebajraragijowarricemaizebajraragijowarricemaizebajraragijowarricemaizebajraragijowarricemaizebajraragijowarricemaizebajraragijowarricemaizebajraragijowarricemaizebajraragijowarricemaizebajraragijowarricemaizebajraragijowarricemaizebajraragijowarricemaizebajraragijowarricemaizebajraragijowarricemaizebajraragijowarricemaizebajraragijowarricemaizebajraragijowarricemaizebajraragijowarricemaizebajraragijowarricemaizebajraragijowarricemaizebajraragijowarricemaizebajraragijowarricemaizebajraragijowarricemaizebajraragijowarricemaizebajraragijowarricemaizebajraragijowarricemaizebajraragijowarricemaizebajraragijowarricemaizebajraragijowarricemaizebajraragijowarricemaizebajraragijowarricemaizebajraragijowarricemaizebajraragijowarricemaizebajraragijowarricemaizebajraragijowarricemaizebajraragijowarricemaizebajraragijowarricemaizebajraragijowarricemaizebajraragijowarricemaizebajraragijowarricemaizebajraragijowarricemaizebajraragijowarricemaizebajraragijowarricemaizebajraragijowarricemaizebajraragijowarricemaizebajraragijowarricemaizebajraragijowarricemaizebajraragijowarricemaizebajraragijowarricemaizebajraragijowarricemaizebajraragijowarricemaizebajraragijowarricemaizebajraragijowarricemaizebajraragijowarricemaizebajraragijowarricemaizebajraragijowarricemaizebajraragijowarricemaizebajraragijowarricemaizebajraragijowarricemaizebajraragijowarricemaizebajraragijowarricemaizebajraragijowarricemaizebajraragijowarricemaizebajraragijowarricemaizebajraragijowarricemaizebajraragijowarricemaizebajraragijowarricemaizebajraragijowarricemaizebajraragijowarricemaizebajraragijowarricemaizebajraragijowarricemaizebajraragijowarricemaizebajraragijowarricemaizebajraragijowarricemaizebajraragijowarricemaizebajraragijowarricemaizebajraragijowarricemaizebajraragijowarricemaizebajraragijowarricemaizebajraragijowarricemaizebajraragijowarricemaizebajraragijowarricemaizebajraragijowarricemaizebajraragijowarricemaizebajraragijowarricemaizebajraragijowarricemaizebajraragijowarricemaizebajraragijowarricemaizebajraragijowarricemaizemaizebajraragijowarricemaizebajraragijowarricemaizebajraragijowarricemaizebajraragijowarricemaizebajraragijowarricemaizebajraragijowarricemaizebajraragijowarricemaizebajraragijowarricemaizebajraragijowarricemaizebajraragijowarricemaizebajraragijowarricemaizebajraragijowarricemaizebajraragijowarricemaizebajraragijowarricemaizebajraragijowarricemaizebajraragijowarricemaizebajraragijowarricemaizebajraragijowarricemaizebajraragijowarricemaizebajraragijowarricemaizebajraragijowarricemaizebajraragijowarricemaizebajraragijowarricemaizebajraragijowarricemaizebajraragijowarricemaizebajraragijowarricemaizebajraragijowarricemaizebajraragijowarricemaizebajraragijowarricemaizebajraragijowarricemaizebajraragijowarricemaizebajraragijowarricemaizebajraragijowarricemaizebajraragijowarricemaizebajraragijowarricemaizebajraragijowarricemaizebajraragijowarricemaizebajraragijowarricemaizebajraragijowarricemaizebajraragijowarricemaizebajraragijowarricemaizebajraragijowarricemaizebajraragijowarricemaizebajraragijowarricemaizebajraragijowarricemaizebajraragijowarricemaizebajraragijowarricemaizebajraragijowarricemaizebajraragijowarricemaizebajraragijowarricemaizebajraragijowarricemaizebajraragijowarricemaizebajraragijowarricemaizebajraragijowarricemaizebajraragijowarricemaizebajraragijowarricemaizebajraragijowarricemaizebajraragijowarricemaizebajraragijowarricemaizebajraragijowarricemaizebajraragijowarricemaizebajraragijowarricemaizebajraragijowarricemaizebajraragijowarricemaizebajraragijowarricemaizebajraragijowarricemaizebajraragijowarricemaizebajraragijowarricemaizebajraragijowarricemaizebajraragijowarricemaizebajraragijowarricemaizebajraragijowarricemaizebajraragijowarricemaizebajraragijowarricemaizebajraragijowarricemaizebajraragijowarricemaizebajraragijowarricemaizebajraragijowarricemaizebajraragijowarricemaizebajraragijowarricemaizebajraragijowarricemaizebajraragijowarricemaizebajraragijowarricemaizebajraragijowarricemaizebajraragijowarricemaizebajraragijowarricemaizebajraragijowarricemaizebajraragijowarricemaizebajraragijowarricemaizebajraragijowarricemaizebajraragijowarricemaizebajraragijowarricemaizebajraragijowarricemaizebajraragijowarricemaizebajraragijowarricemaizebajraragijowarricemaizebajraragijowarricemaizebajraragijowarricemaizebajraragijowarricemaizebajraragijowarricemaizebajraragijowarricemaizebajraragijowarricemaizebajraragijowarricemaizebajraragijowarricemaizebajraragijowarricemaizebajraragijowarricemaizebajraragijowarricemaizebajraragijowarricemaizebajraragijowarricemaizebajraragijowarricemaizebajraragijowarricemaizebajraragijowarricemaizebajraragijowarricemaizebajraragijowarricemaizebajraragijowarricemaizebajraragijowarricemaizebajraragijowarricemaizebajraragijowarricemaizebajraragijowarricemaizebajraragijowarricemaizebajraragijowarricemaizebajraragijowarricemaizebajraragijowarricemaizebajraragijowarricemaizebajraragijowarricemaizebajraragijowarricemaizebajraragijowarricemaizebajraragijowarricemaizebajraragijowarricemaizebajraragijowarricemaizebajraragijowarricemaizebajraragijowarricemaizebajraragijowarricemaizebajraragijowarricemaizebajraragijowarricemaizebajraragijowarricemaizebajraragijowarricemaizebajraragijowarricemaizebajraragijowarricemaizebajraragijowarricemaizebajraragijowarricemaizebajraragijowarricemaizebajraragijowarricemaizebajraragijowarricemaizebajraragijowarricemaizebajraragijowarricemaizebajraragijowarricemaizebajraragijowarricemaizebajraragijowarricemaizebajraragijowarricemaizebajraragijowarricemaizebajraragijowarricemaizebajraragijowarricemaizebajraragijowarricemaizebajraragijowarricemaizebajraragijowarricemaizebajraragijowarricemaizebajraragijowarricemaizebajraragijowarricemaizebajraragijowarricemaizebajraragijowarricemaizebajraragijowarricemaizebajraragijowarricemaizebajraragijowarricemaizebajraragijowarricemaizebajraragijowarricemaizebajraragijowarricemaizebajraragijowarricemaizebajraragijowarricemaizebajraragijowarricemaizebajraragijowarricemaizebajraragijowarricemaizebajraragijowarricemaizebajraragijowarricemaizebajraragijowarricemaizebajraragijowarricemaizebajraragijowarricemaizebajraragijowarricemaizebajraragijowarricemaizebajraragijowarricemaizebajraragijowarricemaizebajraragijowarricemaizebajraragijowarricemaizebajraragijowarricemaizebajraragijowarricemaizebajraragijowarricemaizebajraragijowarricemaizebajraragijowarricemaizebajraragijowarricemaizebajraragijowarricemaizebajraragijowarricemaizebajraragijowarricemaizebajraragijowarricemaizebajraragijowarricemaizebajraragijowarricemaizebajraragijowarricemaizebajraragijowarricemaizebajraragijowarricemaizebajraragijowarricemaizebajraragijowarricemaizebajraragijowarricemaizebajraragijowarricemaizebajraragijowarricemaizebajraragijowarricemaizebajraragijowarricemaizebajraragijowarricemaizebajraragijowarricemaizebajraragijowarricemaizebajraragijowarricemaizebajraragijowarricemaizebajraragijowarricemaizebajraragijowarricemaizebajraragijowarricemaizebajraragijowarricemaizebajraragijowarricemaizebajraragijowarricemaizebajraragijowarricemaizebajraragijowarricemaizebajraragijowarricemaizebajraragijowarricemaizebajraragijowarricemaizebajraragijowarricemaizebajraragijowarricemaizebajraragijowarricemaizebajraragijowarricemaizebajraragijowarricemaizebajraragijowarricemaizebajraragijowarricemaizebajraragijowarricemaizebajraragijowarricemaizebajraragijowarricemaizebajraragijowarricemaizebajraragijowarricemaizebajraragijowarricemaizebajraragijowarricemaizebajraragijowarricemaizebajraragijowarricemaizebajraragijowarricemaizebajraragijowarricemaizebajraragijowarricemaizebajraragijowarricemaizebajraragijowarricemaizebajraragijowarricemaizebajraragijowarricemaizebajraragijowarricemaizebajraragijowarricemaizebajraragijowarricemaizebajraragijowarricemaizebajraragijowarricemaizebajraragijowarricemaizebajraragijowarricemaizebajraragijowarricemaizebajraragijowarricemaizebajraragijowarricemaizebajraragijowarricemaizebajraragijowarricemaizebajraragijowarricemaizebajraragijowarricemaizebajraragijowarricemaizebajraragijowarricemaizebajraragijowarricemaizebajraragijowarricemaizebajraragijowarricemaizebajraragijowarricemaizebajraragijowarricemaizebajraragijowarricemaizebajraragijowarricemaizebajraragijowarricemaizebajraragijowarricemaizebajraragijowarricemaizebajraragijowarricemaizebajraragijowarricemaizebajraragijowarricemaizebajraragijowarricemaizebajraragijowarricemaizebajraragijowarricemaizebajraragijowarricemaizebajraragijowarricemaizebajraragijowarricemaizebajraragijowarricemaizebajraragijowarricemaizebajraragijowarricemaizebajraragijowarricemaizebajraragijowarricemaizebajraragijowarricemaizebajraragijowarricemaizebajraragijowarricemaizebajraragijowarricemaizebajraragijowarricemaizebajraragijowarricemaizebajraragijowarricemaizebajraragijowarricemaizebajraragijowarricemaizebajraragijowarricemaizebajraragijowarricemaizebajraragijowarricemaizebajraragijowarricemaizebajraragijowarricemaizebajraragijowarricemaizebajraragijowarricemaizebajraragijowarricemaizebajraragijowarricemaizebajraragijowarricemaizebajraragijowarricemaizebajraragijowarricemaizebajraragijowarricemaizebajraragijowarricemaizebajraragijowarricemaizebajraragijowarricemaizebajraragijowarricemaizebajraragijowarricemaizebajraragijowarricemaizebajraragijowarricemaizebajraragijowarricemaizebajraragijowarricemaizebajraragijowarricemaizebajraragijowarricemaizebajraragijowarricemaizebajraragijowarricemaizebajraragijowarricemaizebajraragijowarricemaizebajraragijowarricemaizebajraragijowarricemaizebajraragijowarricemaizebajraragijowarricemaizebajraragijowarricemaizebajraragijowarricemaizebajraragijowarricemaizebajraragijowarricemaizebajraragijowarricemaizebajraragijowarricemaizebajraragijowarricemaizebajraragijowarricemaizebajraragijowarricemaizebajraragijowarricemaizebajraragijowarricemaizebajraragijowarricemaizebajraragijowarricemaizebajraragijowarricemaizebajraragijowarricemaizebajraragijowarricemaizebajraragijowarricemaizebajraragijowarricemaizebajraragijowarricemaizebajraragijowarricemaizebajraragijowarricemaizebajraragijowarricemaizebajraragijowarricemaizebajraragijowarricemaizebajraragijowarricemaizebajraragijowarricemaizebajraragijowarricemaizebajraragijowarricemaizebajraragijowarricemaizebajraragijowarricemaizebajraragijowarricemaizebajraragijowarricemaizebajraragijowarricemaizebajraragijowarricemaizebajraragijowarricemaizebajraragijowarricemaizebajraragijowarricemaizebajraragijowarricemaizebajraragijowarricemaizebajraragijowarricemaizebajraragijowar,3522457.995,3479724.0,238109.705878,9079821510.76794,8555371999.732255,314321155.2836607,385817247.50397897,124552481.08938035,147039473.89838552,198913067.37866747,275679584.6074296,95804012.15053432,122711893.69914222,31545513783338.18,30371581779048.496,9920679.78788007,26812144.48239748,72543595.67300002,100540344.50632958,7777500.9345058985,10779071.758150501,7816687402.791274,18296616067.13618,29368982273.721848,26098833694.274406,3479724.0,57.27796126830596,27.846282973067595,21.927688292855343,18.53107726076474,15.293167346712108,-3.865231692013841,-12.52986481217684,62.99930505598639,27.846282973067613,27.8462829730676
5,chandigarh,ariyalurariyalurariyalurariyalurariyalurcoimbatorecoimbatorecoimbatorecoimbatorecoimbatorecuddalorecuddalorecuddalorecuddalorecuddaloredharmapuridharmapuridharmapuridharmapuridharmapuridindiguldindiguldindiguldindiguldindigulerodeerodeerodeerodeerodekancheepuramkancheepuramkancheepuramkancheepuramkancheepuramkanniyakumarikanniyakumarikanniyakumarikanniyakumarikanniyakumarikarurkarurkarurkarurkarurkrishnagirikrishnagirikrishnagirikrishnagirikrishnagirimaduraimaduraimaduraimaduraimadurainagappattinamnagappattinamnagappattinamnagappattinamnagappattinamnamakkalnamakkalnamakkalnamakkalnamakkalperambalurperambalurperambalurperambalurperambalurpudukkottaipudukkottaipudukkottaipudukkottaipudukkottairamanathapuramramanathapuramramanathapuramramanathapuramramanathapuramsalemsalemsalemsalemsalemsivagangasivagangasivagangasivagangasivagangathanjavurthanjavurthanjavurthanjavurthanjavurthe nilgiristhe nilgiristhe nilgiristhe nilgiristhe nilgiristhenithenithenithenithenithiruvallurthiruvallurthiruvallurthiruvallurthiruvallurthiruvarurthiruvarurthiruvarurthiruvarurthiruvarurtiruchirappallitiruchirappallitiruchirappallitiruchirappallitiruchirappallitirunelvelitirunelvelitirunelvelitirunelvelitirunelvelitiruppurtiruppurtiruppurtiruppurtiruppurtiruvannamalaitiruvannamalaitiruvannamalaitiruvannamalaitiruvannamalaituticorintuticorintuticorintuticorintuticorinvellorevellorevellorevellorevelloreviluppuramviluppuramviluppuramviluppuramviluppuramvirudhunagarvirudhunagarvirudhunagarvirudhunagarvirudhunagaramritsaramritsaramritsaramritsaramritsarbarnalabarnalabarnalabarnalabarnalabathindabathindabathindabathindabathindafaridkotfaridkotfaridkotfaridkotfaridkotfatehgarh sahibfatehgarh sahibfatehgarh sahibfatehgarh sahibfatehgarh sahibfazilkafazilkafazilkafazilkafazilkafirozpurfirozpurfirozpurfirozpurfirozpurgurdaspurgurdaspurgurdaspurgurdaspurgurdaspurhoshiarpurhoshiarpurhoshiarpurhoshiarpurhoshiarpurjalandharjalandharjalandharjalandharjalandharkapurthalakapurthalakapurthalakapurthalakapurthalaludhianaludhianaludhianaludhianaludhianamansamansamansamansamansamogamogamogamogamogamuktsarmuktsarmuktsarmuktsarmuktsarpathankotpathankotpathankotpathankotpathankotpatialapatialapatialapatialapatialarupnagarrupnagarrupnagarrupnagarrupnagarsangrursangrursangrursangrursangrurshahid bhagat singh nagarshahid bhagat singh nagarshahid bhagat singh nagarshahid bhagat singh nagarshahid bhagat singh nagartarn tarantarn tarantarn tarantarn tarantarn taranambalaambalaambalaambalaambalabhiwanibhiwanibhiwanibhiwanibhiwanicharki dadricharki dadricharki dadricharki dadricharki dadrifaridabadfaridabadfaridabadfaridabadfaridabadfatehabadfatehabadfatehabadfatehabadfatehabadgurgaongurgaongurgaongurgaongurgaonhisarhisarhisarhisarhisarjhajjarjhajjarjhajjarjhajjarjhajjarjindjindjindjindjindkaithalkaithalkaithalkaithalkaithalkarnalkarnalkarnalkarnalkarnalkurukshetrakurukshetrakurukshetrakurukshetrakurukshetramewatmewatmewatmewatmewatpalwalpalwalpalwalpalwalpalwalpanchkulapanchkulapanchkulapanchkulapanchkulapanipatpanipatpanipatpanipatpanipatrewarirewarirewarirewarirewarirohtakrohtakrohtakrohtakrohtaksirsasirsasirsasirsasirsasonipatsonipatsonipatsonipatsonipatyamunanagaryamunanagaryamunanagaryamunanagaryamunanagaranantapuranantapuranantapuranantapuranantapurchittoorchittoorchittoorchittoorchittooreast godavarieast godavarieast godavarieast godavarieast godavarigunturgunturgunturgunturgunturkadapakadapakadapakadapakadapakrishnakrishnakrishnakrishnakrishnakurnoolkurnoolkurnoolkurnoolkurnoolprakasamprakasamprakasamprakasamprakasamnellorenellorenellorenellorenelloresrikakulamsrikakulamsrikakulamsrikakulamsrikakulamvisakhapatnamvisakhapatnamvisakhapatnamvisakhapatnamvisakhapatnamvizianagaramvizianagaramvizianagaramvizianagaramvizianagaramwest godavariwest godavariwest godavariwest godavariwest godavariballariballariballariballariballaribangalore ruralbangalore ruralbangalore ruralbangalore ruralbangalore ruralbelagavibelagavibelagavibelagavibelagavibengaluru urbanbengaluru urbanbengaluru urbanbengaluru urbanbengaluru urbanbidarbidarbidarbidarbidarchamarajanagarachamarajanagarachamarajanagarachamarajanagarachamarajanagarachikkaballapurachikkaballapurachikkaballapurachikkaballapurachikkaballapurachikmagalurchikmagalurchikmagalurchikmagalurchikmagalurchitradurgachitradurgachitradurgachitradurgachitradurgadakshina kannadadakshina kannadadakshina kannadadakshina kannadadakshina kannadadavangeredavangeredavangeredavangeredavangeredharwaddharwaddharwaddharwaddharwadgadaggadaggadaggadaggadaghassanhassanhassanhassanhassanhaverihaverihaverihaverihaverikalaburagikalaburagikalaburagikalaburagikalaburagikodagukodagukodagukodagukodagukolarkolarkolarkolarkolarkoppalkoppalkoppalkoppalkoppalmandyamandyamandyamandyamandyamysurumysurumysurumysurumysururaichurraichurraichurraichurraichurramanagararamanagararamanagararamanagararamanagarashivamoggashivamoggashivamoggashivamoggashivamoggatumakurutumakurutumakurutumakurutumakuruudupiudupiudupiudupiudupiuttara kannadauttara kannadauttara kannadauttara kannadauttara kannadavijayapuravijayapuravijayapuravijayapuravijayapurayadgiryadgiryadgiryadgiryadgiralmoraalmoraalmoraalmoraalmorabageshwarbageshwarbageshwarbageshwarbageshwarchamolichamolichamolichamolichamolichampawatchampawatchampawatchampawatchampawatdehradundehradundehradundehradundehradunhardwarhardwarhardwarhardwarhardwarnainitalnainitalnainitalnainitalnainitalpauri garhwalpauri garhwalpauri garhwalpauri garhwalpauri garhwalpithoragarhpithoragarhpithoragarhpithoragarhpithoragarhrudra prayagrudra prayagrudra prayagrudra prayagrudra prayagtehri garhwaltehri garhwaltehri garhwaltehri garhwaltehri garhwaludham singh nagarudham singh nagarudham singh nagarudham singh nagarudham singh nagaruttar kashiuttar kashiuttar kashiuttar kashiuttar kashispsr nellorespsr nellorespsr nellorespsr nellorespsr nellorevisakhapatanamvisakhapatanamvisakhapatanamvisakhapatanamvisakhapatanamparaganas northparaganas northparaganas northparaganas northparaganas northparaganas southparaganas southparaganas southparaganas southparaganas southalipurduaralipurduaralipurduaralipurduaralipurduarbankurabankurabankurabankurabankurabirbhumbirbhumbirbhumbirbhumbirbhumcoochbeharcoochbeharcoochbeharcoochbeharcoochbehardarjeelingdarjeelingdarjeelingdarjeelingdarjeelingdakshin dinajpurdakshin dinajpurdakshin dinajpurdakshin dinajpurdakshin dinajpuruttar dinajpuruttar dinajpuruttar dinajpuruttar dinajpuruttar dinajpurhooghlyhooghlyhooghlyhooghlyhooghlyhowrahhowrahhowrahhowrahhowrahjalpaigurijalpaigurijalpaigurijalpaigurijalpaigurijhargramjhargramjhargramjhargramjhargramkalimpongkalimpongkalimpongkalimpongkalimpongmaldahmaldahmaldahmaldahmaldahmedinipur eastmedinipur eastmedinipur eastmedinipur eastmedinipur eastmedinipur westmedinipur westmedinipur westmedinipur westmedinipur westmurshidabadmurshidabadmurshidabadmurshidabadmurshidabadnadianadianadianadianadiabarddhamanbarddhamanbarddhamanbarddhamanbarddhamanpuruliyapuruliyapuruliyapuruliyapuruliyaalappuzhaalappuzhaalappuzhaalappuzhaalappuzhaernakulamernakulamernakulamernakulamernakulamidukkiidukkiidukkiidukkiidukkikannurkannurkannurkannurkannurkasaragodkasaragodkasaragodkasaragodkasaragodkollamkollamkollamkollamkollamkottayamkottayamkottayamkottayamkottayamkozhikodekozhikodekozhikodekozhikodekozhikodemalappurammalappurammalappurammalappurammalappurampalakkadpalakkadpalakkadpalakkadpalakkadpathanamthittapathanamthittapathanamthittapathanamthittapathanamthittathiruvananthapuramthiruvananthapuramthiruvananthapuramthiruvananthapuramthiruvananthapuramthrissurthrissurthrissurthrissurthrissurwayanadwayanadwayanadwayanadwayanadbagalkotbagalkotbagalkotbagalkotbagalkotchikballapurachikballapurachikballapurachikballapurachikballapurachikkamagaluruchikkamagaluruchikkamagaluruchikkamagaluruchikkamagalurudavanageredavanageredavanageredavanageredavanagereyadagiriyadagiriyadagiriyadagiriyadagiriagraagraagraagraagraaligarhaligarhaligarhaligarhaligarhallahabadallahabadallahabadallahabadallahabadambedkar nagarambedkar nagarambedkar nagarambedkar nagarambedkar nagaramethiamethiamethiamethiamethiamrohaamrohaamrohaamrohaamrohaauraiyaauraiyaauraiyaauraiyaauraiyaazamgarhazamgarhazamgarhazamgarhazamgarhbaghpatbaghpatbaghpatbaghpatbaghpatbahraichbahraichbahraichbahraichbahraichballiaballiaballiaballiaballiabalrampurbalrampurbalrampurbalrampurbalrampurbandabandabandabandabandabarabankibarabankibarabankibarabankibarabankibareillybareillybareillybareillybareillybastibastibastibastibastibijnorbijnorbijnorbijnorbijnorbudaunbudaunbudaunbudaunbudaunbulandshahrbulandshahrbulandshahrbulandshahrbulandshahrchandaulichandaulichandaulichandaulichandaulichitrakootchitrakootchitrakootchitrakootchitrakootdeoriadeoriadeoriadeoriadeoriaetahetahetahetahetahetawahetawahetawahetawahetawahfaizabadfaizabadfaizabadfaizabadfaizabadfarrukhabadfarrukhabadfarrukhabadfarrukhabadfarrukhabadfatehpurfatehpurfatehpurfatehpurfatehpurfirozabadfirozabadfirozabadfirozabadfirozabadkanpur nagarkanpur nagarkanpur nagarkanpur nagarkanpur nagarghaziabadghaziabadghaziabadghaziabadghaziabadghazipurghazipurghazipurghazipurghazipurgondagondagondagondagondagorakhpurgorakhpurgorakhpurgorakhpurgorakhpurhamirpurhamirpurhamirpurhamirpurhamirpurhapurhapurhapurhapurhapurhardoihardoihardoihardoihardoihathrashathrashathrashathrashathrasjalaunjalaunjalaunjalaunjalaunjaunpurjaunpurjaunpurjaunpurjaunpurjhansijhansijhansijhansijhansikannaujkannaujkannaujkannaujkannaujkanpur dehatkanpur dehatkanpur dehatkanpur dehatkanpur dehatkasganjkasganjkasganjkasganjkasganjkaushambikaushambikaushambikaushambikaushambilakhimpur kherilakhimpur kherilakhimpur kherilakhimpur kherilakhimpur kherikushinagarkushinagarkushinagarkushinagarkushinagarlalitpurlalitpurlalitpurlalitpurlalitpurlucknowlucknowlucknowlucknowlucknowmaharajganjmaharajganjmaharajganjmaharajganjmaharajganjmahobamahobamahobamahobamahobamainpurimainpurimainpurimainpurimainpurimathuramathuramathuramathuramathuramaumaumaumaumaumeerutmeerutmeerutmeerutmeerutmirzapurmirzapurmirzapurmirzapurmirzapurmoradabadmoradabadmoradabadmoradabadmoradabadmuzaffarnagarmuzaffarnagarmuzaffarnagarmuzaffarnagarmuzaffarnagarpilibhitpilibhitpilibhitpilibhitpilibhitpratapgarhpratapgarhpratapgarhpratapgarhpratapgarhrae barelirae barelirae barelirae barelirae barelirampurrampurrampurrampurrampursaharanpursaharanpursaharanpursaharanpursaharanpursambhalsambhalsambhalsambhalsambhalsant kabeer nagarsant kabeer nagarsant kabeer nagarsant kabeer nagarsant kabeer nagarsant ravi das nagarsant ravi das nagarsant ravi das nagarsant ravi das nagarsant ravi das nagarshahajahanpurshahajahanpurshahajahanpurshahajahanpurshahajahanpurshamlishamlishamlishamlishamlishravastishravastishravastishravastishravastisiddharth nagarsiddharth nagarsiddharth nagarsiddharth nagarsiddharth nagarsitapursitapursitapursitapursitapursonbhadrasonbhadrasonbhadrasonbhadrasonbhadrasultanpursultanpursultanpursultanpursultanpurunnaounnaounnaounnaounnaovaranasivaranasivaranasivaranasivaranasiahmednagarahmednagarahmednagarahmednagarahmednagaramravatiamravatiamravatiamravatiamravatibeedbeedbeedbeedbeedbhandarabhandarabhandarabhandarabhandarachandrapurchandrapurchandrapurchandrapurchandrapurdhuledhuledhuledhuledhulegadchiroligadchiroligadchiroligadchiroligadchiroligondiagondiagondiagondiagondiakolhapurkolhapurkolhapurkolhapurkolhapurlaturlaturlaturlaturlaturnagpurnagpurnagpurnagpurnagpurnandednandednandednandednandednandurbarnandurbarnandurbarnandurbarnandurbarnashiknashiknashiknashiknashikosmanabadosmanabadosmanabadosmanabadosmanabadpalgharpalgharpalgharpalgharpalgharpunepunepunepunepuneraigadraigadraigadraigadraigadratnagiriratnagiriratnagiriratnagiriratnagirisanglisanglisanglisanglisanglisatarasatarasatarasatarasatarasindhudurgsindhudurgsindhudurgsindhudurgsindhudurgsolapursolapursolapursolapursolapurthanethanethanethanethaneanantnaganantnaganantnaganantnaganantnagbadgambadgambadgambadgambadgambandiporabandiporabandiporabandiporabandiporabaramullabaramullabaramullabaramullabaramulladodadodadodadodadodaganderbalganderbalganderbalganderbalganderbaljammujammujammujammujammukathuakathuakathuakathuakathuakishtwarkishtwarkishtwarkishtwarkishtwarkulgamkulgamkulgamkulgamkulgamkupwarakupwarakupwarakupwarakupwarapoonchpoonchpoonchpoonchpoonchpulwamapulwamapulwamapulwamapulwamarajaurirajaurirajaurirajaurirajaurirambanrambanrambanrambanrambanreasireasireasireasireasisambasambasambasambasambashopianshopianshopianshopianshopiansrinagarsrinagarsrinagarsrinagarsrinagarudhampurudhampurudhampurudhampurudhampurahmadabadahmadabadahmadabadahmadabadahmadabadanandanandanandanandanandaravalliaravalliaravalliaravalliaravallibharuchbharuchbharuchbharuchbharuchchhotaudepurchhotaudepurchhotaudepurchhotaudepurchhotaudepurdangdangdangdangdangdohaddohaddohaddohaddohadgandhinagargandhinagargandhinagargandhinagargandhinagarkhedakhedakhedakhedakhedamahesanamahesanamahesanamahesanamahesanamahisagarmahisagarmahisagarmahisagarmahisagarnarmadanarmadanarmadanarmadanarmadanavsarinavsarinavsarinavsarinavsaripanch mahalspanch mahalspanch mahalspanch mahalspanch mahalssabar kanthasabar kanthasabar kanthasabar kanthasabar kanthasuratsuratsuratsuratsuratsurendranagarsurendranagarsurendranagarsurendranagarsurendranagartapitapitapitapitapivadodaravadodaravadodaravadodaravadodaravalsadvalsadvalsadvalsadvalsadajmerajmerajmerajmerajmeralwaralwaralwaralwaralwarbanswarabanswarabanswarabanswarabanswarabaranbaranbaranbaranbaranbharatpurbharatpurbharatpurbharatpurbharatpurbhilwarabhilwarabhilwarabhilwarabhilwarabundibundibundibundibundichittorgarhchittorgarhchittorgarhchittorgarhchittorgarhdholpurdholpurdholpurdholpurdholpurdungarpurdungarpurdungarpurdungarpurdungarpurganganagarganganagarganganagarganganagarganganagarhanumangarhhanumangarhhanumangarhhanumangarhhanumangarhjhalawarjhalawarjhalawarjhalawarjhalawarkaraulikaraulikaraulikaraulikaraulikotakotakotakotakotarajsamandrajsamandrajsamandrajsamandrajsamandsawai madhopursawai madhopursawai madhopursawai madhopursawai madhopurtonktonktonktonktonkudaipurudaipurudaipurudaipurudaipurarariaarariaarariaarariaarariaarwalarwalarwalarwalarwalaurangabadaurangabadaurangabadaurangabadaurangabadbankabankabankabankabankabegusaraibegusaraibegusaraibegusaraibegusaraibhagalpurbhagalpurbhagalpurbhagalpurbhagalpurbhojpurbhojpurbhojpurbhojpurbhojpurbuxarbuxarbuxarbuxarbuxardarbhangadarbhangadarbhangadarbhangadarbhangagayagayagayagayagayagopalganjgopalganjgopalganjgopalganjgopalganjjamuijamuijamuijamuijamuijehanabadjehanabadjehanabadjehanabadjehanabadkaimurkaimurkaimurkaimurkaimurkatiharkatiharkatiharkatiharkatiharkhagariakhagariakhagariakhagariakhagariakishanganjkishanganjkishanganjkishanganjkishanganjlakhisarailakhisarailakhisarailakhisarailakhisaraimadhepuramadhepuramadhepuramadhepuramadhepuramadhubanimadhubanimadhubanimadhubanimadhubanimungermungermungermungermungermuzaffarpurmuzaffarpurmuzaffarpurmuzaffarpurmuzaffarpurnalandanalandanalandanalandanalandanawadanawadanawadanawadanawadapashchim champaranpashchim champaranpashchim champaranpashchim champaranpashchim champaranpatnapatnapatnapatnapatnapurbi champaranpurbi champaranpurbi champaranpurbi champaranpurbi champaranpurniapurniapurniapurniapurniarohtasrohtasrohtasrohtasrohtassaharsasaharsasaharsasaharsasaharsasamastipursamastipursamastipursamastipursamastipursaransaransaransaransaransheikhpurasheikhpurasheikhpurasheikhpurasheikhpurasheoharsheoharsheoharsheoharsheoharsitamarhisitamarhisitamarhisitamarhisitamarhisiwansiwansiwansiwansiwansupaulsupaulsupaulsupaulsupaulvaishalivaishalivaishalivaishalivaishalidinajpur dakshindinajpur dakshindinajpur dakshindinajpur dakshindinajpur dakshindinajpur uttardinajpur uttardinajpur uttardinajpur uttardinajpur uttarpaschim bardhamanpaschim bardhamanpaschim bardhamanpaschim bardhamanpaschim bardhamanpurba bardhamanpurba bardhamanpurba bardhamanpurba bardhamanpurba bardhamanpuruliapuruliapuruliapuruliapurulianagapattinamnagapattinamnagapattinamnagapattinamnagapattinamvirudunagarvirudunagarvirudunagarvirudunagarvirudunagaranugulanugulanugulanugulanugulbalangirbalangirbalangirbalangirbalangirbaleshwarbaleshwarbaleshwarbaleshwarbaleshwarbargarhbargarhbargarhbargarhbargarhbhadrakbhadrakbhadrakbhadrakbhadrakboudhboudhboudhboudhboudhcuttackcuttackcuttackcuttackcuttackdeogarhdeogarhdeogarhdeogarhdeogarhdhenkanaldhenkanaldhenkanaldhenkanaldhenkanalgajapatigajapatigajapatigajapatigajapatiganjamganjamganjamganjamganjamjagatsinghapurjagatsinghapurjagatsinghapurjagatsinghapurjagatsinghapurjajapurjajapurjajapurjajapurjajapurjharsugudajharsugudajharsugudajharsugudajharsugudakalahandikalahandikalahandikalahandikalahandikandhamalkandhamalkandhamalkandhamalkandhamalkendraparakendraparakendraparakendraparakendraparakendujharkendujharkendujharkendujharkendujharkhordhakhordhakhordhakhordhakhordhakoraputkoraputkoraputkoraputkoraputmalkangirimalkangirimalkangirimalkangirimalkangirimayurbhanjmayurbhanjmayurbhanjmayurbhanjmayurbhanjnabarangpurnabarangpurnabarangpurnabarangpurnabarangpurnayagarhnayagarhnayagarhnayagarhnayagarhnuapadanuapadanuapadanuapadanuapadapuripuripuripuripurirayagadarayagadarayagadarayagadarayagadasambalpursambalpursambalpursambalpursambalpursonepursonepursonepursonepursonepursundargarhsundargarhsundargarhsundargarhsundargarhbaksabaksabaksabaksabaksabarpetabarpetabarpetabarpetabarpetabongaigaonbongaigaonbongaigaonbongaigaonbongaigaoncacharcacharcacharcacharcacharchirangchirangchirangchirangchirangdarrangdarrangdarrangdarrangdarrangdhemajidhemajidhemajidhemajidhemajidhubridhubridhubridhubridhubridibrugarhdibrugarhdibrugarhdibrugarhdibrugarhdima hasaodima hasaodima hasaodima hasaodima hasaogoalparagoalparagoalparagoalparagoalparagolaghatgolaghatgolaghatgolaghatgolaghathailakandihailakandihailakandihailakandihailakandijorhatjorhatjorhatjorhatjorhatkamrupkamrupkamrupkamrupkamrupkarbi anglongkarbi anglongkarbi anglongkarbi anglongkarbi anglongkarimganjkarimganjkarimganjkarimganjkarimganjkokrajharkokrajharkokrajharkokrajharkokrajharlakhimpurlakhimpurlakhimpurlakhimpurlakhimpurmorigaonmorigaonmorigaonmorigaonmorigaonnagaonnagaonnagaonnagaonnagaonnalbarinalbarinalbarinalbarinalbarisivasagarsivasagarsivasagarsivasagarsivasagarsonitpursonitpursonitpursonitpursonitpurtinsukiatinsukiatinsukiatinsukiatinsukiaudalguriudalguriudalguriudalguriudalguribokarobokarobokarobokarobokarochatrachatrachatrachatrachatradeoghardeoghardeoghardeoghardeoghardhanbaddhanbaddhanbaddhanbaddhanbaddumkadumkadumkadumkadumkaeast singhbumeast singhbumeast singhbumeast singhbumeast singhbumgarhwagarhwagarhwagarhwagarhwagiridihgiridihgiridihgiridihgiridihgoddagoddagoddagoddagoddagumlagumlagumlagumlagumlahazaribaghhazaribaghhazaribaghhazaribaghhazaribaghjamtarajamtarajamtarajamtarajamtarakhuntikhuntikhuntikhuntikhuntikodermakodermakodermakodermakodermalateharlateharlateharlateharlateharlohardagalohardagalohardagalohardagalohardagapakurpakurpakurpakurpakurpalamupalamupalamupalamupalamuramgarhramgarhramgarhramgarhramgarhranchiranchiranchiranchiranchisahibganjsahibganjsahibganjsahibganjsahibganjsaraikelakharsawansaraikelakharsawansaraikelakharsawansaraikelakharsawansaraikelakharsawansimdegasimdegasimdegasimdegasimdegawest singhbhumwest singhbhumwest singhbhumwest singhbhumwest singhbhumbilaspurbilaspurbilaspurbilaspurbilaspurchambachambachambachambachambakangrakangrakangrakangrakangrakinnaurkinnaurkinnaurkinnaurkinnaurkullukullukullukullukullumandimandimandimandimandishimlashimlashimlashimlashimlasirmaursirmaursirmaursirmaursirmaursolansolansolansolansolanunaunaunaunaunakaimur (bhabua)kaimur (bhabua)kaimur (bhabua)kaimur (bhabua)kaimur (bhabua)baloda bazarbaloda bazarbaloda bazarbaloda bazarbaloda bazaruttar bastar kankeruttar bastar kankeruttar bastar kankeruttar bastar kankeruttar bastar kankerbemetarabemetarabemetarabemetarabemetarabijapurbijapurbijapurbijapurbijapurdantewadadantewadadantewadadantewadadantewadadhamtaridhamtaridhamtaridhamtaridhamtaridurgdurgdurgdurgdurggariabandgariabandgariabandgariabandgariabandjanjgirchampajanjgirchampajanjgirchampajanjgirchampajanjgirchampajashpurjashpurjashpurjashpurjashpurkabirdhamkabirdhamkabirdhamkabirdhamkabirdhamkondagaonkondagaonkondagaonkondagaonkondagaonkorbakorbakorbakorbakorbakoreakoreakoreakoreakoreamahasamundmahasamundmahasamundmahasamundmahasamundmungelimungelimungelimungelimungelinarayanpurnarayanpurnarayanpurnarayanpurnarayanpurraigarhraigarhraigarhraigarhraigarhraipurraipurraipurraipurraipurrajnandgaonrajnandgaonrajnandgaonrajnandgaonrajnandgaonsukmasukmasukmasukmasukmasurajpursurajpursurajpursurajpursurajpursurgujasurgujasurgujasurgujasurgujalahul and spitilahul and spitilahul and spitilahul and spitilahul and spitiarvalliarvalliarvalliarvalliarvallibanas kanthabanas kanthabanas kanthabanas kanthabanas kanthadevbhumi dwarkadevbhumi dwarkadevbhumi dwarkadevbhumi dwarkadevbhumi dwarkakachchhkachchhkachchhkachchhkachchhpatanpatanpatanpatanpatanrajkotrajkotrajkotrajkotrajkotahmadnagarahmadnagarahmadnagarahmadnagarahmadnagarakolaakolaakolaakolaakolabuldhanabuldhanabuldhanabuldhanabuldhanahingolihingolihingolihingolihingolijalgaonjalgaonjalgaonjalgaonjalgaonjalnajalnajalnajalnajalnaparbhaniparbhaniparbhaniparbhaniparbhaniwashimwashimwashimwashimwashimyavatmalyavatmalyavatmalyavatmalyavatmalagar malwaagar malwaagar malwaagar malwaagar malwaalirajpuralirajpuralirajpuralirajpuralirajpuranuppuranuppuranuppuranuppuranuppurashoknagarashoknagarashoknagarashoknagarashoknagarbalaghatbalaghatbalaghatbalaghatbalaghatbarwanibarwanibarwanibarwanibarwanibetulbetulbetulbetulbetulbhopalbhopalbhopalbhopalbhopalburhanpurburhanpurburhanpurburhanpurburhanpurchhatarpurchhatarpurchhatarpurchhatarpurchhatarpurchhindwarachhindwarachhindwarachhindwarachhindwaradamohdamohdamohdamohdamohdatiadatiadatiadatiadatiadewasdewasdewasdewasdewasdhardhardhardhardhardindoridindoridindoridindoridindorigunagunagunagunagunagwaliorgwaliorgwaliorgwaliorgwaliorhardahardahardahardahardahoshangabadhoshangabadhoshangabadhoshangabadhoshangabadindoreindoreindoreindoreindorejabalpurjabalpurjabalpurjabalpurjabalpurjhabuajhabuajhabuajhabuajhabuakatnikatnikatnikatnikatnikhandwakhandwakhandwakhandwakhandwakhargonekhargonekhargonekhargonekhargonemandlamandlamandlamandlamandlamandsaurmandsaurmandsaurmandsaurmandsaurmorenamorenamorenamorenamorenanarsinghpurnarsinghpurnarsinghpurnarsinghpurnarsinghpurneemuchneemuchneemuchneemuchneemuchpannapannapannapannapannaraisenraisenraisenraisenraisenrajgarhrajgarhrajgarhrajgarhrajgarhratlamratlamratlamratlamratlamrewarewarewarewarewasagarsagarsagarsagarsagarsatnasatnasatnasatnasatnasehoresehoresehoresehoresehoreseoniseoniseoniseoniseonishahdolshahdolshahdolshahdolshahdolshajapurshajapurshajapurshajapurshajapursheopursheopursheopursheopursheopurshivpurishivpurishivpurishivpurishivpurisidhisidhisidhisidhisidhisingraulisingraulisingraulisingraulisingraulitikamgarhtikamgarhtikamgarhtikamgarhtikamgarhujjainujjainujjainujjainujjainumariaumariaumariaumariaumariavidishavidishavidishavidishavidishabarmerbarmerbarmerbarmerbarmerchittaurgarhchittaurgarhchittaurgarhchittaurgarhchittaurgarhchuruchuruchuruchuruchurudausadausadausadausadausajaipurjaipurjaipurjaipurjaipurjalorejalorejalorejalorejalorejodhpurjodhpurjodhpurjodhpurjodhpurnagaurnagaurnagaurnagaurnagaurpalipalipalipalipalisikarsikarsikarsikarsikarsirohisirohisirohisirohisirohiharidwarharidwarharidwarharidwarharidwarudam singh nagarudam singh nagarudam singh nagarudam singh nagarudam singh nagarkanchipuramkanchipuramkanchipuramkanchipuramkanchipuramvillupuramvillupuramvillupuramvillupuramvillupurambhindbhindbhindbhindbhindbagalkotebagalkotebagalkotebagalkotebagalkotebuldanabuldanabuldanabuldanabuldanawardhawardhawardhawardhawardhasahebganjsahebganjsahebganjsahebganjsahebganjsaraikela kharsawansaraikela kharsawansaraikela kharsawansaraikela kharsawansaraikela kharsawangautam buddha nagargautam buddha nagargautam buddha nagargautam buddha nagargautam buddha nagarkherikherikherikherikherikushi nagarkushi nagarkushi nagarkushi nagarkushi nagarsant ravidas nagarsant ravidas nagarsant ravidas nagarsant ravidas nagarsant ravidas nagarmahendragarhmahendragarhmahendragarhmahendragarhmahendragarhjamnagarjamnagarjamnagarjamnagarjamnagarchamrajnagarchamrajnagarchamrajnagarchamrajnagarchamrajnagartumkurtumkurtumkurtumkurtumkurbalodbalodbalodbalodbalodbastarbastarbastarbastarbastargariyabandgariyabandgariyabandgariyabandgariyabandjanjgir-champajanjgir-champajanjgir-champajanjgir-champajanjgir-champakankerkankerkankerkankerkankeramreliamreliamreliamreliamrelibhavnagarbhavnagarbhavnagarbhavnagarbhavnagarbotadbotadbotadbotadbotadgir somnathgir somnathgir somnathgir somnathgir somnathjunagadhjunagadhjunagadhjunagadhjunagadhmorbimorbimorbimorbimorbikamrup metrokamrup metrokamrup metrokamrup metrokamrup metromarigaonmarigaonmarigaonmarigaonmarigaonbikanerbikanerbikanerbikanerbikanerjaisalmerjaisalmerjaisalmerjaisalmerjaisalmerjhunjhununjhunjhununjhunjhununjhunjhununjhunjhununshahjahanpurshahjahanpurshahjahanpurshahjahanpurshahjahanpurnicobarsnicobarsnicobarsnicobarsnicobarsnorth and middle andamannorth and middle andamannorth and middle andamannorth and middle andamannorth and middle andamansouth andamanssouth andamanssouth andamanssouth andamanssouth andamansanjawanjawanjawanjawanjawchanglangchanglangchanglangchanglangchanglangdibang valleydibang valleydibang valleydibang valleydibang valleyeast kamengeast kamengeast kamengeast kamengeast kamengeast siangeast siangeast siangeast siangeast siangkra daadikra daadikra daadikra daadikra daadikurung kumeykurung kumeykurung kumeykurung kumeykurung kumeylohitlohitlohitlohitlohitlongdinglongdinglongdinglongdinglongdinglower dibang valleylower dibang valleylower dibang valleylower dibang valleylower dibang valleylower subansirilower subansirilower subansirilower subansirilower subansirinamsainamsainamsainamsainamsaipapum parepapum parepapum parepapum parepapum paresiangsiangsiangsiangsiangtawangtawangtawangtawangtawangtiraptiraptiraptiraptirapupper siangupper siangupper siangupper siangupper siangupper subansiriupper subansiriupper subansiriupper subansiriupper subansiriwest kamengwest kamengwest kamengwest kamengwest kamengwest siangwest siangwest siangwest siangwest siangchandigarhchandigarhchandigarhchandigarhchandigarhdadra and nagar havelidadra and nagar havelidadra and nagar havelidadra and nagar havelidadra and nagar havelibishnupurbishnupurbishnupurbishnupurbishnupurchandelchandelchandelchandelchandelchurachandpurchurachandpurchurachandpurchurachandpurchurachandpurimphal eastimphal eastimphal eastimphal eastimphal eastimphal westimphal westimphal westimphal westimphal westsenapatisenapatisenapatisenapatisenapatitamenglongtamenglongtamenglongtamenglongtamenglongthoubalthoubalthoubalthoubalthoubalukhrulukhrulukhrulukhrulukhruleast garo hillseast garo hillseast garo hillseast garo hillseast garo hillseast jaintia hillseast jaintia hillseast jaintia hillseast jaintia hillseast jaintia hillseast khasi hillseast khasi hillseast khasi hillseast khasi hillseast khasi hillsnorth garo hillsnorth garo hillsnorth garo hillsnorth garo hillsnorth garo hillsri bhoiri bhoiri bhoiri bhoiri bhoisouth garo hillssouth garo hillssouth garo hillssouth garo hillssouth garo hillssouth west garo hillssouth west garo hillssouth west garo hillssouth west garo hillssouth west garo hillssouth west khasi hillssouth west khasi hillssouth west khasi hillssouth west khasi hillssouth west khasi hillswest garo hillswest garo hillswest garo hillswest garo hillswest garo hillswest jaintia hillswest jaintia hillswest jaintia hillswest jaintia hillswest jaintia hillswest khasi hillswest khasi hillswest khasi hillswest khasi hillswest khasi hillsaizawlaizawlaizawlaizawlaizawlchamphaichamphaichamphaichamphaichamphaikolasibkolasibkolasibkolasibkolasiblawngtlailawngtlailawngtlailawngtlailawngtlailungleilungleilungleilungleilungleimamitmamitmamitmamitmamitsaihasaihasaihasaihasaihaserchhipserchhipserchhipserchhipserchhipdimapurdimapurdimapurdimapurdimapurkiphirekiphirekiphirekiphirekiphirekohimakohimakohimakohimakohimalonglenglonglenglonglenglonglenglonglengmokokchungmokokchungmokokchungmokokchungmokokchungmonmonmonmonmonperenperenperenperenperenphekphekphekphekphektuensangtuensangtuensangtuensangtuensangwokhawokhawokhawokhawokhazunhebotozunhebotozunhebotozunhebotozunhebotokaraikalkaraikalkaraikalkaraikalkaraikalpondicherrypondicherrypondicherrypondicherrypondicherryyanamyanamyanamyanamyanameast districteast districteast districteast districteast districtnorth districtnorth districtnorth districtnorth districtnorth districtsouth districtsouth districtsouth districtsouth districtsouth districtwest districtwest districtwest districtwest districtwest districtadilabadadilabadadilabadadilabadadilabadbhadradribhadradribhadradribhadradribhadradrihanumakondahanumakondahanumakondahanumakondahanumakondajagitialjagitialjagitialjagitialjagitialjangoanjangoanjangoanjangoanjangoanjayashankarjayashankarjayashankarjayashankarjayashankarjogulambajogulambajogulambajogulambajogulambakamareddykamareddykamareddykamareddykamareddykarimnagarkarimnagarkarimnagarkarimnagarkarimnagarkhammamkhammamkhammamkhammamkhammamkomaram bheem asifabadkomaram bheem asifabadkomaram bheem asifabadkomaram bheem asifabadkomaram bheem asifabadmahabubabadmahabubabadmahabubabadmahabubabadmahabubabadmahbubnagarmahbubnagarmahbubnagarmahbubnagarmahbubnagarmancherialmancherialmancherialmancherialmancherialmedakmedakmedakmedakmedakmedchal malkajgirimedchal malkajgirimedchal malkajgirimedchal malkajgirimedchal malkajgirinagarkurnoolnagarkurnoolnagarkurnoolnagarkurnoolnagarkurnoolnalgondanalgondanalgondanalgondanalgondanirmalnirmalnirmalnirmalnirmalnizamabadnizamabadnizamabadnizamabadnizamabadpeddapallipeddapallipeddapallipeddapallipeddapallirajannarajannarajannarajannarajannarangareddirangareddirangareddirangareddirangareddisangareddysangareddysangareddysangareddysangareddysiddipetsiddipetsiddipetsiddipetsiddipetsuryapetsuryapetsuryapetsuryapetsuryapetvikarabadvikarabadvikarabadvikarabadvikarabadwanaparthywanaparthywanaparthywanaparthywanaparthywarangalwarangalwarangalwarangalwarangalyadadriyadadriyadadriyadadriyadadridhalaidhalaidhalaidhalaidhalaigomatigomatigomatigomatigomatikhowaikhowaikhowaikhowaikhowainorth tripuranorth tripuranorth tripuranorth tripuranorth tripurasepahijalasepahijalasepahijalasepahijalasepahijalasouth tripurasouth tripurasouth tripurasouth tripurasouth tripuraunakotiunakotiunakotiunakotiunakotiwest tripurawest tripurawest tripurawest tripurawest tripura,ricemaizebajraragijowarricemaizebajraragijowarricemaizebajraragijowarricemaizebajraragijowarricemaizebajraragijowarricemaizebajraragijowarricemaizebajraragijowarricemaizebajraragijowarricemaizebajraragijowarricemaizebajraragijowarricemaizebajraragijowarricemaizebajraragijowarricemaizebajraragijowarricemaizebajraragijowarricemaizebajraragijowarricemaizebajraragijowarricemaizebajraragijowarricemaizebajraragijowarricemaizebajraragijowarricemaizebajraragijowarricemaizebajraragijowarricemaizebajraragijowarricemaizebajraragijowarricemaizebajraragijowarricemaizebajraragijowarricemaizebajraragijowarricemaizebajraragijowarricemaizebajraragijowarricemaizebajraragijowarricemaizebajraragijowarricemaizebajraragijowarricemaizebajraragijowarricemaizebajraragijowarricemaizebajraragijowarricemaizebajraragijowarricemaizebajraragijowarricemaizebajraragijowarricemaizebajraragijowarricemaizebajraragijowarricemaizebajraragijowarricemaizebajraragijowarricemaizebajraragijowarricemaizebajraragijowarricemaizebajraragijowarricemaizebajraragijowarricemaizebajraragijowarricemaizebajraragijowarricemaizebajraragijowarricemaizebajraragijowarricemaizebajraragijowarricemaizebajraragijowarricemaizebajraragijowarricemaizebajraragijowarricemaizebajraragijowarricemaizebajraragijowarricemaizebajraragijowarricemaizebajraragijowarricemaizebajraragijowarricemaizebajraragijowarricemaizebajraragijowarricemaizebajraragijowarricemaizebajraragijowarricemaizebajraragijowarricemaizebajraragijowarricemaizebajraragijowarricemaizebajraragijowarricemaizebajraragijowarricemaizebajraragijowarricemaizebajraragijowarricemaizebajraragijowarricemaizebajraragijowarricemaizebajraragijowarricemaizebajraragijowarricemaizebajraragijowarricemaizebajraragijowarricemaizebajraragijowarricemaizebajraragijowarricemaizebajraragijowarricemaizebajraragijowarricemaizebajraragijowarricemaizebajraragijowarricemaizebajraragijowarricemaizebajraragijowarricemaizebajraragijowarricemaizebajraragijowarricemaizebajraragijowarricemaizebajraragijowarricemaizebajraragijowarricemaizebajraragijowarricemaizebajraragijowarricemaizebajraragijowarricemaizebajraragijowarricemaizebajraragijowarricemaizebajraragijowarricemaizebajraragijowarricemaizebajraragijowarricemaizebajraragijowarricemaizebajraragijowarricemaizebajraragijowarricemaizebajraragijowarricemaizebajraragijowarricemaizebajraragijowarricemaizebajraragijowarricemaizebajraragijowarricemaizebajraragijowarricemaizebajraragijowarricemaizebajraragijowarricemaizebajraragijowarricemaizebajraragijowarricemaizebajraragijowarricemaizebajraragijowarricemaizebajraragijowarricemaizebajraragijowarricemaizebajraragijowarricemaizebajraragijowarricemaizebajraragijowarricemaizebajraragijowarricemaizebajraragijowarricemaizebajraragijowarricemaizebajraragijowarricemaizebajraragijowarricemaizebajraragijowarricemaizebajraragijowarricemaizebajraragijowarricemaizebajraragijowarricemaizebajraragijowarricemaizebajraragijowarricemaizebajraragijowarricemaizebajraragijowarricemaizebajraragijowarricemaizebajraragijowarricemaizebajraragijowarricemaizebajraragijowarricemaizebajraragijowarricemaizebajraragijowarricemaizebajraragijowarricemaizebajraragijowarricemaizebajraragijowarricemaizebajraragijowarricemaizebajraragijowarricemaizebajraragijowarricemaizebajraragijowarricemaizebajraragijowarricemaizebajraragijowarricemaizebajraragijowarricemaizebajraragijowarricemaizebajraragijowarricemaizebajraragijowarricemaizebajraragijowarricemaizebajraragijowarricemaizebajraragijowarricemaizebajraragijowarricemaizebajraragijowarricemaizebajraragijowarricemaizebajraragijowarricemaizebajraragijowarricemaizebajraragijowarricemaizebajraragijowarricemaizebajraragijowarricemaizebajraragijowarricemaizebajraragijowarricemaizebajraragijowarricemaizebajraragijowarricemaizebajraragijowarricemaizebajraragijowarricemaizebajraragijowarricemaizebajraragijowarricemaizebajraragijowarricemaizebajraragijowarricemaizebajraragijowarricemaizebajraragijowarricemaizebajraragijowarricemaizebajraragijowarricemaizebajraragijowarricemaizebajraragijowarricemaizebajraragijowarricemaizebajraragijowarricemaizebajraragijowarricemaizebajraragijowarricemaizebajraragijowarricemaizebajraragijowarricemaizebajraragijowarricemaizebajraragijowarricemaizebajraragijowarricemaizebajraragijowarricemaizebajraragijowarricemaizebajraragijowarricemaizebajraragijowarricemaizebajraragijowarricemaizebajraragijowarricemaizebajraragijowarricemaizebajraragijowarricemaizebajraragijowarricemaizebajraragijowarricemaizebajraragijowarricemaizebajraragijowarricemaizebajraragijowarricemaizebajraragijowarricemaizebajraragijowarricemaizebajraragijowarricemaizebajraragijowarricemaizebajraragijowarricemaizebajraragijowarricemaizebajraragijowarricemaizebajraragijowarricemaizebajraragijowarricemaizebajraragijowarricemaizebajraragijowarricemaizebajraragijowarricemaizebajraragijowarricemaizebajraragijowarricemaizebajraragijowarricemaizebajraragijowarricemaizebajraragijowarricemaizebajraragijowarricemaizebajraragijowarricemaizebajraragijowarricemaizebajraragijowarricemaizebajraragijowarricemaizebajraragijowarricemaizebajraragijowarricemaizebajraragijowarricemaizebajraragijowarricemaizebajraragijowarricemaizebajraragijowarricemaizebajraragijowarricemaizebajraragijowarricemaizebajraragijowarricemaizebajraragijowarricemaizebajraragijowarricemaizebajraragijowarricemaizebajraragijowarricemaizebajraragijowarricemaizebajraragijowarricemaizebajraragijowarricemaizebajraragijowarricemaizebajraragijowarricemaizebajraragijowarricemaizebajraragijowarricemaizebajraragijowarricemaizebajraragijowarricemaizebajraragijowarricemaizebajraragijowarricemaizebajraragijowarricemaizebajraragijowarricemaizebajraragijowarricemaizebajraragijowarricemaizebajraragijowarricemaizebajraragijowarricemaizebajraragijowarricemaizebajraragijowarricemaizebajraragijowarricemaizebajraragijowarricemaizebajraragijowarricemaizebajraragijowarricemaizebajraragijowarricemaizebajraragijowarricemaizebajraragijowarricemaizebajraragijowarricemaizebajraragijowarricemaizebajraragijowarricemaizebajraragijowarricemaizebajraragijowarricemaizebajraragijowarricemaizebajraragijowarricemaizebajraragijowarricemaizebajraragijowarricemaizebajraragijowarricemaizebajraragijowarricemaizebajraragijowarricemaizebajraragijowarricemaizebajraragijowarricemaizebajraragijowarricemaizebajraragijowarricemaizebajraragijowarricemaizebajraragijowarricemaizebajraragijowarricemaizebajraragijowarricemaizebajraragijowarricemaizebajraragijowarricemaizebajraragijowarricemaizebajraragijowarricemaizebajraragijowarricemaizebajraragijowarricemaizebajraragijowarricemaizebajraragijowarricemaizebajraragijowarricemaizebajraragijowarricemaizebajraragijowarricemaizebajraragijowarricemaizebajraragijowarricemaizebajraragijowarricemaizebajraragijowarricemaizebajraragijowarricemaizebajraragijowarricemaizebajraragijowarricemaizebajraragijowarricemaizebajraragijowarricemaizebajraragijowarricemaizebajraragijowarricemaizebajraragijowarricemaizebajraragijowarricemaizebajraragijowarricemaizebajraragijowarricemaizebajraragijowarricemaizebajraragijowarricemaizebajraragijowarricemaizebajraragijowarricemaizebajraragijowarricemaizebajraragijowarricemaizebajraragijowarricemaizebajraragijowarricemaizebajraragijowarricemaizebajraragijowarricemaizebajraragijowarricemaizebajraragijowarricemaizebajraragijowarricemaizebajraragijowarricemaizebajraragijowarricemaizebajraragijowarricemaizebajraragijowarricemaizebajraragijowarricemaizebajraragijowarricemaizebajraragijowarricemaizebajraragijowarricemaizebajraragijowarricemaizebajraragijowarricemaizebajraragijowarricemaizebajraragijowarricemaizebajraragijowarricemaizebajraragijowarricemaizebajraragijowarricemaizebajraragijowarricemaizebajraragijowarricemaizebajraragijowarricemaizebajraragijowarricemaizebajraragijowarricemaizebajraragijowarricemaizebajraragijowarricemaizebajraragijowarricemaizebajraragijowarricemaizebajraragijowarricemaizebajraragijowarricemaizebajraragijowarricemaizebajraragijowarricemaizebajraragijowarricemaizebajraragijowarricemaizebajraragijowarricemaizebajraragijowarricemaizebajraragijowarricemaizebajraragijowarricemaizebajraragijowarricemaizebajraragijowarricemaizebajraragijowarricemaizebajraragijowarricemaizebajraragijowarricemaizebajraragijowarricemaizebajraragijowarricemaizebajraragijowarricemaizebajraragijowarricemaizebajraragijowarricemaizebajraragijowarricemaizebajraragijowarricemaizebajraragijowarricemaizebajraragijowarricemaizebajraragijowarricemaizebajraragijowarricemaizebajraragijowarricemaizebajraragijowarricemaizebajraragijowarricemaizebajraragijowarricemaizebajraragijowarricemaizebajraragijowarricemaizebajraragijowarricemaizebajraragijowarricemaizebajraragijowarricemaizebajraragijowarricemaizebajraragijowarricemaizebajraragijowarricemaizebajraragijowarricemaizebajraragijowarricemaizebajraragijowarricemaizebajraragijowarricemaizebajraragijowarricemaizebajraragijowarricemaizebajraragijowarricemaizebajraragijowarricemaizebajraragijowarricemaizebajraragijowarricemaizebajraragijowarricemaizebajraragijowarricemaizebajraragijowarricemaizebajraragijowarricemaizebajraragijowarricemaizebajraragijowarricemaizebajraragijowarricemaizebajraragijowarricemaizebajraragijowarricemaizebajraragijowarricemaizebajraragijowarricemaizebajraragijowarricemaizebajraragijowarricemaizebajraragijowarricemaizebajraragijowarricemaizebajraragijowarricemaizebajraragijowarricemaizebajraragijowarricemaizebajraragijowarricemaizebajraragijowarricemaizebajraragijowarricemaizebajraragijowarricemaizebajraragijowarricemaizebajraragijowarricemaizebajraragijowarricemaizebajraragijowarricemaizebajraragijowarricemaizebajraragijowarricemaizebajraragijowarricemaizebajraragijowarricemaizebajraragijowarricemaizebajraragijowarricemaizebajraragijowarricemaizebajraragijowarricemaizebajraragijowarricemaizebajraragijowarricemaizebajraragijowarricemaizebajraragijowarricemaizebajraragijowarricemaizebajraragijowarricemaizebajraragijowarricemaizebajraragijowarricemaizebajraragijowarricemaizebajraragijowarricemaizebajraragijowarricemaizebajraragijowarricemaizebajraragijowarricemaizebajraragijowarricemaizebajraragijowarricemaizebajraragijowarricemaizebajraragijowarricemaizebajraragijowarricemaizebajraragijowarricemaizebajraragijowarricemaizebajraragijowarricemaizebajraragijowarricemaizebajraragijowarricemaizebajraragijowarricemaizebajraragijowarricemaizebajraragijowarricemaizebajraragijowarricemaizebajraragijowarricemaizebajraragijowarricemaizebajraragijowarricemaizebajraragijowarricemaizebajraragijowarricemaizebajraragijowarricemaizebajraragijowarricemaizebajraragijowarricemaizebajraragijowarricemaizebajraragijowarricemaizebajraragijowarricemaizebajraragijowarricemaizebajraragijowarricemaizebajraragijowarricemaizebajraragijowarricemaizebajraragijowarricemaizebajraragijowarricemaizebajraragijowarricemaizebajraragijowarricemaizebajraragijowarricemaizebajraragijowarricemaizebajraragijowarricemaizebajraragijowarricemaizebajraragijowarricemaizebajraragijowarricemaizebajraragijowarricemaizebajraragijowarricemaizebajraragijowarricemaizebajraragijowarricemaizebajraragijowarricemaizebajraragijowarricemaizebajraragijowarricemaizebajraragijowarricemaizebajraragijowarricemaizebajraragijowarricemaizebajraragijowarricemaizebajraragijowarricemaizebajraragijowarricemaizebajraragijowarricemaizebajraragijowarricemaizebajraragijowarricemaizebajraragijowarricemaizebajraragijowarricemaizebajraragijowarricemaizebajraragijowarricemaizebajraragijowarricemaizebajraragijowarricemaizebajraragijowarricemaizebajraragijowarricemaizebajraragijowarricemaizebajraragijowarricemaizebajraragijowarricemaizebajraragijowarricemaizebajraragijowarricemaizebajraragijowarricemaizebajraragijowarricemaizebajraragijowarricemaizebajraragijowarricemaizebajraragijowarricemaizebajraragijowarricemaizebajraragijowarricemaizebajraragijowarricemaizebajraragijowarricemaizebajraragijowarricemaizebajraragijowarricemaizebajraragijowarricemaizebajraragijowarricemaizebajraragijowarricemaizebajraragijowarricemaizebajraragijowarricemaizebajraragijowarricemaizebajraragijowarricemaizebajraragijowarricemaizebajraragijowarricemaizebajraragijowarricemaizebajraragijowarricemaizebajraragijowarricemaizebajraragijowarricemaizebajraragijowarricemaizebajraragijowarricemaizebajraragijowarricemaizebajraragijowarricemaizebajraragijowarricemaizebajraragijowarricemaizebajraragijowarricemaizebajraragijowarricemaizebajraragijowarricemaizebajraragijowarricemaizebajraragijowarricemaizebajraragijowarricemaizebajraragijowarricemaizebajraragijowarricemaizebajraragijowarricemaizebajraragijowarricemaizebajraragijowarricemaizebajraragijowarricemaizebajraragijowarricemaizebajraragijowarricemaizebajraragijowarricemaizebajraragijowarricemaizebajraragijowarricemaizebajraragijowarricemaizebajraragijowarricemaizebajraragijowarricemaizebajraragijowarricemaizebajraragijowarricemaizebajraragijowarricemaizebajraragijowarricemaizebajraragijowarricemaizebajraragijowarricemaizebajraragijowarricemaizebajraragijowarricemaizebajraragijowarricemaizebajraragijowarricemaizebajraragijowarricemaizebajraragijowarricemaizebajraragijowarricemaizebajraragijowarricemaizebajraragijowarricemaizebajraragijowarricemaizebajraragijowarricemaizebajraragijowarricemaizebajraragijowarricemaizebajraragijowarricemaizebajraragijowarricemaizebajraragijowarricemaizebajraragijowarricemaizebajraragijowarricemaizebajraragijowarricemaizebajraragijowarricemaizebajraragijowarricemaizebajraragijowarricemaizebajraragijowarricemaizebajraragijowarricemaizebajraragijowarricemaizebajraragijowarricemaizebajraragijowarricemaizebajraragijowarricemaizebajraragijowarricemaizebajraragijowarricemaizebajraragijowarricemaizebajraragijowarricemaizebajraragijowarricemaizebajraragijowarricemaizebajraragijowarricemaizebajraragijowarricemaizebajraragijowarricemaizebajraragijowarricemaizebajraragijowarricemaizebajraragijowarricemaizebajraragijowarricemaizebajraragijowarricemaizebajraragijowarricemaizebajraragijowarricemaizebajraragijowarricemaizebajraragijowarricemaizebajraragijowarricemaizebajraragijowarricemaizebajraragijowarricemaizebajraragijowarricemaizebajraragijowarricemaizebajraragijowarricemaizebajraragijowarricemaizebajraragijowarricemaizebajraragijowarricemaizebajraragijowarricemaizebajraragijowarricemaizebajraragijowarricemaizebajraragijowarricemaizebajraragijowarricemaizebajraragijowarricemaizebajraragijowarricemaizebajraragijowarricemaizebajraragijowarricemaizebajraragijowarricemaizebajraragijowarricemaizebajraragijowarricemaizebajraragijowarricemaizebajraragijowarricemaizebajraragijowarricemaizebajraragijowarricemaizebajraragijowarricemaizebajraragijowarricemaizebajraragijowarricemaizebajraragijowarricemaizebajraragijowarricemaizebajraragijowarricemaizebajraragijowarricemaizebajraragijowarricemaizebajraragijowarricemaizebajraragijowarricemaizebajraragijowarricemaizebajraragijowarricemaizebajraragijowarricemaizebajraragijowarricemaizebajraragijowarricemaizebajraragijowarricemaizebajraragijowarricemaizebajraragijowarricemaizebajraragijowarricemaizebajraragijowarricemaizebajraragijowarricemaizebajraragijowarricemaizebajraragijowarricemaizebajraragijowarricemaizebajraragijowarricemaizebajraragijowarricemaizebajraragijowarricemaizebajraragijowarricemaizebajraragijowarricemaizebajraragijowarricemaizebajraragijowarricemaizebajraragijowarricemaizebajraragijowarricemaizebajraragijowarricemaizebajraragijowarricemaizebajraragijowarricemaizebajraragijowarricemaizebajraragijowarricemaizebajraragijowarricemaizebajraragijowarricemaizebajraragijowarricemaizebajraragijowarricemaizebajraragijowarricemaizebajraragijowarricemaizebajraragijowarricemaizebajraragijowarricemaizebajraragijowarricemaizebajraragijowarricemaizebajraragijowarricemaizebajraragijowarricemaizebajraragijowarricemaizebajraragijowarricemaizebajraragijowarricemaizebajraragijowarricemaizebajraragijowarricemaizebajraragijowarricemaizebajraragijowarricemaizebajraragijowarricemaizebajraragijowarricemaizebajraragijowarricemaizebajraragijowarricemaizebajraragijowarricemaizebajraragijowarricemaizebajraragijowarricemaizebajraragijowarricemaizebajraragijowarricemaizebajraragijowarricemaizebajraragijowarricemaizebajraragijowarricemaizebajraragijowarricemaizebajraragijowarricemaizebajraragijowarricemaizebajraragijowarricemaizebajraragijowarricemaizebajraragijowarricemaizebajraragijowar,10.0,10.0,5500.0,55000.0,55000.0,1302.9546071969503,1302.9546071969503,485.3081412339008,485.3081412339008,593.4546071969503,593.4546071969503,331.3081412339008,331.3081412339008,195800000.0,195800000.0,82.13913102999999,82.13913102999999,322.7799608544213,322.7799608544213,20.88960217333265,20.88960217333265,69554.39966296578,69554.39966296578,-11447.309368191636,-11447.309368191636,10.0,0.0,0.0,0.0,0.0,0.0,0.0,-0.0,0.0,0.0,0.0
6,chhattisgarh,ariyalurariyalurariyalurariyalurariyalurcoimbatorecoimbatorecoimbatorecoimbatorecoimbatorecuddalorecuddalorecuddalorecuddalorecuddaloredharmapuridharmapuridharmapuridharmapuridharmapuridindiguldindiguldindiguldindiguldindigulerodeerodeerodeerodeerodekancheepuramkancheepuramkancheepuramkancheepuramkancheepuramkanniyakumarikanniyakumarikanniyakumarikanniyakumarikanniyakumarikarurkarurkarurkarurkarurkrishnagirikrishnagirikrishnagirikrishnagirikrishnagirimaduraimaduraimaduraimaduraimadurainagappattinamnagappattinamnagappattinamnagappattinamnagappattinamnamakkalnamakkalnamakkalnamakkalnamakkalperambalurperambalurperambalurperambalurperambalurpudukkottaipudukkottaipudukkottaipudukkottaipudukkottairamanathapuramramanathapuramramanathapuramramanathapuramramanathapuramsalemsalemsalemsalemsalemsivagangasivagangasivagangasivagangasivagangathanjavurthanjavurthanjavurthanjavurthanjavurthe nilgiristhe nilgiristhe nilgiristhe nilgiristhe nilgiristhenithenithenithenithenithiruvallurthiruvallurthiruvallurthiruvallurthiruvallurthiruvarurthiruvarurthiruvarurthiruvarurthiruvarurtiruchirappallitiruchirappallitiruchirappallitiruchirappallitiruchirappallitirunelvelitirunelvelitirunelvelitirunelvelitirunelvelitiruppurtiruppurtiruppurtiruppurtiruppurtiruvannamalaitiruvannamalaitiruvannamalaitiruvannamalaitiruvannamalaituticorintuticorintuticorintuticorintuticorinvellorevellorevellorevellorevelloreviluppuramviluppuramviluppuramviluppuramviluppuramvirudhunagarvirudhunagarvirudhunagarvirudhunagarvirudhunagaramritsaramritsaramritsaramritsaramritsarbarnalabarnalabarnalabarnalabarnalabathindabathindabathindabathindabathindafaridkotfaridkotfaridkotfaridkotfaridkotfatehgarh sahibfatehgarh sahibfatehgarh sahibfatehgarh sahibfatehgarh sahibfazilkafazilkafazilkafazilkafazilkafirozpurfirozpurfirozpurfirozpurfirozpurgurdaspurgurdaspurgurdaspurgurdaspurgurdaspurhoshiarpurhoshiarpurhoshiarpurhoshiarpurhoshiarpurjalandharjalandharjalandharjalandharjalandharkapurthalakapurthalakapurthalakapurthalakapurthalaludhianaludhianaludhianaludhianaludhianamansamansamansamansamansamogamogamogamogamogamuktsarmuktsarmuktsarmuktsarmuktsarpathankotpathankotpathankotpathankotpathankotpatialapatialapatialapatialapatialarupnagarrupnagarrupnagarrupnagarrupnagarsangrursangrursangrursangrursangrurshahid bhagat singh nagarshahid bhagat singh nagarshahid bhagat singh nagarshahid bhagat singh nagarshahid bhagat singh nagartarn tarantarn tarantarn tarantarn tarantarn taranambalaambalaambalaambalaambalabhiwanibhiwanibhiwanibhiwanibhiwanicharki dadricharki dadricharki dadricharki dadricharki dadrifaridabadfaridabadfaridabadfaridabadfaridabadfatehabadfatehabadfatehabadfatehabadfatehabadgurgaongurgaongurgaongurgaongurgaonhisarhisarhisarhisarhisarjhajjarjhajjarjhajjarjhajjarjhajjarjindjindjindjindjindkaithalkaithalkaithalkaithalkaithalkarnalkarnalkarnalkarnalkarnalkurukshetrakurukshetrakurukshetrakurukshetrakurukshetramewatmewatmewatmewatmewatpalwalpalwalpalwalpalwalpalwalpanchkulapanchkulapanchkulapanchkulapanchkulapanipatpanipatpanipatpanipatpanipatrewarirewarirewarirewarirewarirohtakrohtakrohtakrohtakrohtaksirsasirsasirsasirsasirsasonipatsonipatsonipatsonipatsonipatyamunanagaryamunanagaryamunanagaryamunanagaryamunanagaranantapuranantapuranantapuranantapuranantapurchittoorchittoorchittoorchittoorchittooreast godavarieast godavarieast godavarieast godavarieast godavarigunturgunturgunturgunturgunturkadapakadapakadapakadapakadapakrishnakrishnakrishnakrishnakrishnakurnoolkurnoolkurnoolkurnoolkurnoolprakasamprakasamprakasamprakasamprakasamnellorenellorenellorenellorenelloresrikakulamsrikakulamsrikakulamsrikakulamsrikakulamvisakhapatnamvisakhapatnamvisakhapatnamvisakhapatnamvisakhapatnamvizianagaramvizianagaramvizianagaramvizianagaramvizianagaramwest godavariwest godavariwest godavariwest godavariwest godavariballariballariballariballariballaribangalore ruralbangalore ruralbangalore ruralbangalore ruralbangalore ruralbelagavibelagavibelagavibelagavibelagavibengaluru urbanbengaluru urbanbengaluru urbanbengaluru urbanbengaluru urbanbidarbidarbidarbidarbidarchamarajanagarachamarajanagarachamarajanagarachamarajanagarachamarajanagarachikkaballapurachikkaballapurachikkaballapurachikkaballapurachikkaballapurachikmagalurchikmagalurchikmagalurchikmagalurchikmagalurchitradurgachitradurgachitradurgachitradurgachitradurgadakshina kannadadakshina kannadadakshina kannadadakshina kannadadakshina kannadadavangeredavangeredavangeredavangeredavangeredharwaddharwaddharwaddharwaddharwadgadaggadaggadaggadaggadaghassanhassanhassanhassanhassanhaverihaverihaverihaverihaverikalaburagikalaburagikalaburagikalaburagikalaburagikodagukodagukodagukodagukodagukolarkolarkolarkolarkolarkoppalkoppalkoppalkoppalkoppalmandyamandyamandyamandyamandyamysurumysurumysurumysurumysururaichurraichurraichurraichurraichurramanagararamanagararamanagararamanagararamanagarashivamoggashivamoggashivamoggashivamoggashivamoggatumakurutumakurutumakurutumakurutumakuruudupiudupiudupiudupiudupiuttara kannadauttara kannadauttara kannadauttara kannadauttara kannadavijayapuravijayapuravijayapuravijayapuravijayapurayadgiryadgiryadgiryadgiryadgiralmoraalmoraalmoraalmoraalmorabageshwarbageshwarbageshwarbageshwarbageshwarchamolichamolichamolichamolichamolichampawatchampawatchampawatchampawatchampawatdehradundehradundehradundehradundehradunhardwarhardwarhardwarhardwarhardwarnainitalnainitalnainitalnainitalnainitalpauri garhwalpauri garhwalpauri garhwalpauri garhwalpauri garhwalpithoragarhpithoragarhpithoragarhpithoragarhpithoragarhrudra prayagrudra prayagrudra prayagrudra prayagrudra prayagtehri garhwaltehri garhwaltehri garhwaltehri garhwaltehri garhwaludham singh nagarudham singh nagarudham singh nagarudham singh nagarudham singh nagaruttar kashiuttar kashiuttar kashiuttar kashiuttar kashispsr nellorespsr nellorespsr nellorespsr nellorespsr nellorevisakhapatanamvisakhapatanamvisakhapatanamvisakhapatanamvisakhapatanamparaganas northparaganas northparaganas northparaganas northparaganas northparaganas southparaganas southparaganas southparaganas southparaganas southalipurduaralipurduaralipurduaralipurduaralipurduarbankurabankurabankurabankurabankurabirbhumbirbhumbirbhumbirbhumbirbhumcoochbeharcoochbeharcoochbeharcoochbeharcoochbehardarjeelingdarjeelingdarjeelingdarjeelingdarjeelingdakshin dinajpurdakshin dinajpurdakshin dinajpurdakshin dinajpurdakshin dinajpuruttar dinajpuruttar dinajpuruttar dinajpuruttar dinajpuruttar dinajpurhooghlyhooghlyhooghlyhooghlyhooghlyhowrahhowrahhowrahhowrahhowrahjalpaigurijalpaigurijalpaigurijalpaigurijalpaigurijhargramjhargramjhargramjhargramjhargramkalimpongkalimpongkalimpongkalimpongkalimpongmaldahmaldahmaldahmaldahmaldahmedinipur eastmedinipur eastmedinipur eastmedinipur eastmedinipur eastmedinipur westmedinipur westmedinipur westmedinipur westmedinipur westmurshidabadmurshidabadmurshidabadmurshidabadmurshidabadnadianadianadianadianadiabarddhamanbarddhamanbarddhamanbarddhamanbarddhamanpuruliyapuruliyapuruliyapuruliyapuruliyaalappuzhaalappuzhaalappuzhaalappuzhaalappuzhaernakulamernakulamernakulamernakulamernakulamidukkiidukkiidukkiidukkiidukkikannurkannurkannurkannurkannurkasaragodkasaragodkasaragodkasaragodkasaragodkollamkollamkollamkollamkollamkottayamkottayamkottayamkottayamkottayamkozhikodekozhikodekozhikodekozhikodekozhikodemalappurammalappurammalappurammalappurammalappurampalakkadpalakkadpalakkadpalakkadpalakkadpathanamthittapathanamthittapathanamthittapathanamthittapathanamthittathiruvananthapuramthiruvananthapuramthiruvananthapuramthiruvananthapuramthiruvananthapuramthrissurthrissurthrissurthrissurthrissurwayanadwayanadwayanadwayanadwayanadbagalkotbagalkotbagalkotbagalkotbagalkotchikballapurachikballapurachikballapurachikballapurachikballapurachikkamagaluruchikkamagaluruchikkamagaluruchikkamagaluruchikkamagalurudavanageredavanageredavanageredavanageredavanagereyadagiriyadagiriyadagiriyadagiriyadagiriagraagraagraagraagraaligarhaligarhaligarhaligarhaligarhallahabadallahabadallahabadallahabadallahabadambedkar nagarambedkar nagarambedkar nagarambedkar nagarambedkar nagaramethiamethiamethiamethiamethiamrohaamrohaamrohaamrohaamrohaauraiyaauraiyaauraiyaauraiyaauraiyaazamgarhazamgarhazamgarhazamgarhazamgarhbaghpatbaghpatbaghpatbaghpatbaghpatbahraichbahraichbahraichbahraichbahraichballiaballiaballiaballiaballiabalrampurbalrampurbalrampurbalrampurbalrampurbandabandabandabandabandabarabankibarabankibarabankibarabankibarabankibareillybareillybareillybareillybareillybastibastibastibastibastibijnorbijnorbijnorbijnorbijnorbudaunbudaunbudaunbudaunbudaunbulandshahrbulandshahrbulandshahrbulandshahrbulandshahrchandaulichandaulichandaulichandaulichandaulichitrakootchitrakootchitrakootchitrakootchitrakootdeoriadeoriadeoriadeoriadeoriaetahetahetahetahetahetawahetawahetawahetawahetawahfaizabadfaizabadfaizabadfaizabadfaizabadfarrukhabadfarrukhabadfarrukhabadfarrukhabadfarrukhabadfatehpurfatehpurfatehpurfatehpurfatehpurfirozabadfirozabadfirozabadfirozabadfirozabadkanpur nagarkanpur nagarkanpur nagarkanpur nagarkanpur nagarghaziabadghaziabadghaziabadghaziabadghaziabadghazipurghazipurghazipurghazipurghazipurgondagondagondagondagondagorakhpurgorakhpurgorakhpurgorakhpurgorakhpurhamirpurhamirpurhamirpurhamirpurhamirpurhapurhapurhapurhapurhapurhardoihardoihardoihardoihardoihathrashathrashathrashathrashathrasjalaunjalaunjalaunjalaunjalaunjaunpurjaunpurjaunpurjaunpurjaunpurjhansijhansijhansijhansijhansikannaujkannaujkannaujkannaujkannaujkanpur dehatkanpur dehatkanpur dehatkanpur dehatkanpur dehatkasganjkasganjkasganjkasganjkasganjkaushambikaushambikaushambikaushambikaushambilakhimpur kherilakhimpur kherilakhimpur kherilakhimpur kherilakhimpur kherikushinagarkushinagarkushinagarkushinagarkushinagarlalitpurlalitpurlalitpurlalitpurlalitpurlucknowlucknowlucknowlucknowlucknowmaharajganjmaharajganjmaharajganjmaharajganjmaharajganjmahobamahobamahobamahobamahobamainpurimainpurimainpurimainpurimainpurimathuramathuramathuramathuramathuramaumaumaumaumaumeerutmeerutmeerutmeerutmeerutmirzapurmirzapurmirzapurmirzapurmirzapurmoradabadmoradabadmoradabadmoradabadmoradabadmuzaffarnagarmuzaffarnagarmuzaffarnagarmuzaffarnagarmuzaffarnagarpilibhitpilibhitpilibhitpilibhitpilibhitpratapgarhpratapgarhpratapgarhpratapgarhpratapgarhrae barelirae barelirae barelirae barelirae barelirampurrampurrampurrampurrampursaharanpursaharanpursaharanpursaharanpursaharanpursambhalsambhalsambhalsambhalsambhalsant kabeer nagarsant kabeer nagarsant kabeer nagarsant kabeer nagarsant kabeer nagarsant ravi das nagarsant ravi das nagarsant ravi das nagarsant ravi das nagarsant ravi das nagarshahajahanpurshahajahanpurshahajahanpurshahajahanpurshahajahanpurshamlishamlishamlishamlishamlishravastishravastishravastishravastishravastisiddharth nagarsiddharth nagarsiddharth nagarsiddharth nagarsiddharth nagarsitapursitapursitapursitapursitapursonbhadrasonbhadrasonbhadrasonbhadrasonbhadrasultanpursultanpursultanpursultanpursultanpurunnaounnaounnaounnaounnaovaranasivaranasivaranasivaranasivaranasiahmednagarahmednagarahmednagarahmednagarahmednagaramravatiamravatiamravatiamravatiamravatibeedbeedbeedbeedbeedbhandarabhandarabhandarabhandarabhandarachandrapurchandrapurchandrapurchandrapurchandrapurdhuledhuledhuledhuledhulegadchiroligadchiroligadchiroligadchiroligadchiroligondiagondiagondiagondiagondiakolhapurkolhapurkolhapurkolhapurkolhapurlaturlaturlaturlaturlaturnagpurnagpurnagpurnagpurnagpurnandednandednandednandednandednandurbarnandurbarnandurbarnandurbarnandurbarnashiknashiknashiknashiknashikosmanabadosmanabadosmanabadosmanabadosmanabadpalgharpalgharpalgharpalgharpalgharpunepunepunepunepuneraigadraigadraigadraigadraigadratnagiriratnagiriratnagiriratnagiriratnagirisanglisanglisanglisanglisanglisatarasatarasatarasatarasatarasindhudurgsindhudurgsindhudurgsindhudurgsindhudurgsolapursolapursolapursolapursolapurthanethanethanethanethaneanantnaganantnaganantnaganantnaganantnagbadgambadgambadgambadgambadgambandiporabandiporabandiporabandiporabandiporabaramullabaramullabaramullabaramullabaramulladodadodadodadodadodaganderbalganderbalganderbalganderbalganderbaljammujammujammujammujammukathuakathuakathuakathuakathuakishtwarkishtwarkishtwarkishtwarkishtwarkulgamkulgamkulgamkulgamkulgamkupwarakupwarakupwarakupwarakupwarapoonchpoonchpoonchpoonchpoonchpulwamapulwamapulwamapulwamapulwamarajaurirajaurirajaurirajaurirajaurirambanrambanrambanrambanrambanreasireasireasireasireasisambasambasambasambasambashopianshopianshopianshopianshopiansrinagarsrinagarsrinagarsrinagarsrinagarudhampurudhampurudhampurudhampurudhampurahmadabadahmadabadahmadabadahmadabadahmadabadanandanandanandanandanandaravalliaravalliaravalliaravalliaravallibharuchbharuchbharuchbharuchbharuchchhotaudepurchhotaudepurchhotaudepurchhotaudepurchhotaudepurdangdangdangdangdangdohaddohaddohaddohaddohadgandhinagargandhinagargandhinagargandhinagargandhinagarkhedakhedakhedakhedakhedamahesanamahesanamahesanamahesanamahesanamahisagarmahisagarmahisagarmahisagarmahisagarnarmadanarmadanarmadanarmadanarmadanavsarinavsarinavsarinavsarinavsaripanch mahalspanch mahalspanch mahalspanch mahalspanch mahalssabar kanthasabar kanthasabar kanthasabar kanthasabar kanthasuratsuratsuratsuratsuratsurendranagarsurendranagarsurendranagarsurendranagarsurendranagartapitapitapitapitapivadodaravadodaravadodaravadodaravadodaravalsadvalsadvalsadvalsadvalsadajmerajmerajmerajmerajmeralwaralwaralwaralwaralwarbanswarabanswarabanswarabanswarabanswarabaranbaranbaranbaranbaranbharatpurbharatpurbharatpurbharatpurbharatpurbhilwarabhilwarabhilwarabhilwarabhilwarabundibundibundibundibundichittorgarhchittorgarhchittorgarhchittorgarhchittorgarhdholpurdholpurdholpurdholpurdholpurdungarpurdungarpurdungarpurdungarpurdungarpurganganagarganganagarganganagarganganagarganganagarhanumangarhhanumangarhhanumangarhhanumangarhhanumangarhjhalawarjhalawarjhalawarjhalawarjhalawarkaraulikaraulikaraulikaraulikaraulikotakotakotakotakotarajsamandrajsamandrajsamandrajsamandrajsamandsawai madhopursawai madhopursawai madhopursawai madhopursawai madhopurtonktonktonktonktonkudaipurudaipurudaipurudaipurudaipurarariaarariaarariaarariaarariaarwalarwalarwalarwalarwalaurangabadaurangabadaurangabadaurangabadaurangabadbankabankabankabankabankabegusaraibegusaraibegusaraibegusaraibegusaraibhagalpurbhagalpurbhagalpurbhagalpurbhagalpurbhojpurbhojpurbhojpurbhojpurbhojpurbuxarbuxarbuxarbuxarbuxardarbhangadarbhangadarbhangadarbhangadarbhangagayagayagayagayagayagopalganjgopalganjgopalganjgopalganjgopalganjjamuijamuijamuijamuijamuijehanabadjehanabadjehanabadjehanabadjehanabadkaimurkaimurkaimurkaimurkaimurkatiharkatiharkatiharkatiharkatiharkhagariakhagariakhagariakhagariakhagariakishanganjkishanganjkishanganjkishanganjkishanganjlakhisarailakhisarailakhisarailakhisarailakhisaraimadhepuramadhepuramadhepuramadhepuramadhepuramadhubanimadhubanimadhubanimadhubanimadhubanimungermungermungermungermungermuzaffarpurmuzaffarpurmuzaffarpurmuzaffarpurmuzaffarpurnalandanalandanalandanalandanalandanawadanawadanawadanawadanawadapashchim champaranpashchim champaranpashchim champaranpashchim champaranpashchim champaranpatnapatnapatnapatnapatnapurbi champaranpurbi champaranpurbi champaranpurbi champaranpurbi champaranpurniapurniapurniapurniapurniarohtasrohtasrohtasrohtasrohtassaharsasaharsasaharsasaharsasaharsasamastipursamastipursamastipursamastipursamastipursaransaransaransaransaransheikhpurasheikhpurasheikhpurasheikhpurasheikhpurasheoharsheoharsheoharsheoharsheoharsitamarhisitamarhisitamarhisitamarhisitamarhisiwansiwansiwansiwansiwansupaulsupaulsupaulsupaulsupaulvaishalivaishalivaishalivaishalivaishalidinajpur dakshindinajpur dakshindinajpur dakshindinajpur dakshindinajpur dakshindinajpur uttardinajpur uttardinajpur uttardinajpur uttardinajpur uttarpaschim bardhamanpaschim bardhamanpaschim bardhamanpaschim bardhamanpaschim bardhamanpurba bardhamanpurba bardhamanpurba bardhamanpurba bardhamanpurba bardhamanpuruliapuruliapuruliapuruliapurulianagapattinamnagapattinamnagapattinamnagapattinamnagapattinamvirudunagarvirudunagarvirudunagarvirudunagarvirudunagaranugulanugulanugulanugulanugulbalangirbalangirbalangirbalangirbalangirbaleshwarbaleshwarbaleshwarbaleshwarbaleshwarbargarhbargarhbargarhbargarhbargarhbhadrakbhadrakbhadrakbhadrakbhadrakboudhboudhboudhboudhboudhcuttackcuttackcuttackcuttackcuttackdeogarhdeogarhdeogarhdeogarhdeogarhdhenkanaldhenkanaldhenkanaldhenkanaldhenkanalgajapatigajapatigajapatigajapatigajapatiganjamganjamganjamganjamganjamjagatsinghapurjagatsinghapurjagatsinghapurjagatsinghapurjagatsinghapurjajapurjajapurjajapurjajapurjajapurjharsugudajharsugudajharsugudajharsugudajharsugudakalahandikalahandikalahandikalahandikalahandikandhamalkandhamalkandhamalkandhamalkandhamalkendraparakendraparakendraparakendraparakendraparakendujharkendujharkendujharkendujharkendujharkhordhakhordhakhordhakhordhakhordhakoraputkoraputkoraputkoraputkoraputmalkangirimalkangirimalkangirimalkangirimalkangirimayurbhanjmayurbhanjmayurbhanjmayurbhanjmayurbhanjnabarangpurnabarangpurnabarangpurnabarangpurnabarangpurnayagarhnayagarhnayagarhnayagarhnayagarhnuapadanuapadanuapadanuapadanuapadapuripuripuripuripurirayagadarayagadarayagadarayagadarayagadasambalpursambalpursambalpursambalpursambalpursonepursonepursonepursonepursonepursundargarhsundargarhsundargarhsundargarhsundargarhbaksabaksabaksabaksabaksabarpetabarpetabarpetabarpetabarpetabongaigaonbongaigaonbongaigaonbongaigaonbongaigaoncacharcacharcacharcacharcacharchirangchirangchirangchirangchirangdarrangdarrangdarrangdarrangdarrangdhemajidhemajidhemajidhemajidhemajidhubridhubridhubridhubridhubridibrugarhdibrugarhdibrugarhdibrugarhdibrugarhdima hasaodima hasaodima hasaodima hasaodima hasaogoalparagoalparagoalparagoalparagoalparagolaghatgolaghatgolaghatgolaghatgolaghathailakandihailakandihailakandihailakandihailakandijorhatjorhatjorhatjorhatjorhatkamrupkamrupkamrupkamrupkamrupkarbi anglongkarbi anglongkarbi anglongkarbi anglongkarbi anglongkarimganjkarimganjkarimganjkarimganjkarimganjkokrajharkokrajharkokrajharkokrajharkokrajharlakhimpurlakhimpurlakhimpurlakhimpurlakhimpurmorigaonmorigaonmorigaonmorigaonmorigaonnagaonnagaonnagaonnagaonnagaonnalbarinalbarinalbarinalbarinalbarisivasagarsivasagarsivasagarsivasagarsivasagarsonitpursonitpursonitpursonitpursonitpurtinsukiatinsukiatinsukiatinsukiatinsukiaudalguriudalguriudalguriudalguriudalguribokarobokarobokarobokarobokarochatrachatrachatrachatrachatradeoghardeoghardeoghardeoghardeoghardhanbaddhanbaddhanbaddhanbaddhanbaddumkadumkadumkadumkadumkaeast singhbumeast singhbumeast singhbumeast singhbumeast singhbumgarhwagarhwagarhwagarhwagarhwagiridihgiridihgiridihgiridihgiridihgoddagoddagoddagoddagoddagumlagumlagumlagumlagumlahazaribaghhazaribaghhazaribaghhazaribaghhazaribaghjamtarajamtarajamtarajamtarajamtarakhuntikhuntikhuntikhuntikhuntikodermakodermakodermakodermakodermalateharlateharlateharlateharlateharlohardagalohardagalohardagalohardagalohardagapakurpakurpakurpakurpakurpalamupalamupalamupalamupalamuramgarhramgarhramgarhramgarhramgarhranchiranchiranchiranchiranchisahibganjsahibganjsahibganjsahibganjsahibganjsaraikelakharsawansaraikelakharsawansaraikelakharsawansaraikelakharsawansaraikelakharsawansimdegasimdegasimdegasimdegasimdegawest singhbhumwest singhbhumwest singhbhumwest singhbhumwest singhbhumbilaspurbilaspurbilaspurbilaspurbilaspurchambachambachambachambachambakangrakangrakangrakangrakangrakinnaurkinnaurkinnaurkinnaurkinnaurkullukullukullukullukullumandimandimandimandimandishimlashimlashimlashimlashimlasirmaursirmaursirmaursirmaursirmaursolansolansolansolansolanunaunaunaunaunakaimur (bhabua)kaimur (bhabua)kaimur (bhabua)kaimur (bhabua)kaimur (bhabua)baloda bazarbaloda bazarbaloda bazarbaloda bazarbaloda bazarbaloda bazaruttar bastar kankeruttar bastar kankeruttar bastar kankeruttar bastar kankeruttar bastar kankeruttar bastar kankerbemetarabemetarabemetarabemetarabemetarabijapurbijapurbijapurbijapurbijapurdantewadadantewadadantewadadantewadadantewadadhamtaridhamtaridhamtaridhamtaridhamtaridurgdurgdurgdurgdurggariabandgariabandgariabandgariabandgariabandjanjgirchampajanjgirchampajanjgirchampajanjgirchampajanjgirchampajashpurjashpurjashpurjashpurjashpurkabirdhamkabirdhamkabirdhamkabirdhamkabirdhamkondagaonkondagaonkondagaonkondagaonkondagaonkorbakorbakorbakorbakorbakoreakoreakoreakoreakoreamahasamundmahasamundmahasamundmahasamundmahasamundmungelimungelimungelimungelimungelinarayanpurnarayanpurnarayanpurnarayanpurnarayanpurraigarhraigarhraigarhraigarhraigarhraipurraipurraipurraipurraipurrajnandgaonrajnandgaonrajnandgaonrajnandgaonrajnandgaonsukmasukmasukmasukmasukmasurajpursurajpursurajpursurajpursurajpursurgujasurgujasurgujasurgujasurgujalahul and spitilahul and spitilahul and spitilahul and spitilahul and spitiarvalliarvalliarvalliarvalliarvallibanas kanthabanas kanthabanas kanthabanas kanthabanas kanthadevbhumi dwarkadevbhumi dwarkadevbhumi dwarkadevbhumi dwarkadevbhumi dwarkakachchhkachchhkachchhkachchhkachchhpatanpatanpatanpatanpatanrajkotrajkotrajkotrajkotrajkotahmadnagarahmadnagarahmadnagarahmadnagarahmadnagarakolaakolaakolaakolaakolabuldhanabuldhanabuldhanabuldhanabuldhanahingolihingolihingolihingolihingolijalgaonjalgaonjalgaonjalgaonjalgaonjalnajalnajalnajalnajalnaparbhaniparbhaniparbhaniparbhaniparbhaniwashimwashimwashimwashimwashimyavatmalyavatmalyavatmalyavatmalyavatmalagar malwaagar malwaagar malwaagar malwaagar malwaalirajpuralirajpuralirajpuralirajpuralirajpuranuppuranuppuranuppuranuppuranuppurashoknagarashoknagarashoknagarashoknagarashoknagarbalaghatbalaghatbalaghatbalaghatbalaghatbarwanibarwanibarwanibarwanibarwanibetulbetulbetulbetulbetulbhopalbhopalbhopalbhopalbhopalburhanpurburhanpurburhanpurburhanpurburhanpurchhatarpurchhatarpurchhatarpurchhatarpurchhatarpurchhindwarachhindwarachhindwarachhindwarachhindwaradamohdamohdamohdamohdamohdatiadatiadatiadatiadatiadewasdewasdewasdewasdewasdhardhardhardhardhardindoridindoridindoridindoridindorigunagunagunagunagunagwaliorgwaliorgwaliorgwaliorgwaliorhardahardahardahardahardahoshangabadhoshangabadhoshangabadhoshangabadhoshangabadindoreindoreindoreindoreindorejabalpurjabalpurjabalpurjabalpurjabalpurjhabuajhabuajhabuajhabuajhabuakatnikatnikatnikatnikatnikhandwakhandwakhandwakhandwakhandwakhargonekhargonekhargonekhargonekhargonemandlamandlamandlamandlamandlamandsaurmandsaurmandsaurmandsaurmandsaurmorenamorenamorenamorenamorenanarsinghpurnarsinghpurnarsinghpurnarsinghpurnarsinghpurneemuchneemuchneemuchneemuchneemuchpannapannapannapannapannaraisenraisenraisenraisenraisenrajgarhrajgarhrajgarhrajgarhrajgarhratlamratlamratlamratlamratlamrewarewarewarewarewasagarsagarsagarsagarsagarsatnasatnasatnasatnasatnasehoresehoresehoresehoresehoreseoniseoniseoniseoniseonishahdolshahdolshahdolshahdolshahdolshajapurshajapurshajapurshajapurshajapursheopursheopursheopursheopursheopurshivpurishivpurishivpurishivpurishivpurisidhisidhisidhisidhisidhisingraulisingraulisingraulisingraulisingraulitikamgarhtikamgarhtikamgarhtikamgarhtikamgarhujjainujjainujjainujjainujjainumariaumariaumariaumariaumariavidishavidishavidishavidishavidishabarmerbarmerbarmerbarmerbarmerchittaurgarhchittaurgarhchittaurgarhchittaurgarhchittaurgarhchuruchuruchuruchuruchurudausadausadausadausadausajaipurjaipurjaipurjaipurjaipurjalorejalorejalorejalorejalorejodhpurjodhpurjodhpurjodhpurjodhpurnagaurnagaurnagaurnagaurnagaurpalipalipalipalipalisikarsikarsikarsikarsikarsirohisirohisirohisirohisirohiharidwarharidwarharidwarharidwarharidwarudam singh nagarudam singh nagarudam singh nagarudam singh nagarudam singh nagarkanchipuramkanchipuramkanchipuramkanchipuramkanchipuramvillupuramvillupuramvillupuramvillupuramvillupurambhindbhindbhindbhindbhindbagalkotebagalkotebagalkotebagalkotebagalkotebuldanabuldanabuldanabuldanabuldanawardhawardhawardhawardhawardhasahebganjsahebganjsahebganjsahebganjsahebganjsaraikela kharsawansaraikela kharsawansaraikela kharsawansaraikela kharsawansaraikela kharsawangautam buddha nagargautam buddha nagargautam buddha nagargautam buddha nagargautam buddha nagarkherikherikherikherikherikushi nagarkushi nagarkushi nagarkushi nagarkushi nagarsant ravidas nagarsant ravidas nagarsant ravidas nagarsant ravidas nagarsant ravidas nagarmahendragarhmahendragarhmahendragarhmahendragarhmahendragarhjamnagarjamnagarjamnagarjamnagarjamnagarchamrajnagarchamrajnagarchamrajnagarchamrajnagarchamrajnagartumkurtumkurtumkurtumkurtumkurbalodbalodbalodbalodbalodbastarbastarbastarbastarbastargariyabandgariyabandgariyabandgariyabandgariyabandjanjgir-champajanjgir-champajanjgir-champajanjgir-champajanjgir-champakankerkankerkankerkankerkankeramreliamreliamreliamreliamrelibhavnagarbhavnagarbhavnagarbhavnagarbhavnagarbotadbotadbotadbotadbotadgir somnathgir somnathgir somnathgir somnathgir somnathjunagadhjunagadhjunagadhjunagadhjunagadhmorbimorbimorbimorbimorbikamrup metrokamrup metrokamrup metrokamrup metrokamrup metromarigaonmarigaonmarigaonmarigaonmarigaonbikanerbikanerbikanerbikanerbikanerjaisalmerjaisalmerjaisalmerjaisalmerjaisalmerjhunjhununjhunjhununjhunjhununjhunjhununjhunjhununshahjahanpurshahjahanpurshahjahanpurshahjahanpurshahjahanpurnicobarsnicobarsnicobarsnicobarsnicobarsnorth and middle andamannorth and middle andamannorth and middle andamannorth and middle andamannorth and middle andamansouth andamanssouth andamanssouth andamanssouth andamanssouth andamansanjawanjawanjawanjawanjawchanglangchanglangchanglangchanglangchanglangdibang valleydibang valleydibang valleydibang valleydibang valleyeast kamengeast kamengeast kamengeast kamengeast kamengeast siangeast siangeast siangeast siangeast siangkra daadikra daadikra daadikra daadikra daadikurung kumeykurung kumeykurung kumeykurung kumeykurung kumeylohitlohitlohitlohitlohitlongdinglongdinglongdinglongdinglongdinglower dibang valleylower dibang valleylower dibang valleylower dibang valleylower dibang valleylower subansirilower subansirilower subansirilower subansirilower subansirinamsainamsainamsainamsainamsaipapum parepapum parepapum parepapum parepapum paresiangsiangsiangsiangsiangtawangtawangtawangtawangtawangtiraptiraptiraptiraptirapupper siangupper siangupper siangupper siangupper siangupper subansiriupper subansiriupper subansiriupper subansiriupper subansiriwest kamengwest kamengwest kamengwest kamengwest kamengwest siangwest siangwest siangwest siangwest siangchandigarhchandigarhchandigarhchandigarhchandigarhdadra and nagar havelidadra and nagar havelidadra and nagar havelidadra and nagar havelidadra and nagar havelibishnupurbishnupurbishnupurbishnupurbishnupurchandelchandelchandelchandelchandelchurachandpurchurachandpurchurachandpurchurachandpurchurachandpurimphal eastimphal eastimphal eastimphal eastimphal eastimphal westimphal westimphal westimphal westimphal westsenapatisenapatisenapatisenapatisenapatitamenglongtamenglongtamenglongtamenglongtamenglongthoubalthoubalthoubalthoubalthoubalukhrulukhrulukhrulukhrulukhruleast garo hillseast garo hillseast garo hillseast garo hillseast garo hillseast jaintia hillseast jaintia hillseast jaintia hillseast jaintia hillseast jaintia hillseast khasi hillseast khasi hillseast khasi hillseast khasi hillseast khasi hillsnorth garo hillsnorth garo hillsnorth garo hillsnorth garo hillsnorth garo hillsri bhoiri bhoiri bhoiri bhoiri bhoisouth garo hillssouth garo hillssouth garo hillssouth garo hillssouth garo hillssouth west garo hillssouth west garo hillssouth west garo hillssouth west garo hillssouth west garo hillssouth west khasi hillssouth west khasi hillssouth west khasi hillssouth west khasi hillssouth west khasi hillswest garo hillswest garo hillswest garo hillswest garo hillswest garo hillswest jaintia hillswest jaintia hillswest jaintia hillswest jaintia hillswest jaintia hillswest khasi hillswest khasi hillswest khasi hillswest khasi hillswest khasi hillsaizawlaizawlaizawlaizawlaizawlchamphaichamphaichamphaichamphaichamphaikolasibkolasibkolasibkolasibkolasiblawngtlailawngtlailawngtlailawngtlailawngtlailungleilungleilungleilungleilungleimamitmamitmamitmamitmamitsaihasaihasaihasaihasaihaserchhipserchhipserchhipserchhipserchhipdimapurdimapurdimapurdimapurdimapurkiphirekiphirekiphirekiphirekiphirekohimakohimakohimakohimakohimalonglenglonglenglonglenglonglenglonglengmokokchungmokokchungmokokchungmokokchungmokokchungmonmonmonmonmonperenperenperenperenperenphekphekphekphekphektuensangtuensangtuensangtuensangtuensangwokhawokhawokhawokhawokhazunhebotozunhebotozunhebotozunhebotozunhebotokaraikalkaraikalkaraikalkaraikalkaraikalpondicherrypondicherrypondicherrypondicherrypondicherryyanamyanamyanamyanamyanameast districteast districteast districteast districteast districtnorth districtnorth districtnorth districtnorth districtnorth districtsouth districtsouth districtsouth districtsouth districtsouth districtwest districtwest districtwest districtwest districtwest districtadilabadadilabadadilabadadilabadadilabadbhadradribhadradribhadradribhadradribhadradrihanumakondahanumakondahanumakondahanumakondahanumakondajagitialjagitialjagitialjagitialjagitialjangoanjangoanjangoanjangoanjangoanjayashankarjayashankarjayashankarjayashankarjayashankarjogulambajogulambajogulambajogulambajogulambakamareddykamareddykamareddykamareddykamareddykarimnagarkarimnagarkarimnagarkarimnagarkarimnagarkhammamkhammamkhammamkhammamkhammamkomaram bheem asifabadkomaram bheem asifabadkomaram bheem asifabadkomaram bheem asifabadkomaram bheem asifabadmahabubabadmahabubabadmahabubabadmahabubabadmahabubabadmahbubnagarmahbubnagarmahbubnagarmahbubnagarmahbubnagarmancherialmancherialmancherialmancherialmancherialmedakmedakmedakmedakmedakmedchal malkajgirimedchal malkajgirimedchal malkajgirimedchal malkajgirimedchal malkajgirinagarkurnoolnagarkurnoolnagarkurnoolnagarkurnoolnagarkurnoolnalgondanalgondanalgondanalgondanalgondanirmalnirmalnirmalnirmalnirmalnizamabadnizamabadnizamabadnizamabadnizamabadpeddapallipeddapallipeddapallipeddapallipeddapallirajannarajannarajannarajannarajannarangareddirangareddirangareddirangareddirangareddisangareddysangareddysangareddysangareddysangareddysiddipetsiddipetsiddipetsiddipetsiddipetsuryapetsuryapetsuryapetsuryapetsuryapetvikarabadvikarabadvikarabadvikarabadvikarabadwanaparthywanaparthywanaparthywanaparthywanaparthywarangalwarangalwarangalwarangalwarangalyadadriyadadriyadadriyadadriyadadridhalaidhalaidhalaidhalaidhalaigomatigomatigomatigomatigomatikhowaikhowaikhowaikhowaikhowainorth tripuranorth tripuranorth tripuranorth tripuranorth tripurasepahijalasepahijalasepahijalasepahijalasepahijalasouth tripurasouth tripurasouth tripurasouth tripurasouth tripuraunakotiunakotiunakotiunakotiunakotiwest tripurawest tripurawest tripurawest tripurawest tripura,ricemaizebajraragijowarricemaizebajraragijowarricemaizebajraragijowarricemaizebajraragijowarricemaizebajraragijowarricemaizebajraragijowarricemaizebajraragijowarricemaizebajraragijowarricemaizebajraragijowarricemaizebajraragijowarricemaizebajraragijowarricemaizebajraragijowarricemaizebajraragijowarricemaizebajraragijowarricemaizebajraragijowarricemaizebajraragijowarricemaizebajraragijowarricemaizebajraragijowarricemaizebajraragijowarricemaizebajraragijowarricemaizebajraragijowarricemaizebajraragijowarricemaizebajraragijowarricemaizebajraragijowarricemaizebajraragijowarricemaizebajraragijowarricemaizebajraragijowarricemaizebajraragijowarricemaizebajraragijowarricemaizebajraragijowarricemaizebajraragijowarricemaizebajraragijowarricemaizebajraragijowarricemaizebajraragijowarricemaizebajraragijowarricemaizebajraragijowarricemaizebajraragijowarricemaizebajraragijowarricemaizebajraragijowarricemaizebajraragijowarricemaizebajraragijowarricemaizebajraragijowarricemaizebajraragijowarricemaizebajraragijowarricemaizebajraragijowarricemaizebajraragijowarricemaizebajraragijowarricemaizebajraragijowarricemaizebajraragijowarricemaizebajraragijowarricemaizebajraragijowarricemaizebajraragijowarricemaizebajraragijowarricemaizebajraragijowarricemaizebajraragijowarricemaizebajraragijowarricemaizebajraragijowarricemaizebajraragijowarricemaizebajraragijowarricemaizebajraragijowarricemaizebajraragijowarricemaizebajraragijowarricemaizebajraragijowarricemaizebajraragijowarricemaizebajraragijowarricemaizebajraragijowarricemaizebajraragijowarricemaizebajraragijowarricemaizebajraragijowarricemaizebajraragijowarricemaizebajraragijowarricemaizebajraragijowarricemaizebajraragijowarricemaizebajraragijowarricemaizebajraragijowarricemaizebajraragijowarricemaizebajraragijowarricemaizebajraragijowarricemaizebajraragijowarricemaizebajraragijowarricemaizebajraragijowarricemaizebajraragijowarricemaizebajraragijowarricemaizebajraragijowarricemaizebajraragijowarricemaizebajraragijowarricemaizebajraragijowarricemaizebajraragijowarricemaizebajraragijowarricemaizebajraragijowarricemaizebajraragijowarricemaizebajraragijowarricemaizebajraragijowarricemaizebajraragijowarricemaizebajraragijowarricemaizebajraragijowarricemaizebajraragijowarricemaizebajraragijowarricemaizebajraragijowarricemaizebajraragijowarricemaizebajraragijowarricemaizebajraragijowarricemaizebajraragijowarricemaizebajraragijowarricemaizebajraragijowarricemaizebajraragijowarricemaizebajraragijowarricemaizebajraragijowarricemaizebajraragijowarricemaizebajraragijowarricemaizebajraragijowarricemaizebajraragijowarricemaizebajraragijowarricemaizebajraragijowarricemaizebajraragijowarricemaizebajraragijowarricemaizebajraragijowarricemaizebajraragijowarricemaizebajraragijowarricemaizebajraragijowarricemaizebajraragijowarricemaizebajraragijowarricemaizebajraragijowarricemaizebajraragijowarricemaizebajraragijowarricemaizebajraragijowarricemaizebajraragijowarricemaizebajraragijowarricemaizebajraragijowarricemaizebajraragijowarricemaizebajraragijowarricemaizebajraragijowarricemaizebajraragijowarricemaizebajraragijowarricemaizebajraragijowarricemaizebajraragijowarricemaizebajraragijowarricemaizebajraragijowarricemaizebajraragijowarricemaizebajraragijowarricemaizebajraragijowarricemaizebajraragijowarricemaizebajraragijowarricemaizebajraragijowarricemaizebajraragijowarricemaizebajraragijowarricemaizebajraragijowarricemaizebajraragijowarricemaizebajraragijowarricemaizebajraragijowarricemaizebajraragijowarricemaizebajraragijowarricemaizebajraragijowarricemaizebajraragijowarricemaizebajraragijowarricemaizebajraragijowarricemaizebajraragijowarricemaizebajraragijowarricemaizebajraragijowarricemaizebajraragijowarricemaizebajraragijowarricemaizebajraragijowarricemaizebajraragijowarricemaizebajraragijowarricemaizebajraragijowarricemaizebajraragijowarricemaizebajraragijowarricemaizebajraragijowarricemaizebajraragijowarricemaizebajraragijowarricemaizebajraragijowarricemaizebajraragijowarricemaizebajraragijowarricemaizebajraragijowarricemaizebajraragijowarricemaizebajraragijowarricemaizebajraragijowarricemaizebajraragijowarricemaizebajraragijowarricemaizebajraragijowarricemaizebajraragijowarricemaizebajraragijowarricemaizebajraragijowarricemaizebajraragijowarricemaizebajraragijowarricemaizebajraragijowarricemaizebajraragijowarricemaizebajraragijowarricemaizebajraragijowarricemaizebajraragijowarricemaizebajraragijowarricemaizebajraragijowarricemaizebajraragijowarricemaizebajraragijowarricemaizebajraragijowarricemaizebajraragijowarricemaizebajraragijowarricemaizebajraragijowarricemaizebajraragijowarricemaizebajraragijowarricemaizebajraragijowarricemaizebajraragijowarricemaizebajraragijowarricemaizebajraragijowarricemaizebajraragijowarricemaizebajraragijowarricemaizebajraragijowarricemaizebajraragijowarricemaizebajraragijowarricemaizebajraragijowarricemaizebajraragijowarricemaizebajraragijowarricemaizebajraragijowarricemaizebajraragijowarricemaizebajraragijowarricemaizebajraragijowarricemaizebajraragijowarricemaizebajraragijowarricemaizebajraragijowarricemaizebajraragijowarricemaizebajraragijowarricemaizebajraragijowarricemaizebajraragijowarricemaizebajraragijowarricemaizebajraragijowarricemaizebajraragijowarricemaizebajraragijowarricemaizebajraragijowarricemaizebajraragijowarricemaizebajraragijowarricemaizebajraragijowarricemaizebajraragijowarricemaizebajraragijowarricemaizebajraragijowarricemaizebajraragijowarricemaizebajraragijowarricemaizebajraragijowarricemaizebajraragijowarricemaizebajraragijowarricemaizebajraragijowarricemaizebajraragijowarricemaizebajraragijowarricemaizebajraragijowarricemaizebajraragijowarricemaizebajraragijowarricemaizebajraragijowarricemaizebajraragijowarricemaizebajraragijowarricemaizebajraragijowarricemaizebajraragijowarricemaizebajraragijowarricemaizebajraragijowarricemaizebajraragijowarricemaizebajraragijowarricemaizebajraragijowarricemaizebajraragijowarricemaizebajraragijowarricemaizebajraragijowarricemaizebajraragijowarricemaizebajraragijowarricemaizebajraragijowarricemaizebajraragijowarricemaizebajraragijowarricemaizebajraragijowarricemaizebajraragijowarricemaizebajraragijowarricemaizebajraragijowarricemaizebajraragijowarricemaizebajraragijowarricemaizebajraragijowarricemaizebajraragijowarricemaizebajraragijowarricemaizebajraragijowarricemaizebajraragijowarricemaizebajraragijowarricemaizebajraragijowarricemaizebajraragijowarricemaizebajraragijowarricemaizebajraragijowarricemaizebajraragijowarricemaizebajraragijowarricemaizebajraragijowarricemaizebajraragijowarricemaizebajraragijowarricemaizebajraragijowarricemaizebajraragijowarricemaizebajraragijowarricemaizebajraragijowarricemaizebajraragijowarricemaizebajraragijowarricemaizebajraragijowarricemaizebajraragijowarricemaizebajraragijowarricemaizebajraragijowarricemaizebajraragijowarricemaizebajraragijowarricemaizebajraragijowarricemaizebajraragijowarricemaizebajraragijowarricemaizebajraragijowarricemaizebajraragijowarricemaizebajraragijowarricemaizebajraragijowarricemaizebajraragijowarricemaizebajraragijowarricemaizebajraragijowarricemaizebajraragijowarricemaizebajraragijowarricemaizebajraragijowarricemaizebajraragijowarricemaizebajraragijowarricemaizebajraragijowarricemaizebajraragijowarricemaizebajraragijowarricemaizebajraragijowarricemaizebajraragijowarricemaizebajraragijowarricemaizebajraragijowarricemaizebajraragijowarricemaizebajraragijowarricemaizebajraragijowarricemaizebajraragijowarricemaizebajraragijowarricemaizebajraragijowarricemaizebajraragijowarricemaizebajraragijowarricemaizebajraragijowarricemaizebajraragijowarricemaizebajraragijowarricemaizebajraragijowarricemaizebajraragijowarricemaizebajraragijowarricemaizebajraragijowarricemaizebajraragijowarricemaizebajraragijowarricemaizebajraragijowarricemaizebajraragijowarricemaizebajraragijowarricemaizebajraragijowarricemaizebajraragijowarricemaizebajraragijowarricemaizebajraragijowarricemaizebajraragijowarricemaizebajraragijowarricemaizebajraragijowarricemaizebajraragijowarricemaizebajraragijowarricemaizebajraragijowarricemaizebajraragijowarricemaizebajraragijowarricemaizebajraragijowarricemaizebajraragijowarricemaizebajraragijowarricemaizebajraragijowarricemaizebajraragijowarricemaizebajraragijowarricemaizebajraragijowarricemaizebajraragijowarricemaizebajraragijowarricemaizebajraragijowarricemaizebajraragijowarricemaizebajraragijowarricemaizebajraragijowarricemaizebajraragijowarricemaizebajraragijowarricemaizebajraragijowarricemaizebajraragijowarricemaizebajraragijowarricemaizebajraragijowarricemaizebajraragijowarricemaizebajraragijowarricemaizebajraragijowarricemaizebajraragijowarricemaizebajraragijowarricemaizebajraragijowarricemaizebajraragijowarricemaizebajraragijowarricemaizebajraragijowarricemaizebajraragijowarricemaizebajraragijowarricemaizebajraragijowarricemaizebajraragijowarricemaizebajraragijowarricemaizebajraragijowarricemaizebajraragijowarricemaizebajraragijowarricemaizebajraragijowarricemaizebajraragijowarricemaizebajraragijowarricemaizebajraragijowarricemaizebajraragijowarricemaizebajraragijowarricemaizebajraragijowarricemaizebajraragijowarricemaizebajraragijowarricemaizebajraragijowarricemaizebajraragijowarricemaizebajraragijowarricemaizebajraragijowarricemaizebajraragijowarricemaizebajraragijowarricemaizebajraragijowarricemaizebajraragijowarricemaizebajraragijowarricemaizebajraragijowarricemaizebajraragijowarricemaizebajraragijowarricemaizebajraragijowarricemaizebajraragijowarricemaizebajraragijowarricemaizebajraragijowarricemaizebajraragijowarricemaizebajraragijowarricemaizebajraragijowarricemaizebajraragijowarricemaizebajraragijowarricemaizebajraragijowarricemaizebajraragijowarricemaizebajraragijowarricemaizebajraragijowarricemaizebajraragijowarricemaizebajraragijowarricemaizebajraragijowarricemaizebajraragijowarricemaizebajraragijowarricemaizebajraragijowarricemaizebajraragijowarricemaizebajraragijowarricemaizebajraragijowarricemaizebajraragijowarricemaizebajraragijowarricemaizebajraragijowarricemaizebajraragijowarricemaizebajraragijowarricemaizebajraragijowarricemaizebajraragijowarricemaizebajraragijowarricemaizebajraragijowarricemaizebajraragijowarricemaizebajraragijowarricemaizebajraragijowarricemaizebajraragijowarricemaizebajraragijowarricemaizebajraragijowarricemaizebajraragijowarricemaizebajraragijowarricemaizebajraragijowarricemaizebajraragijowarricemaizebajraragijowarricemaizebajraragijowarricemaizebajraragijowarricemaizebajraragijowarricemaizebajraragijowarricemaizebajraragijowarricemaizebajraragijowarricemaizebajraragijowarricemaizebajraragijowarricemaizebajraragijowarricemaizebajraragijowarricemaizebajraragijowarricemaizebajraragijowarricemaizebajraragijowarricemaizebajraragijowarricericemaizebajraragijowarricericemaizebajraragijowarricemaizebajraragijowarricemaizebajraragijowarricemaizebajraragijowarricemaizebajraragijowarricemaizebajraragijowarricemaizebajraragijowarricemaizebajraragijowarricemaizebajraragijowarricemaizebajraragijowarricemaizebajraragijowarricemaizebajraragijowarricemaizebajraragijowarricemaizebajraragijowarricemaizebajraragijowarricemaizebajraragijowarricemaizebajraragijowarricemaizebajraragijowarricemaizebajraragijowarricemaizebajraragijowarricemaizebajraragijowarricemaizebajraragijowarricemaizebajraragijowarricemaizebajraragijowarricemaizebajraragijowarricemaizebajraragijowarricemaizebajraragijowarricemaizebajraragijowarricemaizebajraragijowarricemaizebajraragijowarricemaizebajraragijowarricemaizebajraragijowarricemaizebajraragijowarricemaizebajraragijowarricemaizebajraragijowarricemaizebajraragijowarricemaizebajraragijowarricemaizebajraragijowarricemaizebajraragijowarricemaizebajraragijowarricemaizebajraragijowarricemaizebajraragijowarricemaizebajraragijowarricemaizebajraragijowarricemaizebajraragijowarricemaizebajraragijowarricemaizebajraragijowarricemaizebajraragijowarricemaizebajraragijowarricemaizebajraragijowarricemaizebajraragijowarricemaizebajraragijowarricemaizebajraragijowarricemaizebajraragijowarricemaizebajraragijowarricemaizebajraragijowarricemaizebajraragijowarricemaizebajraragijowarricemaizebajraragijowarricemaizebajraragijowarricemaizebajraragijowarricemaizebajraragijowarricemaizebajraragijowarricemaizebajraragijowarricemaizebajraragijowarricemaizebajraragijowarricemaizebajraragijowarricemaizebajraragijowarricemaizebajraragijowarricemaizebajraragijowarricemaizebajraragijowarricemaizebajraragijowarricemaizebajraragijowarricemaizebajraragijowarricemaizebajraragijowarricemaizebajraragijowarricemaizebajraragijowarricemaizebajraragijowarricemaizebajraragijowarricemaizebajraragijowarricemaizebajraragijowarricemaizebajraragijowarricemaizebajraragijowarricemaizebajraragijowarricemaizebajraragijowarricemaizebajraragijowarricemaizebajraragijowarricemaizebajraragijowarricemaizebajraragijowarricemaizebajraragijowarricemaizebajraragijowarricemaizebajraragijowarricemaizebajraragijowarricemaizebajraragijowarricemaizebajraragijowarricemaizebajraragijowarricemaizebajraragijowarricemaizebajraragijowarricemaizebajraragijowarricemaizebajraragijowarricemaizebajraragijowarricemaizebajraragijowarricemaizebajraragijowarricemaizebajraragijowarricemaizebajraragijowarricemaizebajraragijowarricemaizebajraragijowarricemaizebajraragijowarricemaizebajraragijowarricemaizebajraragijowarricemaizebajraragijowarricemaizebajraragijowarricemaizebajraragijowarricemaizebajraragijowarricemaizebajraragijowarricemaizebajraragijowarricemaizebajraragijowarricemaizebajraragijowarricemaizebajraragijowarricemaizebajraragijowarricemaizebajraragijowarricemaizebajraragijowarricemaizebajraragijowarricemaizebajraragijowarricemaizebajraragijowarricemaizebajraragijowarricemaizebajraragijowarricemaizebajraragijowarricemaizebajraragijowarricemaizebajraragijowarricemaizebajraragijowarricemaizebajraragijowarricemaizebajraragijowarricemaizebajraragijowarricemaizebajraragijowarricemaizebajraragijowarricemaizebajraragijowarricemaizebajraragijowarricemaizebajraragijowarricemaizebajraragijowarricemaizebajraragijowarricemaizebajraragijowarricemaizebajraragijowarricemaizebajraragijowarricemaizebajraragijowarricemaizebajraragijowarricemaizebajraragijowarricemaizebajraragijowarricemaizebajraragijowarricemaizebajraragijowarricemaizebajraragijowarricemaizebajraragijowarricemaizebajraragijowarricemaizebajraragijowarricemaizebajraragijowarricemaizebajraragijowarricemaizebajraragijowarricemaizebajraragijowarricemaizebajraragijowarricemaizebajraragijowarricemaizebajraragijowarricemaizebajraragijowarricemaizebajraragijowarricemaizebajraragijowarricemaizebajraragijowarricemaizebajraragijowarricemaizebajraragijowarricemaizebajraragijowarricemaizebajraragijowarricemaizebajraragijowarricemaizebajraragijowarricemaizebajraragijowarricemaizebajraragijowarricemaizebajraragijowarricemaizebajraragijowarricemaizebajraragijowarricemaizebajraragijowarricemaizebajraragijowarricemaizebajraragijowarricemaizebajraragijowarricemaizebajraragijowarricemaizebajraragijowarricemaizebajraragijowarricemaizebajraragijowarricemaizebajraragijowarricemaizebajraragijowarricemaizebajraragijowarricemaizebajraragijowarricemaizebajraragijowarricemaizebajraragijowarricemaizebajraragijowarricemaizebajraragijowarricemaizebajraragijowarricemaizebajraragijowarricemaizebajraragijowarricemaizebajraragijowarricemaizebajraragijowarricemaizebajraragijowarricemaizebajraragijowarricemaizebajraragijowarricemaizebajraragijowarricemaizebajraragijowarricemaizebajraragijowarricemaizebajraragijowarricemaizebajraragijowarricemaizebajraragijowarricemaizebajraragijowarricemaizebajraragijowarricemaizebajraragijowarricemaizebajraragijowarricemaizebajraragijowarricemaizebajraragijowarricemaizebajraragijowarricemaizebajraragijowarricemaizebajraragijowarricemaizebajraragijowarricemaizebajraragijowarricemaizebajraragijowarricemaizebajraragijowarricemaizebajraragijowarricemaizebajraragijowarricemaizebajraragijowarricemaizebajraragijowarricemaizebajraragijowarricemaizebajraragijowarricemaizebajraragijowarricemaizebajraragijowarricemaizebajraragijowarricemaizebajraragijowarricemaizebajraragijowarricemaizebajraragijowarricemaizebajraragijowarricemaizebajraragijowarricemaizebajraragijowarricemaizebajraragijowarricemaizebajraragijowarricemaizebajraragijowarricemaizebajraragijowarricemaizebajraragijowarricemaizebajraragijowarricemaizebajraragijowarricemaizebajraragijowarricemaizebajraragijowar,4817618.9958,4204075.0,102823.224798,6973762375.702927,6153456000.101335,565647503.4532506,514276608.7550558,211295914.598795,191895772.5520768,475116375.1681307,435037924.8537365,191152045.3979234,174479587.1517959,24713402749848.773,21862752330361.387,35061899.35190228,33596299.63340009,305072224.4954567,279337851.54858416,14348514.530077549,13138145.330582844,24147899581.354336,23028985891.240894,-2214949948.609547,-1652945292.176726,4103578.0,-4.858718900596582,-9.212633663575168,-9.555535130664085,-9.988961936758482,-10.109728728627093,-13.03884513903866,-34.000197047824244,-4.362384353320703,-9.212633663575172,-9.21263366357518
7,dadra and nagar haveli,ariyalurariyalurariyalurariyalurariyalurcoimbatorecoimbatorecoimbatorecoimbatorecoimbatorecuddalorecuddalorecuddalorecuddalorecuddaloredharmapuridharmapuridharmapuridharmapuridharmapuridindiguldindiguldindiguldindiguldindigulerodeerodeerodeerodeerodekancheepuramkancheepuramkancheepuramkancheepuramkancheepuramkanniyakumarikanniyakumarikanniyakumarikanniyakumarikanniyakumarikarurkarurkarurkarurkarurkrishnagirikrishnagirikrishnagirikrishnagirikrishnagirimaduraimaduraimaduraimaduraimadurainagappattinamnagappattinamnagappattinamnagappattinamnagappattinamnamakkalnamakkalnamakkalnamakkalnamakkalperambalurperambalurperambalurperambalurperambalurpudukkottaipudukkottaipudukkottaipudukkottaipudukkottairamanathapuramramanathapuramramanathapuramramanathapuramramanathapuramsalemsalemsalemsalemsalemsivagangasivagangasivagangasivagangasivagangathanjavurthanjavurthanjavurthanjavurthanjavurthe nilgiristhe nilgiristhe nilgiristhe nilgiristhe nilgiristhenithenithenithenithenithiruvallurthiruvallurthiruvallurthiruvallurthiruvallurthiruvarurthiruvarurthiruvarurthiruvarurthiruvarurtiruchirappallitiruchirappallitiruchirappallitiruchirappallitiruchirappallitirunelvelitirunelvelitirunelvelitirunelvelitirunelvelitiruppurtiruppurtiruppurtiruppurtiruppurtiruvannamalaitiruvannamalaitiruvannamalaitiruvannamalaitiruvannamalaituticorintuticorintuticorintuticorintuticorinvellorevellorevellorevellorevelloreviluppuramviluppuramviluppuramviluppuramviluppuramvirudhunagarvirudhunagarvirudhunagarvirudhunagarvirudhunagaramritsaramritsaramritsaramritsaramritsarbarnalabarnalabarnalabarnalabarnalabathindabathindabathindabathindabathindafaridkotfaridkotfaridkotfaridkotfaridkotfatehgarh sahibfatehgarh sahibfatehgarh sahibfatehgarh sahibfatehgarh sahibfazilkafazilkafazilkafazilkafazilkafirozpurfirozpurfirozpurfirozpurfirozpurgurdaspurgurdaspurgurdaspurgurdaspurgurdaspurhoshiarpurhoshiarpurhoshiarpurhoshiarpurhoshiarpurjalandharjalandharjalandharjalandharjalandharkapurthalakapurthalakapurthalakapurthalakapurthalaludhianaludhianaludhianaludhianaludhianamansamansamansamansamansamogamogamogamogamogamuktsarmuktsarmuktsarmuktsarmuktsarpathankotpathankotpathankotpathankotpathankotpatialapatialapatialapatialapatialarupnagarrupnagarrupnagarrupnagarrupnagarsangrursangrursangrursangrursangrurshahid bhagat singh nagarshahid bhagat singh nagarshahid bhagat singh nagarshahid bhagat singh nagarshahid bhagat singh nagartarn tarantarn tarantarn tarantarn tarantarn taranambalaambalaambalaambalaambalabhiwanibhiwanibhiwanibhiwanibhiwanicharki dadricharki dadricharki dadricharki dadricharki dadrifaridabadfaridabadfaridabadfaridabadfaridabadfatehabadfatehabadfatehabadfatehabadfatehabadgurgaongurgaongurgaongurgaongurgaonhisarhisarhisarhisarhisarjhajjarjhajjarjhajjarjhajjarjhajjarjindjindjindjindjindkaithalkaithalkaithalkaithalkaithalkarnalkarnalkarnalkarnalkarnalkurukshetrakurukshetrakurukshetrakurukshetrakurukshetramewatmewatmewatmewatmewatpalwalpalwalpalwalpalwalpalwalpanchkulapanchkulapanchkulapanchkulapanchkulapanipatpanipatpanipatpanipatpanipatrewarirewarirewarirewarirewarirohtakrohtakrohtakrohtakrohtaksirsasirsasirsasirsasirsasonipatsonipatsonipatsonipatsonipatyamunanagaryamunanagaryamunanagaryamunanagaryamunanagaranantapuranantapuranantapuranantapuranantapurchittoorchittoorchittoorchittoorchittooreast godavarieast godavarieast godavarieast godavarieast godavarigunturgunturgunturgunturgunturkadapakadapakadapakadapakadapakrishnakrishnakrishnakrishnakrishnakurnoolkurnoolkurnoolkurnoolkurnoolprakasamprakasamprakasamprakasamprakasamnellorenellorenellorenellorenelloresrikakulamsrikakulamsrikakulamsrikakulamsrikakulamvisakhapatnamvisakhapatnamvisakhapatnamvisakhapatnamvisakhapatnamvizianagaramvizianagaramvizianagaramvizianagaramvizianagaramwest godavariwest godavariwest godavariwest godavariwest godavariballariballariballariballariballaribangalore ruralbangalore ruralbangalore ruralbangalore ruralbangalore ruralbelagavibelagavibelagavibelagavibelagavibengaluru urbanbengaluru urbanbengaluru urbanbengaluru urbanbengaluru urbanbidarbidarbidarbidarbidarchamarajanagarachamarajanagarachamarajanagarachamarajanagarachamarajanagarachikkaballapurachikkaballapurachikkaballapurachikkaballapurachikkaballapurachikmagalurchikmagalurchikmagalurchikmagalurchikmagalurchitradurgachitradurgachitradurgachitradurgachitradurgadakshina kannadadakshina kannadadakshina kannadadakshina kannadadakshina kannadadavangeredavangeredavangeredavangeredavangeredharwaddharwaddharwaddharwaddharwadgadaggadaggadaggadaggadaghassanhassanhassanhassanhassanhaverihaverihaverihaverihaverikalaburagikalaburagikalaburagikalaburagikalaburagikodagukodagukodagukodagukodagukolarkolarkolarkolarkolarkoppalkoppalkoppalkoppalkoppalmandyamandyamandyamandyamandyamysurumysurumysurumysurumysururaichurraichurraichurraichurraichurramanagararamanagararamanagararamanagararamanagarashivamoggashivamoggashivamoggashivamoggashivamoggatumakurutumakurutumakurutumakurutumakuruudupiudupiudupiudupiudupiuttara kannadauttara kannadauttara kannadauttara kannadauttara kannadavijayapuravijayapuravijayapuravijayapuravijayapurayadgiryadgiryadgiryadgiryadgiralmoraalmoraalmoraalmoraalmorabageshwarbageshwarbageshwarbageshwarbageshwarchamolichamolichamolichamolichamolichampawatchampawatchampawatchampawatchampawatdehradundehradundehradundehradundehradunhardwarhardwarhardwarhardwarhardwarnainitalnainitalnainitalnainitalnainitalpauri garhwalpauri garhwalpauri garhwalpauri garhwalpauri garhwalpithoragarhpithoragarhpithoragarhpithoragarhpithoragarhrudra prayagrudra prayagrudra prayagrudra prayagrudra prayagtehri garhwaltehri garhwaltehri garhwaltehri garhwaltehri garhwaludham singh nagarudham singh nagarudham singh nagarudham singh nagarudham singh nagaruttar kashiuttar kashiuttar kashiuttar kashiuttar kashispsr nellorespsr nellorespsr nellorespsr nellorespsr nellorevisakhapatanamvisakhapatanamvisakhapatanamvisakhapatanamvisakhapatanamparaganas northparaganas northparaganas northparaganas northparaganas northparaganas southparaganas southparaganas southparaganas southparaganas southalipurduaralipurduaralipurduaralipurduaralipurduarbankurabankurabankurabankurabankurabirbhumbirbhumbirbhumbirbhumbirbhumcoochbeharcoochbeharcoochbeharcoochbeharcoochbehardarjeelingdarjeelingdarjeelingdarjeelingdarjeelingdakshin dinajpurdakshin dinajpurdakshin dinajpurdakshin dinajpurdakshin dinajpuruttar dinajpuruttar dinajpuruttar dinajpuruttar dinajpuruttar dinajpurhooghlyhooghlyhooghlyhooghlyhooghlyhowrahhowrahhowrahhowrahhowrahjalpaigurijalpaigurijalpaigurijalpaigurijalpaigurijhargramjhargramjhargramjhargramjhargramkalimpongkalimpongkalimpongkalimpongkalimpongmaldahmaldahmaldahmaldahmaldahmedinipur eastmedinipur eastmedinipur eastmedinipur eastmedinipur eastmedinipur westmedinipur westmedinipur westmedinipur westmedinipur westmurshidabadmurshidabadmurshidabadmurshidabadmurshidabadnadianadianadianadianadiabarddhamanbarddhamanbarddhamanbarddhamanbarddhamanpuruliyapuruliyapuruliyapuruliyapuruliyaalappuzhaalappuzhaalappuzhaalappuzhaalappuzhaernakulamernakulamernakulamernakulamernakulamidukkiidukkiidukkiidukkiidukkikannurkannurkannurkannurkannurkasaragodkasaragodkasaragodkasaragodkasaragodkollamkollamkollamkollamkollamkottayamkottayamkottayamkottayamkottayamkozhikodekozhikodekozhikodekozhikodekozhikodemalappurammalappurammalappurammalappurammalappurampalakkadpalakkadpalakkadpalakkadpalakkadpathanamthittapathanamthittapathanamthittapathanamthittapathanamthittathiruvananthapuramthiruvananthapuramthiruvananthapuramthiruvananthapuramthiruvananthapuramthrissurthrissurthrissurthrissurthrissurwayanadwayanadwayanadwayanadwayanadbagalkotbagalkotbagalkotbagalkotbagalkotchikballapurachikballapurachikballapurachikballapurachikballapurachikkamagaluruchikkamagaluruchikkamagaluruchikkamagaluruchikkamagalurudavanageredavanageredavanageredavanageredavanagereyadagiriyadagiriyadagiriyadagiriyadagiriagraagraagraagraagraaligarhaligarhaligarhaligarhaligarhallahabadallahabadallahabadallahabadallahabadambedkar nagarambedkar nagarambedkar nagarambedkar nagarambedkar nagaramethiamethiamethiamethiamethiamrohaamrohaamrohaamrohaamrohaauraiyaauraiyaauraiyaauraiyaauraiyaazamgarhazamgarhazamgarhazamgarhazamgarhbaghpatbaghpatbaghpatbaghpatbaghpatbahraichbahraichbahraichbahraichbahraichballiaballiaballiaballiaballiabalrampurbalrampurbalrampurbalrampurbalrampurbandabandabandabandabandabarabankibarabankibarabankibarabankibarabankibareillybareillybareillybareillybareillybastibastibastibastibastibijnorbijnorbijnorbijnorbijnorbudaunbudaunbudaunbudaunbudaunbulandshahrbulandshahrbulandshahrbulandshahrbulandshahrchandaulichandaulichandaulichandaulichandaulichitrakootchitrakootchitrakootchitrakootchitrakootdeoriadeoriadeoriadeoriadeoriaetahetahetahetahetahetawahetawahetawahetawahetawahfaizabadfaizabadfaizabadfaizabadfaizabadfarrukhabadfarrukhabadfarrukhabadfarrukhabadfarrukhabadfatehpurfatehpurfatehpurfatehpurfatehpurfirozabadfirozabadfirozabadfirozabadfirozabadkanpur nagarkanpur nagarkanpur nagarkanpur nagarkanpur nagarghaziabadghaziabadghaziabadghaziabadghaziabadghazipurghazipurghazipurghazipurghazipurgondagondagondagondagondagorakhpurgorakhpurgorakhpurgorakhpurgorakhpurhamirpurhamirpurhamirpurhamirpurhamirpurhapurhapurhapurhapurhapurhardoihardoihardoihardoihardoihathrashathrashathrashathrashathrasjalaunjalaunjalaunjalaunjalaunjaunpurjaunpurjaunpurjaunpurjaunpurjhansijhansijhansijhansijhansikannaujkannaujkannaujkannaujkannaujkanpur dehatkanpur dehatkanpur dehatkanpur dehatkanpur dehatkasganjkasganjkasganjkasganjkasganjkaushambikaushambikaushambikaushambikaushambilakhimpur kherilakhimpur kherilakhimpur kherilakhimpur kherilakhimpur kherikushinagarkushinagarkushinagarkushinagarkushinagarlalitpurlalitpurlalitpurlalitpurlalitpurlucknowlucknowlucknowlucknowlucknowmaharajganjmaharajganjmaharajganjmaharajganjmaharajganjmahobamahobamahobamahobamahobamainpurimainpurimainpurimainpurimainpurimathuramathuramathuramathuramathuramaumaumaumaumaumeerutmeerutmeerutmeerutmeerutmirzapurmirzapurmirzapurmirzapurmirzapurmoradabadmoradabadmoradabadmoradabadmoradabadmuzaffarnagarmuzaffarnagarmuzaffarnagarmuzaffarnagarmuzaffarnagarpilibhitpilibhitpilibhitpilibhitpilibhitpratapgarhpratapgarhpratapgarhpratapgarhpratapgarhrae barelirae barelirae barelirae barelirae barelirampurrampurrampurrampurrampursaharanpursaharanpursaharanpursaharanpursaharanpursambhalsambhalsambhalsambhalsambhalsant kabeer nagarsant kabeer nagarsant kabeer nagarsant kabeer nagarsant kabeer nagarsant ravi das nagarsant ravi das nagarsant ravi das nagarsant ravi das nagarsant ravi das nagarshahajahanpurshahajahanpurshahajahanpurshahajahanpurshahajahanpurshamlishamlishamlishamlishamlishravastishravastishravastishravastishravastisiddharth nagarsiddharth nagarsiddharth nagarsiddharth nagarsiddharth nagarsitapursitapursitapursitapursitapursonbhadrasonbhadrasonbhadrasonbhadrasonbhadrasultanpursultanpursultanpursultanpursultanpurunnaounnaounnaounnaounnaovaranasivaranasivaranasivaranasivaranasiahmednagarahmednagarahmednagarahmednagarahmednagaramravatiamravatiamravatiamravatiamravatibeedbeedbeedbeedbeedbhandarabhandarabhandarabhandarabhandarachandrapurchandrapurchandrapurchandrapurchandrapurdhuledhuledhuledhuledhulegadchiroligadchiroligadchiroligadchiroligadchiroligondiagondiagondiagondiagondiakolhapurkolhapurkolhapurkolhapurkolhapurlaturlaturlaturlaturlaturnagpurnagpurnagpurnagpurnagpurnandednandednandednandednandednandurbarnandurbarnandurbarnandurbarnandurbarnashiknashiknashiknashiknashikosmanabadosmanabadosmanabadosmanabadosmanabadpalgharpalgharpalgharpalgharpalgharpunepunepunepunepuneraigadraigadraigadraigadraigadratnagiriratnagiriratnagiriratnagiriratnagirisanglisanglisanglisanglisanglisatarasatarasatarasatarasatarasindhudurgsindhudurgsindhudurgsindhudurgsindhudurgsolapursolapursolapursolapursolapurthanethanethanethanethaneanantnaganantnaganantnaganantnaganantnagbadgambadgambadgambadgambadgambandiporabandiporabandiporabandiporabandiporabaramullabaramullabaramullabaramullabaramulladodadodadodadodadodaganderbalganderbalganderbalganderbalganderbaljammujammujammujammujammukathuakathuakathuakathuakathuakishtwarkishtwarkishtwarkishtwarkishtwarkulgamkulgamkulgamkulgamkulgamkupwarakupwarakupwarakupwarakupwarapoonchpoonchpoonchpoonchpoonchpulwamapulwamapulwamapulwamapulwamarajaurirajaurirajaurirajaurirajaurirambanrambanrambanrambanrambanreasireasireasireasireasisambasambasambasambasambashopianshopianshopianshopianshopiansrinagarsrinagarsrinagarsrinagarsrinagarudhampurudhampurudhampurudhampurudhampurahmadabadahmadabadahmadabadahmadabadahmadabadanandanandanandanandanandaravalliaravalliaravalliaravalliaravallibharuchbharuchbharuchbharuchbharuchchhotaudepurchhotaudepurchhotaudepurchhotaudepurchhotaudepurdangdangdangdangdangdohaddohaddohaddohaddohadgandhinagargandhinagargandhinagargandhinagargandhinagarkhedakhedakhedakhedakhedamahesanamahesanamahesanamahesanamahesanamahisagarmahisagarmahisagarmahisagarmahisagarnarmadanarmadanarmadanarmadanarmadanavsarinavsarinavsarinavsarinavsaripanch mahalspanch mahalspanch mahalspanch mahalspanch mahalssabar kanthasabar kanthasabar kanthasabar kanthasabar kanthasuratsuratsuratsuratsuratsurendranagarsurendranagarsurendranagarsurendranagarsurendranagartapitapitapitapitapivadodaravadodaravadodaravadodaravadodaravalsadvalsadvalsadvalsadvalsadajmerajmerajmerajmerajmeralwaralwaralwaralwaralwarbanswarabanswarabanswarabanswarabanswarabaranbaranbaranbaranbaranbharatpurbharatpurbharatpurbharatpurbharatpurbhilwarabhilwarabhilwarabhilwarabhilwarabundibundibundibundibundichittorgarhchittorgarhchittorgarhchittorgarhchittorgarhdholpurdholpurdholpurdholpurdholpurdungarpurdungarpurdungarpurdungarpurdungarpurganganagarganganagarganganagarganganagarganganagarhanumangarhhanumangarhhanumangarhhanumangarhhanumangarhjhalawarjhalawarjhalawarjhalawarjhalawarkaraulikaraulikaraulikaraulikaraulikotakotakotakotakotarajsamandrajsamandrajsamandrajsamandrajsamandsawai madhopursawai madhopursawai madhopursawai madhopursawai madhopurtonktonktonktonktonkudaipurudaipurudaipurudaipurudaipurarariaarariaarariaarariaarariaarwalarwalarwalarwalarwalaurangabadaurangabadaurangabadaurangabadaurangabadbankabankabankabankabankabegusaraibegusaraibegusaraibegusaraibegusaraibhagalpurbhagalpurbhagalpurbhagalpurbhagalpurbhojpurbhojpurbhojpurbhojpurbhojpurbuxarbuxarbuxarbuxarbuxardarbhangadarbhangadarbhangadarbhangadarbhangagayagayagayagayagayagopalganjgopalganjgopalganjgopalganjgopalganjjamuijamuijamuijamuijamuijehanabadjehanabadjehanabadjehanabadjehanabadkaimurkaimurkaimurkaimurkaimurkatiharkatiharkatiharkatiharkatiharkhagariakhagariakhagariakhagariakhagariakishanganjkishanganjkishanganjkishanganjkishanganjlakhisarailakhisarailakhisarailakhisarailakhisaraimadhepuramadhepuramadhepuramadhepuramadhepuramadhubanimadhubanimadhubanimadhubanimadhubanimungermungermungermungermungermuzaffarpurmuzaffarpurmuzaffarpurmuzaffarpurmuzaffarpurnalandanalandanalandanalandanalandanawadanawadanawadanawadanawadapashchim champaranpashchim champaranpashchim champaranpashchim champaranpashchim champaranpatnapatnapatnapatnapatnapurbi champaranpurbi champaranpurbi champaranpurbi champaranpurbi champaranpurniapurniapurniapurniapurniarohtasrohtasrohtasrohtasrohtassaharsasaharsasaharsasaharsasaharsasamastipursamastipursamastipursamastipursamastipursaransaransaransaransaransheikhpurasheikhpurasheikhpurasheikhpurasheikhpurasheoharsheoharsheoharsheoharsheoharsitamarhisitamarhisitamarhisitamarhisitamarhisiwansiwansiwansiwansiwansupaulsupaulsupaulsupaulsupaulvaishalivaishalivaishalivaishalivaishalidinajpur dakshindinajpur dakshindinajpur dakshindinajpur dakshindinajpur dakshindinajpur uttardinajpur uttardinajpur uttardinajpur uttardinajpur uttarpaschim bardhamanpaschim bardhamanpaschim bardhamanpaschim bardhamanpaschim bardhamanpurba bardhamanpurba bardhamanpurba bardhamanpurba bardhamanpurba bardhamanpuruliapuruliapuruliapuruliapurulianagapattinamnagapattinamnagapattinamnagapattinamnagapattinamvirudunagarvirudunagarvirudunagarvirudunagarvirudunagaranugulanugulanugulanugulanugulbalangirbalangirbalangirbalangirbalangirbaleshwarbaleshwarbaleshwarbaleshwarbaleshwarbargarhbargarhbargarhbargarhbargarhbhadrakbhadrakbhadrakbhadrakbhadrakboudhboudhboudhboudhboudhcuttackcuttackcuttackcuttackcuttackdeogarhdeogarhdeogarhdeogarhdeogarhdhenkanaldhenkanaldhenkanaldhenkanaldhenkanalgajapatigajapatigajapatigajapatigajapatiganjamganjamganjamganjamganjamjagatsinghapurjagatsinghapurjagatsinghapurjagatsinghapurjagatsinghapurjajapurjajapurjajapurjajapurjajapurjharsugudajharsugudajharsugudajharsugudajharsugudakalahandikalahandikalahandikalahandikalahandikandhamalkandhamalkandhamalkandhamalkandhamalkendraparakendraparakendraparakendraparakendraparakendujharkendujharkendujharkendujharkendujharkhordhakhordhakhordhakhordhakhordhakoraputkoraputkoraputkoraputkoraputmalkangirimalkangirimalkangirimalkangirimalkangirimayurbhanjmayurbhanjmayurbhanjmayurbhanjmayurbhanjnabarangpurnabarangpurnabarangpurnabarangpurnabarangpurnayagarhnayagarhnayagarhnayagarhnayagarhnuapadanuapadanuapadanuapadanuapadapuripuripuripuripurirayagadarayagadarayagadarayagadarayagadasambalpursambalpursambalpursambalpursambalpursonepursonepursonepursonepursonepursundargarhsundargarhsundargarhsundargarhsundargarhbaksabaksabaksabaksabaksabarpetabarpetabarpetabarpetabarpetabongaigaonbongaigaonbongaigaonbongaigaonbongaigaoncacharcacharcacharcacharcacharchirangchirangchirangchirangchirangdarrangdarrangdarrangdarrangdarrangdhemajidhemajidhemajidhemajidhemajidhubridhubridhubridhubridhubridibrugarhdibrugarhdibrugarhdibrugarhdibrugarhdima hasaodima hasaodima hasaodima hasaodima hasaogoalparagoalparagoalparagoalparagoalparagolaghatgolaghatgolaghatgolaghatgolaghathailakandihailakandihailakandihailakandihailakandijorhatjorhatjorhatjorhatjorhatkamrupkamrupkamrupkamrupkamrupkarbi anglongkarbi anglongkarbi anglongkarbi anglongkarbi anglongkarimganjkarimganjkarimganjkarimganjkarimganjkokrajharkokrajharkokrajharkokrajharkokrajharlakhimpurlakhimpurlakhimpurlakhimpurlakhimpurmorigaonmorigaonmorigaonmorigaonmorigaonnagaonnagaonnagaonnagaonnagaonnalbarinalbarinalbarinalbarinalbarisivasagarsivasagarsivasagarsivasagarsivasagarsonitpursonitpursonitpursonitpursonitpurtinsukiatinsukiatinsukiatinsukiatinsukiaudalguriudalguriudalguriudalguriudalguribokarobokarobokarobokarobokarochatrachatrachatrachatrachatradeoghardeoghardeoghardeoghardeoghardhanbaddhanbaddhanbaddhanbaddhanbaddumkadumkadumkadumkadumkaeast singhbumeast singhbumeast singhbumeast singhbumeast singhbumgarhwagarhwagarhwagarhwagarhwagiridihgiridihgiridihgiridihgiridihgoddagoddagoddagoddagoddagumlagumlagumlagumlagumlahazaribaghhazaribaghhazaribaghhazaribaghhazaribaghjamtarajamtarajamtarajamtarajamtarakhuntikhuntikhuntikhuntikhuntikodermakodermakodermakodermakodermalateharlateharlateharlateharlateharlohardagalohardagalohardagalohardagalohardagapakurpakurpakurpakurpakurpalamupalamupalamupalamupalamuramgarhramgarhramgarhramgarhramgarhranchiranchiranchiranchiranchisahibganjsahibganjsahibganjsahibganjsahibganjsaraikelakharsawansaraikelakharsawansaraikelakharsawansaraikelakharsawansaraikelakharsawansimdegasimdegasimdegasimdegasimdegawest singhbhumwest singhbhumwest singhbhumwest singhbhumwest singhbhumbilaspurbilaspurbilaspurbilaspurbilaspurchambachambachambachambachambakangrakangrakangrakangrakangrakinnaurkinnaurkinnaurkinnaurkinnaurkullukullukullukullukullumandimandimandimandimandishimlashimlashimlashimlashimlasirmaursirmaursirmaursirmaursirmaursolansolansolansolansolanunaunaunaunaunakaimur (bhabua)kaimur (bhabua)kaimur (bhabua)kaimur (bhabua)kaimur (bhabua)baloda bazarbaloda bazarbaloda bazarbaloda bazarbaloda bazaruttar bastar kankeruttar bastar kankeruttar bastar kankeruttar bastar kankeruttar bastar kankerbemetarabemetarabemetarabemetarabemetarabijapurbijapurbijapurbijapurbijapurdantewadadantewadadantewadadantewadadantewadadhamtaridhamtaridhamtaridhamtaridhamtaridurgdurgdurgdurgdurggariabandgariabandgariabandgariabandgariabandjanjgirchampajanjgirchampajanjgirchampajanjgirchampajanjgirchampajashpurjashpurjashpurjashpurjashpurkabirdhamkabirdhamkabirdhamkabirdhamkabirdhamkondagaonkondagaonkondagaonkondagaonkondagaonkorbakorbakorbakorbakorbakoreakoreakoreakoreakoreamahasamundmahasamundmahasamundmahasamundmahasamundmungelimungelimungelimungelimungelinarayanpurnarayanpurnarayanpurnarayanpurnarayanpurraigarhraigarhraigarhraigarhraigarhraipurraipurraipurraipurraipurrajnandgaonrajnandgaonrajnandgaonrajnandgaonrajnandgaonsukmasukmasukmasukmasukmasurajpursurajpursurajpursurajpursurajpursurgujasurgujasurgujasurgujasurgujalahul and spitilahul and spitilahul and spitilahul and spitilahul and spitiarvalliarvalliarvalliarvalliarvallibanas kanthabanas kanthabanas kanthabanas kanthabanas kanthadevbhumi dwarkadevbhumi dwarkadevbhumi dwarkadevbhumi dwarkadevbhumi dwarkakachchhkachchhkachchhkachchhkachchhpatanpatanpatanpatanpatanrajkotrajkotrajkotrajkotrajkotahmadnagarahmadnagarahmadnagarahmadnagarahmadnagarakolaakolaakolaakolaakolabuldhanabuldhanabuldhanabuldhanabuldhanahingolihingolihingolihingolihingolijalgaonjalgaonjalgaonjalgaonjalgaonjalnajalnajalnajalnajalnaparbhaniparbhaniparbhaniparbhaniparbhaniwashimwashimwashimwashimwashimyavatmalyavatmalyavatmalyavatmalyavatmalagar malwaagar malwaagar malwaagar malwaagar malwaalirajpuralirajpuralirajpuralirajpuralirajpuranuppuranuppuranuppuranuppuranuppurashoknagarashoknagarashoknagarashoknagarashoknagarbalaghatbalaghatbalaghatbalaghatbalaghatbarwanibarwanibarwanibarwanibarwanibetulbetulbetulbetulbetulbhopalbhopalbhopalbhopalbhopalburhanpurburhanpurburhanpurburhanpurburhanpurchhatarpurchhatarpurchhatarpurchhatarpurchhatarpurchhindwarachhindwarachhindwarachhindwarachhindwaradamohdamohdamohdamohdamohdatiadatiadatiadatiadatiadewasdewasdewasdewasdewasdhardhardhardhardhardindoridindoridindoridindoridindorigunagunagunagunagunagwaliorgwaliorgwaliorgwaliorgwaliorhardahardahardahardahardahoshangabadhoshangabadhoshangabadhoshangabadhoshangabadindoreindoreindoreindoreindorejabalpurjabalpurjabalpurjabalpurjabalpurjhabuajhabuajhabuajhabuajhabuakatnikatnikatnikatnikatnikhandwakhandwakhandwakhandwakhandwakhargonekhargonekhargonekhargonekhargonemandlamandlamandlamandlamandlamandsaurmandsaurmandsaurmandsaurmandsaurmorenamorenamorenamorenamorenanarsinghpurnarsinghpurnarsinghpurnarsinghpurnarsinghpurneemuchneemuchneemuchneemuchneemuchpannapannapannapannapannaraisenraisenraisenraisenraisenrajgarhrajgarhrajgarhrajgarhrajgarhratlamratlamratlamratlamratlamrewarewarewarewarewasagarsagarsagarsagarsagarsatnasatnasatnasatnasatnasehoresehoresehoresehoresehoreseoniseoniseoniseoniseonishahdolshahdolshahdolshahdolshahdolshajapurshajapurshajapurshajapurshajapursheopursheopursheopursheopursheopurshivpurishivpurishivpurishivpurishivpurisidhisidhisidhisidhisidhisingraulisingraulisingraulisingraulisingraulitikamgarhtikamgarhtikamgarhtikamgarhtikamgarhujjainujjainujjainujjainujjainumariaumariaumariaumariaumariavidishavidishavidishavidishavidishabarmerbarmerbarmerbarmerbarmerchittaurgarhchittaurgarhchittaurgarhchittaurgarhchittaurgarhchuruchuruchuruchuruchurudausadausadausadausadausajaipurjaipurjaipurjaipurjaipurjalorejalorejalorejalorejalorejodhpurjodhpurjodhpurjodhpurjodhpurnagaurnagaurnagaurnagaurnagaurpalipalipalipalipalisikarsikarsikarsikarsikarsirohisirohisirohisirohisirohiharidwarharidwarharidwarharidwarharidwarudam singh nagarudam singh nagarudam singh nagarudam singh nagarudam singh nagarkanchipuramkanchipuramkanchipuramkanchipuramkanchipuramvillupuramvillupuramvillupuramvillupuramvillupurambhindbhindbhindbhindbhindbagalkotebagalkotebagalkotebagalkotebagalkotebuldanabuldanabuldanabuldanabuldanawardhawardhawardhawardhawardhasahebganjsahebganjsahebganjsahebganjsahebganjsaraikela kharsawansaraikela kharsawansaraikela kharsawansaraikela kharsawansaraikela kharsawangautam buddha nagargautam buddha nagargautam buddha nagargautam buddha nagargautam buddha nagarkherikherikherikherikherikushi nagarkushi nagarkushi nagarkushi nagarkushi nagarsant ravidas nagarsant ravidas nagarsant ravidas nagarsant ravidas nagarsant ravidas nagarmahendragarhmahendragarhmahendragarhmahendragarhmahendragarhjamnagarjamnagarjamnagarjamnagarjamnagarchamrajnagarchamrajnagarchamrajnagarchamrajnagarchamrajnagartumkurtumkurtumkurtumkurtumkurbalodbalodbalodbalodbalodbastarbastarbastarbastarbastargariyabandgariyabandgariyabandgariyabandgariyabandjanjgir-champajanjgir-champajanjgir-champajanjgir-champajanjgir-champakankerkankerkankerkankerkankeramreliamreliamreliamreliamrelibhavnagarbhavnagarbhavnagarbhavnagarbhavnagarbotadbotadbotadbotadbotadgir somnathgir somnathgir somnathgir somnathgir somnathjunagadhjunagadhjunagadhjunagadhjunagadhmorbimorbimorbimorbimorbikamrup metrokamrup metrokamrup metrokamrup metrokamrup metromarigaonmarigaonmarigaonmarigaonmarigaonbikanerbikanerbikanerbikanerbikanerjaisalmerjaisalmerjaisalmerjaisalmerjaisalmerjhunjhununjhunjhununjhunjhununjhunjhununjhunjhununshahjahanpurshahjahanpurshahjahanpurshahjahanpurshahjahanpurnicobarsnicobarsnicobarsnicobarsnicobarsnorth and middle andamannorth and middle andamannorth and middle andamannorth and middle andamannorth and middle andamansouth andamanssouth andamanssouth andamanssouth andamanssouth andamansanjawanjawanjawanjawanjawchanglangchanglangchanglangchanglangchanglangdibang valleydibang valleydibang valleydibang valleydibang valleyeast kamengeast kamengeast kamengeast kamengeast kamengeast siangeast siangeast siangeast siangeast siangkra daadikra daadikra daadikra daadikra daadikurung kumeykurung kumeykurung kumeykurung kumeykurung kumeylohitlohitlohitlohitlohitlongdinglongdinglongdinglongdinglongdinglower dibang valleylower dibang valleylower dibang valleylower dibang valleylower dibang valleylower subansirilower subansirilower subansirilower subansirilower subansirinamsainamsainamsainamsainamsaipapum parepapum parepapum parepapum parepapum paresiangsiangsiangsiangsiangtawangtawangtawangtawangtawangtiraptiraptiraptiraptirapupper siangupper siangupper siangupper siangupper siangupper subansiriupper subansiriupper subansiriupper subansiriupper subansiriwest kamengwest kamengwest kamengwest kamengwest kamengwest siangwest siangwest siangwest siangwest siangchandigarhchandigarhchandigarhchandigarhchandigarhdadra and nagar havelidadra and nagar havelidadra and nagar havelidadra and nagar havelidadra and nagar havelibishnupurbishnupurbishnupurbishnupurbishnupurchandelchandelchandelchandelchandelchurachandpurchurachandpurchurachandpurchurachandpurchurachandpurimphal eastimphal eastimphal eastimphal eastimphal eastimphal westimphal westimphal westimphal westimphal westsenapatisenapatisenapatisenapatisenapatitamenglongtamenglongtamenglongtamenglongtamenglongthoubalthoubalthoubalthoubalthoubalukhrulukhrulukhrulukhrulukhruleast garo hillseast garo hillseast garo hillseast garo hillseast garo hillseast jaintia hillseast jaintia hillseast jaintia hillseast jaintia hillseast jaintia hillseast khasi hillseast khasi hillseast khasi hillseast khasi hillseast khasi hillsnorth garo hillsnorth garo hillsnorth garo hillsnorth garo hillsnorth garo hillsri bhoiri bhoiri bhoiri bhoiri bhoisouth garo hillssouth garo hillssouth garo hillssouth garo hillssouth garo hillssouth west garo hillssouth west garo hillssouth west garo hillssouth west garo hillssouth west garo hillssouth west khasi hillssouth west khasi hillssouth west khasi hillssouth west khasi hillssouth west khasi hillswest garo hillswest garo hillswest garo hillswest garo hillswest garo hillswest jaintia hillswest jaintia hillswest jaintia hillswest jaintia hillswest jaintia hillswest khasi hillswest khasi hillswest khasi hillswest khasi hillswest khasi hillsaizawlaizawlaizawlaizawlaizawlchamphaichamphaichamphaichamphaichamphaikolasibkolasibkolasibkolasibkolasiblawngtlailawngtlailawngtlailawngtlailawngtlailungleilungleilungleilungleilungleimamitmamitmamitmamitmamitsaihasaihasaihasaihasaihaserchhipserchhipserchhipserchhipserchhipdimapurdimapurdimapurdimapurdimapurkiphirekiphirekiphirekiphirekiphirekohimakohimakohimakohimakohimalonglenglonglenglonglenglonglenglonglengmokokchungmokokchungmokokchungmokokchungmokokchungmonmonmonmonmonperenperenperenperenperenphekphekphekphekphektuensangtuensangtuensangtuensangtuensangwokhawokhawokhawokhawokhazunhebotozunhebotozunhebotozunhebotozunhebotokaraikalkaraikalkaraikalkaraikalkaraikalpondicherrypondicherrypondicherrypondicherrypondicherryyanamyanamyanamyanamyanameast districteast districteast districteast districteast districtnorth districtnorth districtnorth districtnorth districtnorth districtsouth districtsouth districtsouth districtsouth districtsouth districtwest districtwest districtwest districtwest districtwest districtadilabadadilabadadilabadadilabadadilabadbhadradribhadradribhadradribhadradribhadradrihanumakondahanumakondahanumakondahanumakondahanumakondajagitialjagitialjagitialjagitialjagitialjangoanjangoanjangoanjangoanjangoanjayashankarjayashankarjayashankarjayashankarjayashankarjogulambajogulambajogulambajogulambajogulambakamareddykamareddykamareddykamareddykamareddykarimnagarkarimnagarkarimnagarkarimnagarkarimnagarkhammamkhammamkhammamkhammamkhammamkomaram bheem asifabadkomaram bheem asifabadkomaram bheem asifabadkomaram bheem asifabadkomaram bheem asifabadmahabubabadmahabubabadmahabubabadmahabubabadmahabubabadmahbubnagarmahbubnagarmahbubnagarmahbubnagarmahbubnagarmancherialmancherialmancherialmancherialmancherialmedakmedakmedakmedakmedakmedchal malkajgirimedchal malkajgirimedchal malkajgirimedchal malkajgirimedchal malkajgirinagarkurnoolnagarkurnoolnagarkurnoolnagarkurnoolnagarkurnoolnalgondanalgondanalgondanalgondanalgondanirmalnirmalnirmalnirmalnirmalnizamabadnizamabadnizamabadnizamabadnizamabadpeddapallipeddapallipeddapallipeddapallipeddapallirajannarajannarajannarajannarajannarangareddirangareddirangareddirangareddirangareddisangareddysangareddysangareddysangareddysangareddysiddipetsiddipetsiddipetsiddipetsiddipetsuryapetsuryapetsuryapetsuryapetsuryapetvikarabadvikarabadvikarabadvikarabadvikarabadwanaparthywanaparthywanaparthywanaparthywanaparthywarangalwarangalwarangalwarangalwarangalyadadriyadadriyadadriyadadriyadadridhalaidhalaidhalaidhalaidhalaigomatigomatigomatigomatigomatikhowaikhowaikhowaikhowaikhowainorth tripuranorth tripuranorth tripuranorth tripuranorth tripurasepahijalasepahijalasepahijalasepahijalasepahijalasouth tripurasouth tripurasouth tripurasouth tripurasouth tripuraunakotiunakotiunakotiunakotiunakotiwest tripurawest tripurawest tripurawest tripurawest tripura,ricemaizebajraragijowarricemaizebajraragijowarricemaizebajraragijowarricemaizebajraragijowarricemaizebajraragijowarricemaizebajraragijowarricemaizebajraragijowarricemaizebajraragijowarricemaizebajraragijowarricemaizebajraragijowarricemaizebajraragijowarricemaizebajraragijowarricemaizebajraragijowarricemaizebajraragijowarricemaizebajraragijowarricemaizebajraragijowarricemaizebajraragijowarricemaizebajraragijowarricemaizebajraragijowarricemaizebajraragijowarricemaizebajraragijowarricemaizebajraragijowarricemaizebajraragijowarricemaizebajraragijowarricemaizebajraragijowarricemaizebajraragijowarricemaizebajraragijowarricemaizebajraragijowarricemaizebajraragijowarricemaizebajraragijowarricemaizebajraragijowarricemaizebajraragijowarricemaizebajraragijowarricemaizebajraragijowarricemaizebajraragijowarricemaizebajraragijowarricemaizebajraragijowarricemaizebajraragijowarricemaizebajraragijowarricemaizebajraragijowarricemaizebajraragijowarricemaizebajraragijowarricemaizebajraragijowarricemaizebajraragijowarricemaizebajraragijowarricemaizebajraragijowarricemaizebajraragijowarricemaizebajraragijowarricemaizebajraragijowarricemaizebajraragijowarricemaizebajraragijowarricemaizebajraragijowarricemaizebajraragijowarricemaizebajraragijowarricemaizebajraragijowarricemaizebajraragijowarricemaizebajraragijowarricemaizebajraragijowarricemaizebajraragijowarricemaizebajraragijowarricemaizebajraragijowarricemaizebajraragijowarricemaizebajraragijowarricemaizebajraragijowarricemaizebajraragijowarricemaizebajraragijowarricemaizebajraragijowarricemaizebajraragijowarricemaizebajraragijowarricemaizebajraragijowarricemaizebajraragijowarricemaizebajraragijowarricemaizebajraragijowarricemaizebajraragijowarricemaizebajraragijowarricemaizebajraragijowarricemaizebajraragijowarricemaizebajraragijowarricemaizebajraragijowarricemaizebajraragijowarricemaizebajraragijowarricemaizebajraragijowarricemaizebajraragijowarricemaizebajraragijowarricemaizebajraragijowarricemaizebajraragijowarricemaizebajraragijowarricemaizebajraragijowarricemaizebajraragijowarricemaizebajraragijowarricemaizebajraragijowarricemaizebajraragijowarricemaizebajraragijowarricemaizebajraragijowarricemaizebajraragijowarricemaizebajraragijowarricemaizebajraragijowarricemaizebajraragijowarricemaizebajraragijowarricemaizebajraragijowarricemaizebajraragijowarricemaizebajraragijowarricemaizebajraragijowarricemaizebajraragijowarricemaizebajraragijowarricemaizebajraragijowarricemaizebajraragijowarricemaizebajraragijowarricemaizebajraragijowarricemaizebajraragijowarricemaizebajraragijowarricemaizebajraragijowarricemaizebajraragijowarricemaizebajraragijowarricemaizebajraragijowarricemaizebajraragijowarricemaizebajraragijowarricemaizebajraragijowarricemaizebajraragijowarricemaizebajraragijowarricemaizebajraragijowarricemaizebajraragijowarricemaizebajraragijowarricemaizebajraragijowarricemaizebajraragijowarricemaizebajraragijowarricemaizebajraragijowarricemaizebajraragijowarricemaizebajraragijowarricemaizebajraragijowarricemaizebajraragijowarricemaizebajraragijowarricemaizebajraragijowarricemaizebajraragijowarricemaizebajraragijowarricemaizebajraragijowarricemaizebajraragijowarricemaizebajraragijowarricemaizebajraragijowarricemaizebajraragijowarricemaizebajraragijowarricemaizebajraragijowarricemaizebajraragijowarricemaizebajraragijowarricemaizebajraragijowarricemaizebajraragijowarricemaizebajraragijowarricemaizebajraragijowarricemaizebajraragijowarricemaizebajraragijowarricemaizebajraragijowarricemaizebajraragijowarricemaizebajraragijowarricemaizebajraragijowarricemaizebajraragijowarricemaizebajraragijowarricemaizebajraragijowarricemaizebajraragijowarricemaizebajraragijowarricemaizebajraragijowarricemaizebajraragijowarricemaizebajraragijowarricemaizebajraragijowarricemaizebajraragijowarricemaizebajraragijowarricemaizebajraragijowarricemaizebajraragijowarricemaizebajraragijowarricemaizebajraragijowarricemaizebajraragijowarricemaizebajraragijowarricemaizebajraragijowarricemaizebajraragijowarricemaizebajraragijowarricemaizebajraragijowarricemaizebajraragijowarricemaizebajraragijowarricemaizebajraragijowarricemaizebajraragijowarricemaizebajraragijowarricemaizebajraragijowarricemaizebajraragijowarricemaizebajraragijowarricemaizebajraragijowarricemaizebajraragijowarricemaizebajraragijowarricemaizebajraragijowarricemaizebajraragijowarricemaizebajraragijowarricemaizebajraragijowarricemaizebajraragijowarricemaizebajraragijowarricemaizebajraragijowarricemaizebajraragijowarricemaizebajraragijowarricemaizebajraragijowarricemaizebajraragijowarricemaizebajraragijowarricemaizebajraragijowarricemaizebajraragijowarricemaizebajraragijowarricemaizebajraragijowarricemaizebajraragijowarricemaizebajraragijowarricemaizebajraragijowarricemaizebajraragijowarricemaizebajraragijowarricemaizebajraragijowarricemaizebajraragijowarricemaizebajraragijowarricemaizebajraragijowarricemaizebajraragijowarricemaizebajraragijowarricemaizebajraragijowarricemaizebajraragijowarricemaizebajraragijowarricemaizebajraragijowarricemaizebajraragijowarricemaizebajraragijowarricemaizebajraragijowarricemaizebajraragijowarricemaizebajraragijowarricemaizebajraragijowarricemaizebajraragijowarricemaizebajraragijowarricemaizebajraragijowarricemaizebajraragijowarricemaizebajraragijowarricemaizebajraragijowarricemaizebajraragijowarricemaizebajraragijowarricemaizebajraragijowarricemaizebajraragijowarricemaizebajraragijowarricemaizebajraragijowarricemaizebajraragijowarricemaizebajraragijowarricemaizebajraragijowarricemaizebajraragijowarricemaizebajraragijowarricemaizebajraragijowarricemaizebajraragijowarricemaizebajraragijowarricemaizebajraragijowarricemaizebajraragijowarricemaizebajraragijowarricemaizebajraragijowarricemaizebajraragijowarricemaizebajraragijowarricemaizebajraragijowarricemaizebajraragijowarricemaizebajraragijowarricemaizebajraragijowarricemaizebajraragijowarricemaizebajraragijowarricemaizebajraragijowarricemaizebajraragijowarricemaizebajraragijowarricemaizebajraragijowarricemaizebajraragijowarricemaizebajraragijowarricemaizebajraragijowarricemaizebajraragijowarricemaizebajraragijowarricemaizebajraragijowarricemaizebajraragijowarricemaizebajraragijowarricemaizebajraragijowarricemaizebajraragijowarricemaizebajraragijowarricemaizebajraragijowarricemaizebajraragijowarricemaizebajraragijowarricemaizebajraragijowarricemaizebajraragijowarricemaizebajraragijowarricemaizebajraragijowarricemaizebajraragijowarricemaizebajraragijowarricemaizebajraragijowarricemaizebajraragijowarricemaizebajraragijowarricemaizebajraragijowarricemaizebajraragijowarricemaizebajraragijowarricemaizebajraragijowarricemaizebajraragijowarricemaizebajraragijowarricemaizebajraragijowarricemaizebajraragijowarricemaizebajraragijowarricemaizebajraragijowarricemaizebajraragijowarricemaizebajraragijowarricemaizebajraragijowarricemaizebajraragijowarricemaizebajraragijowarricemaizebajraragijowarricemaizebajraragijowarricemaizebajraragijowarricemaizebajraragijowarricemaizebajraragijowarricemaizebajraragijowarricemaizebajraragijowarricemaizebajraragijowarricemaizebajraragijowarricemaizebajraragijowarricemaizebajraragijowarricemaizebajraragijowarricemaizebajraragijowarricemaizebajraragijowarricemaizebajraragijowarricemaizebajraragijowarricemaizebajraragijowarricemaizebajraragijowarricemaizebajraragijowarricemaizebajraragijowarricemaizebajraragijowarricemaizebajraragijowarricemaizebajraragijowarricemaizebajraragijowarricemaizebajraragijowarricemaizebajraragijowarricemaizebajraragijowarricemaizebajraragijowarricemaizebajraragijowarricemaizebajraragijowarricemaizebajraragijowarricemaizebajraragijowarricemaizebajraragijowarricemaizebajraragijowarricemaizebajraragijowarricemaizebajraragijowarricemaizebajraragijowarricemaizebajraragijowarricemaizebajraragijowarricemaizebajraragijowarricemaizebajraragijowarricemaizebajraragijowarricemaizebajraragijowarricemaizebajraragijowarricemaizebajraragijowarricemaizebajraragijowarricemaizebajraragijowarricemaizebajraragijowarricemaizebajraragijowarricemaizebajraragijowarricemaizebajraragijowarricemaizebajraragijowarricemaizebajraragijowarricemaizebajraragijowarricemaizebajraragijowarricemaizebajraragijowarricemaizebajraragijowarricemaizebajraragijowarricemaizebajraragijowarricemaizebajraragijowarricemaizebajraragijowarricemaizebajraragijowarricemaizebajraragijowarricemaizebajraragijowarricemaizebajraragijowarricemaizebajraragijowarricemaizebajraragijowarricemaizebajraragijowarricemaizebajraragijowarricemaizebajraragijowarricemaizebajraragijowarricemaizebajraragijowarricemaizebajraragijowarricemaizebajraragijowarricemaizebajraragijowarricemaizebajraragijowarricemaizebajraragijowarricemaizebajraragijowarricemaizebajraragijowarricemaizebajraragijowarricemaizebajraragijowarricemaizebajraragijowarricemaizebajraragijowarricemaizebajraragijowarricemaizebajraragijowarricemaizebajraragijowarricemaizebajraragijowarricemaizebajraragijowarricemaizebajraragijowarricemaizebajraragijowarricemaizebajraragijowarricemaizebajraragijowarricemaizebajraragijowarricemaizebajraragijowarricemaizebajraragijowarricemaizebajraragijowarricemaizebajraragijowarricemaizebajraragijowarricemaizebajraragijowarricemaizebajraragijowarricemaizebajraragijowarricemaizebajraragijowarricemaizebajraragijowarricemaizebajraragijowarricemaizebajraragijowarricemaizebajraragijowarricemaizebajraragijowarricemaizebajraragijowarricemaizebajraragijowarricemaizebajraragijowarricemaizebajraragijowarricemaizebajraragijowarricemaizebajraragijowarricemaizebajraragijowarricemaizebajraragijowarricemaizebajraragijowarricemaizebajraragijowarricemaizebajraragijowarricemaizebajraragijowarricemaizebajraragijowarricemaizebajraragijowarricemaizebajraragijowarricemaizebajraragijowarricemaizebajraragijowarricemaizebajraragijowarricemaizebajraragijowarricemaizebajraragijowarricemaizebajraragijowarricemaizebajraragijowarricemaizebajraragijowarricemaizebajraragijowarricemaizebajraragijowarricemaizebajraragijowarricemaizebajraragijowarricemaizebajraragijowarricemaizebajraragijowarricemaizebajraragijowarricemaizebajraragijowarricemaizebajraragijowarricemaizebajraragijowarricemaizebajraragijowarricemaizebajraragijowarricemaizebajraragijowarricemaizebajraragijowarricemaizebajraragijowarricemaizebajraragijowarricemaizebajraragijowarricemaizebajraragijowarricemaizebajraragijowarricemaizebajraragijowarricemaizebajraragijowarricemaizebajraragijowarricemaizebajraragijowarricemaizebajraragijowarricemaizebajraragijowarricemaizebajraragijowarricemaizebajraragijowarricemaizebajraragijowarricemaizebajraragijowarricemaizebajraragijowarricemaizebajraragijowarricemaizebajraragijowarricemaizebajraragijowarricemaizebajraragijowarricemaizebajraragijowarricemaizebajraragijowarricemaizebajraragijowarricemaizebajraragijowarricemaizebajraragijowarricemaizebajraragijowarricemaizebajraragijowarricemaizebajraragijowarricemaizebajraragijowarricemaizebajraragijowarricemaizebajraragijowarricemaizebajraragijowarricemaizebajraragijowarricemaizebajraragijowarricemaizebajraragijowarricemaizebajraragijowarricemaizebajraragijowarricemaizebajraragijowarricemaizebajraragijowarricemaizebajraragijowarricemaizebajraragijowarricemaizebajraragijowarricemaizebajraragijowarricemaizebajraragijowarricemaizebajraragijowarricemaizebajraragijowarricemaizebajraragijowarricemaizebajraragijowarricemaizebajraragijowarricemaizebajraragijowarricemaizebajraragijowarricemaizebajraragijowarricemaizebajraragijowarricemaizebajraragijowarricemaizebajraragijowarricemaizebajraragijowarricemaizebajraragijowarricemaizebajraragijowarricemaizebajraragijowarricemaizebajraragijowarricemaizebajraragijowarricemaizebajraragijowarricemaizebajraragijowarricemaizebajraragijowarricemaizebajraragijowarricemaizebajraragijowarricemaizebajraragijowarricemaizebajraragijowarricemaizebajraragijowarricemaizebajraragijowarricemaizebajraragijowarricemaizebajraragijowarricemaizebajraragijowarricemaizebajraragijowarricemaizebajraragijowarricemaizebajraragijowarricemaizebajraragijowarricemaizebajraragijowarricemaizebajraragijowarricemaizebajraragijowarricemaizebajraragijowarricemaizebajraragijowarricemaizebajraragijowarricemaizebajraragijowarricemaizebajraragijowarricemaizebajraragijowarricemaizebajraragijowarricemaizebajraragijowarricemaizebajraragijowarricemaizebajraragijowarricemaizebajraragijowarricemaizebajraragijowarricemaizebajraragijowarricemaizebajraragijowarricemaizebajraragijowarricemaizebajraragijowarricemaizebajraragijowarricemaizebajraragijowarricemaizebajraragijowarricemaizebajraragijowarricemaizebajraragijowarricemaizebajraragijowarricemaizebajraragijowarricemaizebajraragijowarricemaizebajraragijowarricemaizebajraragijowarricemaizebajraragijowarricemaizebajraragijowarricemaizebajraragijowarricemaizebajraragijowarricemaizebajraragijowarricemaizebajraragijowarricemaizebajraragijowarricemaizebajraragijowarricemaizebajraragijowarricemaizebajraragijowarricemaizebajraragijowarricemaizebajraragijowarricemaizebajraragijowarricemaizebajraragijowarricemaizebajraragijowarricemaizebajraragijowarricemaizebajraragijowarricemaizebajraragijowarricemaizebajraragijowarricemaizebajraragijowarricemaizebajraragijowarricemaizebajraragijowarricemaizebajraragijowarricemaizebajraragijowarricemaizebajraragijowarricemaizebajraragijowarricemaizebajraragijowarricemaizebajraragijowarricemaizebajraragijowarricemaizebajraragijowarricemaizebajraragijowarricemaizebajraragijowarricemaizebajraragijowarricemaizebajraragijowarricemaizebajraragijowarricemaizebajraragijowarricemaizebajraragijowarricemaizebajraragijowarricemaizebajraragijowarricemaizebajraragijowarricemaizebajraragijowarricemaizebajraragijowarricemaizebajraragijowarricemaizebajraragijowarricemaizebajraragijowarricemaizebajraragijowarricemaizebajraragijowarricemaizebajraragijowarricemaizebajraragijowarricemaizebajraragijowarricemaizebajraragijowarricemaizebajraragijowarricemaizebajraragijowarricemaizebajraragijowarricemaizebajraragijowarricemaizebajraragijowarricemaizebajraragijowarricemaizebajraragijowarricemaizebajraragijowarricemaizebajraragijowarricemaizebajraragijowarricemaizebajraragijowarricemaizebajraragijowarricemaizebajraragijowarricemaizebajraragijowarricemaizebajraragijowarricemaizebajraragijowarricemaizebajraragijowarricemaizebajraragijowarricemaizebajraragijowarricemaizebajraragijowarricemaizebajraragijowarricemaizebajraragijowarricemaizebajraragijowarricemaizebajraragijowarricemaizebajraragijowarricemaizebajraragijowarricemaizebajraragijowarricemaizebajraragijowarricemaizebajraragijowarricemaizebajraragijowarricemaizebajraragijowarricemaizebajraragijowarricemaizebajraragijowarricemaizebajraragijowarricemaizebajraragijowarricemaizebajraragijowarricemaizebajraragijowarricemaizebajraragijowarricemaizebajraragijowarricemaizebajraragijowarricemaizebajraragijowarricemaizebajraragijowarricemaizebajraragijowarricemaizebajraragijowarricemaizebajraragijowarricemaizebajraragijowarricemaizebajraragijowarricemaizebajraragijowarricemaizebajraragijowarricemaizebajraragijowarricemaizebajraragijowarricemaizebajraragijowarricemaizebajraragijowarricemaizebajraragijowarricemaizebajraragijowarricemaizebajraragijowarricemaizebajraragijowarricemaizebajraragijowarricemaizebajraragijowarricemaizebajraragijowarricemaizebajraragijowarricemaizebajraragijowarricemaizebajraragijowarricemaizebajraragijowarricemaizebajraragijowarricemaizebajraragijowarricemaizebajraragijowarricemaizebajraragijowarricemaizebajraragijowarricemaizebajraragijowarricemaizebajraragijowarricemaizebajraragijowarricemaizebajraragijowarricemaizebajraragijowarricemaizebajraragijowarricemaizebajraragijowarricemaizebajraragijowarricemaizebajraragijowarricemaizebajraragijowarricemaizebajraragijowarricemaizebajraragijowarricemaizebajraragijowarricemaizebajraragijowarricemaizebajraragijowarricemaizebajraragijowarricemaizebajraragijowarricemaizebajraragijowarricemaizebajraragijowarricemaizebajraragijowarricemaizebajraragijowarricemaizebajraragijowarricemaizebajraragijowarricemaizebajraragijowarricemaizebajraragijowarricemaizebajraragijowarricemaizebajraragijowarricemaizebajraragijowarricemaizebajraragijowarricemaizebajraragijowarricemaizebajraragijowarricemaizebajraragijowarricemaizebajraragijowarricemaizebajraragijowarricemaizebajraragijowarricemaizebajraragijowarricemaizebajraragijowarricemaizebajraragijowarricemaizebajraragijowarricemaizebajraragijowar,15510.99999,15511.0,5069.341942,30341442.54269871,30342999.996490005,1944904.4029032686,1930508.213284525,731735.2648192766,725198.6609327096,1545375.4854257659,1529638.5133302817,644712.2041424025,637860.360942357,107506719734.8559,107506719987.49779,113259.70953420777,113769.547794573,840529.7265230741,831970.3874003403,54397.21708698696,53843.27566922591,101125334.93068393,101449447.76601264,-28450469.928607415,-28450468.981304396,15511.0,0.31948210903647384,-1.0288033387196887,-1.074191722765591,-0.7457201953184195,-0.9013535516130222,2.3500102273501835e-07,-3.3296569560470707e-06,0.44813244866351504,-1.0288033387196946,-1.028803338719685
8,gujarat,ariyalurariyalurariyalurariyalurariyalurcoimbatorecoimbatorecoimbatorecoimbatorecoimbatorecuddalorecuddalorecuddalorecuddalorecuddaloredharmapuridharmapuridharmapuridharmapuridharmapuridindiguldindiguldindiguldindiguldindigulerodeerodeerodeerodeerodekancheepuramkancheepuramkancheepuramkancheepuramkancheepuramkanniyakumarikanniyakumarikanniyakumarikanniyakumarikanniyakumarikarurkarurkarurkarurkarurkrishnagirikrishnagirikrishnagirikrishnagirikrishnagirimaduraimaduraimaduraimaduraimadurainagappattinamnagappattinamnagappattinamnagappattinamnagappattinamnamakkalnamakkalnamakkalnamakkalnamakkalperambalurperambalurperambalurperambalurperambalurpudukkottaipudukkottaipudukkottaipudukkottaipudukkottairamanathapuramramanathapuramramanathapuramramanathapuramramanathapuramsalemsalemsalemsalemsalemsivagangasivagangasivagangasivagangasivagangathanjavurthanjavurthanjavurthanjavurthanjavurthe nilgiristhe nilgiristhe nilgiristhe nilgiristhe nilgiristhenithenithenithenithenithiruvallurthiruvallurthiruvallurthiruvallurthiruvallurthiruvarurthiruvarurthiruvarurthiruvarurthiruvarurtiruchirappallitiruchirappallitiruchirappallitiruchirappallitiruchirappallitirunelvelitirunelvelitirunelvelitirunelvelitirunelvelitiruppurtiruppurtiruppurtiruppurtiruppurtiruvannamalaitiruvannamalaitiruvannamalaitiruvannamalaitiruvannamalaituticorintuticorintuticorintuticorintuticorinvellorevellorevellorevellorevelloreviluppuramviluppuramviluppuramviluppuramviluppuramvirudhunagarvirudhunagarvirudhunagarvirudhunagarvirudhunagaramritsaramritsaramritsaramritsaramritsarbarnalabarnalabarnalabarnalabarnalabathindabathindabathindabathindabathindafaridkotfaridkotfaridkotfaridkotfaridkotfatehgarh sahibfatehgarh sahibfatehgarh sahibfatehgarh sahibfatehgarh sahibfazilkafazilkafazilkafazilkafazilkafirozpurfirozpurfirozpurfirozpurfirozpurgurdaspurgurdaspurgurdaspurgurdaspurgurdaspurhoshiarpurhoshiarpurhoshiarpurhoshiarpurhoshiarpurjalandharjalandharjalandharjalandharjalandharkapurthalakapurthalakapurthalakapurthalakapurthalaludhianaludhianaludhianaludhianaludhianamansamansamansamansamansamogamogamogamogamogamuktsarmuktsarmuktsarmuktsarmuktsarpathankotpathankotpathankotpathankotpathankotpatialapatialapatialapatialapatialarupnagarrupnagarrupnagarrupnagarrupnagarsangrursangrursangrursangrursangrurshahid bhagat singh nagarshahid bhagat singh nagarshahid bhagat singh nagarshahid bhagat singh nagarshahid bhagat singh nagartarn tarantarn tarantarn tarantarn tarantarn taranambalaambalaambalaambalaambalabhiwanibhiwanibhiwanibhiwanibhiwanicharki dadricharki dadricharki dadricharki dadricharki dadrifaridabadfaridabadfaridabadfaridabadfaridabadfatehabadfatehabadfatehabadfatehabadfatehabadgurgaongurgaongurgaongurgaongurgaonhisarhisarhisarhisarhisarjhajjarjhajjarjhajjarjhajjarjhajjarjindjindjindjindjindkaithalkaithalkaithalkaithalkaithalkarnalkarnalkarnalkarnalkarnalkurukshetrakurukshetrakurukshetrakurukshetrakurukshetramewatmewatmewatmewatmewatpalwalpalwalpalwalpalwalpalwalpanchkulapanchkulapanchkulapanchkulapanchkulapanipatpanipatpanipatpanipatpanipatrewarirewarirewarirewarirewarirohtakrohtakrohtakrohtakrohtaksirsasirsasirsasirsasirsasonipatsonipatsonipatsonipatsonipatyamunanagaryamunanagaryamunanagaryamunanagaryamunanagaranantapuranantapuranantapuranantapuranantapurchittoorchittoorchittoorchittoorchittooreast godavarieast godavarieast godavarieast godavarieast godavarigunturgunturgunturgunturgunturkadapakadapakadapakadapakadapakrishnakrishnakrishnakrishnakrishnakurnoolkurnoolkurnoolkurnoolkurnoolprakasamprakasamprakasamprakasamprakasamnellorenellorenellorenellorenelloresrikakulamsrikakulamsrikakulamsrikakulamsrikakulamvisakhapatnamvisakhapatnamvisakhapatnamvisakhapatnamvisakhapatnamvizianagaramvizianagaramvizianagaramvizianagaramvizianagaramwest godavariwest godavariwest godavariwest godavariwest godavariballariballariballariballariballaribangalore ruralbangalore ruralbangalore ruralbangalore ruralbangalore ruralbelagavibelagavibelagavibelagavibelagavibengaluru urbanbengaluru urbanbengaluru urbanbengaluru urbanbengaluru urbanbidarbidarbidarbidarbidarchamarajanagarachamarajanagarachamarajanagarachamarajanagarachamarajanagarachikkaballapurachikkaballapurachikkaballapurachikkaballapurachikkaballapurachikmagalurchikmagalurchikmagalurchikmagalurchikmagalurchitradurgachitradurgachitradurgachitradurgachitradurgadakshina kannadadakshina kannadadakshina kannadadakshina kannadadakshina kannadadavangeredavangeredavangeredavangeredavangeredharwaddharwaddharwaddharwaddharwadgadaggadaggadaggadaggadaghassanhassanhassanhassanhassanhaverihaverihaverihaverihaverikalaburagikalaburagikalaburagikalaburagikalaburagikodagukodagukodagukodagukodagukolarkolarkolarkolarkolarkoppalkoppalkoppalkoppalkoppalmandyamandyamandyamandyamandyamysurumysurumysurumysurumysururaichurraichurraichurraichurraichurramanagararamanagararamanagararamanagararamanagarashivamoggashivamoggashivamoggashivamoggashivamoggatumakurutumakurutumakurutumakurutumakuruudupiudupiudupiudupiudupiuttara kannadauttara kannadauttara kannadauttara kannadauttara kannadavijayapuravijayapuravijayapuravijayapuravijayapurayadgiryadgiryadgiryadgiryadgiralmoraalmoraalmoraalmoraalmorabageshwarbageshwarbageshwarbageshwarbageshwarchamolichamolichamolichamolichamolichampawatchampawatchampawatchampawatchampawatdehradundehradundehradundehradundehradunhardwarhardwarhardwarhardwarhardwarnainitalnainitalnainitalnainitalnainitalpauri garhwalpauri garhwalpauri garhwalpauri garhwalpauri garhwalpithoragarhpithoragarhpithoragarhpithoragarhpithoragarhrudra prayagrudra prayagrudra prayagrudra prayagrudra prayagtehri garhwaltehri garhwaltehri garhwaltehri garhwaltehri garhwaludham singh nagarudham singh nagarudham singh nagarudham singh nagarudham singh nagaruttar kashiuttar kashiuttar kashiuttar kashiuttar kashispsr nellorespsr nellorespsr nellorespsr nellorespsr nellorevisakhapatanamvisakhapatanamvisakhapatanamvisakhapatanamvisakhapatanamparaganas northparaganas northparaganas northparaganas northparaganas northparaganas southparaganas southparaganas southparaganas southparaganas southalipurduaralipurduaralipurduaralipurduaralipurduarbankurabankurabankurabankurabankurabirbhumbirbhumbirbhumbirbhumbirbhumcoochbeharcoochbeharcoochbeharcoochbeharcoochbehardarjeelingdarjeelingdarjeelingdarjeelingdarjeelingdakshin dinajpurdakshin dinajpurdakshin dinajpurdakshin dinajpurdakshin dinajpuruttar dinajpuruttar dinajpuruttar dinajpuruttar dinajpuruttar dinajpurhooghlyhooghlyhooghlyhooghlyhooghlyhowrahhowrahhowrahhowrahhowrahjalpaigurijalpaigurijalpaigurijalpaigurijalpaigurijhargramjhargramjhargramjhargramjhargramkalimpongkalimpongkalimpongkalimpongkalimpongmaldahmaldahmaldahmaldahmaldahmedinipur eastmedinipur eastmedinipur eastmedinipur eastmedinipur eastmedinipur westmedinipur westmedinipur westmedinipur westmedinipur westmurshidabadmurshidabadmurshidabadmurshidabadmurshidabadnadianadianadianadianadiabarddhamanbarddhamanbarddhamanbarddhamanbarddhamanpuruliyapuruliyapuruliyapuruliyapuruliyaalappuzhaalappuzhaalappuzhaalappuzhaalappuzhaernakulamernakulamernakulamernakulamernakulamidukkiidukkiidukkiidukkiidukkikannurkannurkannurkannurkannurkasaragodkasaragodkasaragodkasaragodkasaragodkollamkollamkollamkollamkollamkottayamkottayamkottayamkottayamkottayamkozhikodekozhikodekozhikodekozhikodekozhikodemalappurammalappurammalappurammalappurammalappurampalakkadpalakkadpalakkadpalakkadpalakkadpathanamthittapathanamthittapathanamthittapathanamthittapathanamthittathiruvananthapuramthiruvananthapuramthiruvananthapuramthiruvananthapuramthiruvananthapuramthrissurthrissurthrissurthrissurthrissurwayanadwayanadwayanadwayanadwayanadbagalkotbagalkotbagalkotbagalkotbagalkotchikballapurachikballapurachikballapurachikballapurachikballapurachikkamagaluruchikkamagaluruchikkamagaluruchikkamagaluruchikkamagalurudavanageredavanageredavanageredavanageredavanagereyadagiriyadagiriyadagiriyadagiriyadagiriagraagraagraagraagraaligarhaligarhaligarhaligarhaligarhallahabadallahabadallahabadallahabadallahabadambedkar nagarambedkar nagarambedkar nagarambedkar nagarambedkar nagaramethiamethiamethiamethiamethiamrohaamrohaamrohaamrohaamrohaauraiyaauraiyaauraiyaauraiyaauraiyaazamgarhazamgarhazamgarhazamgarhazamgarhbaghpatbaghpatbaghpatbaghpatbaghpatbahraichbahraichbahraichbahraichbahraichballiaballiaballiaballiaballiabalrampurbalrampurbalrampurbalrampurbalrampurbandabandabandabandabandabarabankibarabankibarabankibarabankibarabankibareillybareillybareillybareillybareillybastibastibastibastibastibijnorbijnorbijnorbijnorbijnorbudaunbudaunbudaunbudaunbudaunbulandshahrbulandshahrbulandshahrbulandshahrbulandshahrchandaulichandaulichandaulichandaulichandaulichitrakootchitrakootchitrakootchitrakootchitrakootdeoriadeoriadeoriadeoriadeoriaetahetahetahetahetahetawahetawahetawahetawahetawahfaizabadfaizabadfaizabadfaizabadfaizabadfarrukhabadfarrukhabadfarrukhabadfarrukhabadfarrukhabadfatehpurfatehpurfatehpurfatehpurfatehpurfirozabadfirozabadfirozabadfirozabadfirozabadkanpur nagarkanpur nagarkanpur nagarkanpur nagarkanpur nagarghaziabadghaziabadghaziabadghaziabadghaziabadghazipurghazipurghazipurghazipurghazipurgondagondagondagondagondagorakhpurgorakhpurgorakhpurgorakhpurgorakhpurhamirpurhamirpurhamirpurhamirpurhamirpurhapurhapurhapurhapurhapurhardoihardoihardoihardoihardoihathrashathrashathrashathrashathrasjalaunjalaunjalaunjalaunjalaunjaunpurjaunpurjaunpurjaunpurjaunpurjhansijhansijhansijhansijhansikannaujkannaujkannaujkannaujkannaujkanpur dehatkanpur dehatkanpur dehatkanpur dehatkanpur dehatkasganjkasganjkasganjkasganjkasganjkaushambikaushambikaushambikaushambikaushambilakhimpur kherilakhimpur kherilakhimpur kherilakhimpur kherilakhimpur kherikushinagarkushinagarkushinagarkushinagarkushinagarlalitpurlalitpurlalitpurlalitpurlalitpurlucknowlucknowlucknowlucknowlucknowmaharajganjmaharajganjmaharajganjmaharajganjmaharajganjmahobamahobamahobamahobamahobamainpurimainpurimainpurimainpurimainpurimathuramathuramathuramathuramathuramaumaumaumaumaumeerutmeerutmeerutmeerutmeerutmirzapurmirzapurmirzapurmirzapurmirzapurmoradabadmoradabadmoradabadmoradabadmoradabadmuzaffarnagarmuzaffarnagarmuzaffarnagarmuzaffarnagarmuzaffarnagarpilibhitpilibhitpilibhitpilibhitpilibhitpratapgarhpratapgarhpratapgarhpratapgarhpratapgarhrae barelirae barelirae barelirae barelirae barelirampurrampurrampurrampurrampursaharanpursaharanpursaharanpursaharanpursaharanpursambhalsambhalsambhalsambhalsambhalsant kabeer nagarsant kabeer nagarsant kabeer nagarsant kabeer nagarsant kabeer nagarsant ravi das nagarsant ravi das nagarsant ravi das nagarsant ravi das nagarsant ravi das nagarshahajahanpurshahajahanpurshahajahanpurshahajahanpurshahajahanpurshamlishamlishamlishamlishamlishravastishravastishravastishravastishravastisiddharth nagarsiddharth nagarsiddharth nagarsiddharth nagarsiddharth nagarsitapursitapursitapursitapursitapursonbhadrasonbhadrasonbhadrasonbhadrasonbhadrasultanpursultanpursultanpursultanpursultanpurunnaounnaounnaounnaounnaovaranasivaranasivaranasivaranasivaranasiahmednagarahmednagarahmednagarahmednagarahmednagaramravatiamravatiamravatiamravatiamravatibeedbeedbeedbeedbeedbhandarabhandarabhandarabhandarabhandarachandrapurchandrapurchandrapurchandrapurchandrapurdhuledhuledhuledhuledhulegadchiroligadchiroligadchiroligadchiroligadchiroligondiagondiagondiagondiagondiakolhapurkolhapurkolhapurkolhapurkolhapurlaturlaturlaturlaturlaturnagpurnagpurnagpurnagpurnagpurnandednandednandednandednandednandurbarnandurbarnandurbarnandurbarnandurbarnashiknashiknashiknashiknashikosmanabadosmanabadosmanabadosmanabadosmanabadpalgharpalgharpalgharpalgharpalgharpunepunepunepunepuneraigadraigadraigadraigadraigadratnagiriratnagiriratnagiriratnagiriratnagirisanglisanglisanglisanglisanglisatarasatarasatarasatarasatarasindhudurgsindhudurgsindhudurgsindhudurgsindhudurgsolapursolapursolapursolapursolapurthanethanethanethanethaneanantnaganantnaganantnaganantnaganantnagbadgambadgambadgambadgambadgambandiporabandiporabandiporabandiporabandiporabaramullabaramullabaramullabaramullabaramulladodadodadodadodadodaganderbalganderbalganderbalganderbalganderbaljammujammujammujammujammukathuakathuakathuakathuakathuakishtwarkishtwarkishtwarkishtwarkishtwarkulgamkulgamkulgamkulgamkulgamkupwarakupwarakupwarakupwarakupwarapoonchpoonchpoonchpoonchpoonchpulwamapulwamapulwamapulwamapulwamarajaurirajaurirajaurirajaurirajaurirambanrambanrambanrambanrambanreasireasireasireasireasisambasambasambasambasambashopianshopianshopianshopianshopiansrinagarsrinagarsrinagarsrinagarsrinagarudhampurudhampurudhampurudhampurudhampurahmadabadahmadabadahmadabadahmadabadahmadabadanandanandanandanandanandaravalliaravalliaravalliaravalliaravallibharuchbharuchbharuchbharuchbharuchchhotaudepurchhotaudepurchhotaudepurchhotaudepurchhotaudepurdangdangdangdangdangdohaddohaddohaddohaddohadgandhinagargandhinagargandhinagargandhinagargandhinagarkhedakhedakhedakhedakhedamahesanamahesanamahesanamahesanamahesanamahisagarmahisagarmahisagarmahisagarmahisagarnarmadanarmadanarmadanarmadanarmadanavsarinavsarinavsarinavsarinavsaripanch mahalspanch mahalspanch mahalspanch mahalspanch mahalssabar kanthasabar kanthasabar kanthasabar kanthasabar kanthasuratsuratsuratsuratsuratsurendranagarsurendranagarsurendranagarsurendranagarsurendranagartapitapitapitapitapivadodaravadodaravadodaravadodaravadodaravalsadvalsadvalsadvalsadvalsadajmerajmerajmerajmerajmeralwaralwaralwaralwaralwarbanswarabanswarabanswarabanswarabanswarabaranbaranbaranbaranbaranbharatpurbharatpurbharatpurbharatpurbharatpurbhilwarabhilwarabhilwarabhilwarabhilwarabundibundibundibundibundichittorgarhchittorgarhchittorgarhchittorgarhchittorgarhdholpurdholpurdholpurdholpurdholpurdungarpurdungarpurdungarpurdungarpurdungarpurganganagarganganagarganganagarganganagarganganagarhanumangarhhanumangarhhanumangarhhanumangarhhanumangarhjhalawarjhalawarjhalawarjhalawarjhalawarkaraulikaraulikaraulikaraulikaraulikotakotakotakotakotarajsamandrajsamandrajsamandrajsamandrajsamandsawai madhopursawai madhopursawai madhopursawai madhopursawai madhopurtonktonktonktonktonkudaipurudaipurudaipurudaipurudaipurarariaarariaarariaarariaarariaarwalarwalarwalarwalarwalaurangabadaurangabadaurangabadaurangabadaurangabadbankabankabankabankabankabegusaraibegusaraibegusaraibegusaraibegusaraibhagalpurbhagalpurbhagalpurbhagalpurbhagalpurbhojpurbhojpurbhojpurbhojpurbhojpurbuxarbuxarbuxarbuxarbuxardarbhangadarbhangadarbhangadarbhangadarbhangagayagayagayagayagayagopalganjgopalganjgopalganjgopalganjgopalganjjamuijamuijamuijamuijamuijehanabadjehanabadjehanabadjehanabadjehanabadkaimurkaimurkaimurkaimurkaimurkatiharkatiharkatiharkatiharkatiharkhagariakhagariakhagariakhagariakhagariakishanganjkishanganjkishanganjkishanganjkishanganjlakhisarailakhisarailakhisarailakhisarailakhisaraimadhepuramadhepuramadhepuramadhepuramadhepuramadhubanimadhubanimadhubanimadhubanimadhubanimungermungermungermungermungermuzaffarpurmuzaffarpurmuzaffarpurmuzaffarpurmuzaffarpurnalandanalandanalandanalandanalandanawadanawadanawadanawadanawadapashchim champaranpashchim champaranpashchim champaranpashchim champaranpashchim champaranpatnapatnapatnapatnapatnapurbi champaranpurbi champaranpurbi champaranpurbi champaranpurbi champaranpurniapurniapurniapurniapurniarohtasrohtasrohtasrohtasrohtassaharsasaharsasaharsasaharsasaharsasamastipursamastipursamastipursamastipursamastipursaransaransaransaransaransheikhpurasheikhpurasheikhpurasheikhpurasheikhpurasheoharsheoharsheoharsheoharsheoharsitamarhisitamarhisitamarhisitamarhisitamarhisiwansiwansiwansiwansiwansupaulsupaulsupaulsupaulsupaulvaishalivaishalivaishalivaishalivaishalidinajpur dakshindinajpur dakshindinajpur dakshindinajpur dakshindinajpur dakshindinajpur uttardinajpur uttardinajpur uttardinajpur uttardinajpur uttarpaschim bardhamanpaschim bardhamanpaschim bardhamanpaschim bardhamanpaschim bardhamanpurba bardhamanpurba bardhamanpurba bardhamanpurba bardhamanpurba bardhamanpuruliapuruliapuruliapuruliapurulianagapattinamnagapattinamnagapattinamnagapattinamnagapattinamvirudunagarvirudunagarvirudunagarvirudunagarvirudunagaranugulanugulanugulanugulanugulbalangirbalangirbalangirbalangirbalangirbaleshwarbaleshwarbaleshwarbaleshwarbaleshwarbargarhbargarhbargarhbargarhbargarhbhadrakbhadrakbhadrakbhadrakbhadrakboudhboudhboudhboudhboudhcuttackcuttackcuttackcuttackcuttackdeogarhdeogarhdeogarhdeogarhdeogarhdhenkanaldhenkanaldhenkanaldhenkanaldhenkanalgajapatigajapatigajapatigajapatigajapatiganjamganjamganjamganjamganjamjagatsinghapurjagatsinghapurjagatsinghapurjagatsinghapurjagatsinghapurjajapurjajapurjajapurjajapurjajapurjharsugudajharsugudajharsugudajharsugudajharsugudakalahandikalahandikalahandikalahandikalahandikandhamalkandhamalkandhamalkandhamalkandhamalkendraparakendraparakendraparakendraparakendraparakendujharkendujharkendujharkendujharkendujharkhordhakhordhakhordhakhordhakhordhakoraputkoraputkoraputkoraputkoraputmalkangirimalkangirimalkangirimalkangirimalkangirimayurbhanjmayurbhanjmayurbhanjmayurbhanjmayurbhanjnabarangpurnabarangpurnabarangpurnabarangpurnabarangpurnayagarhnayagarhnayagarhnayagarhnayagarhnuapadanuapadanuapadanuapadanuapadapuripuripuripuripurirayagadarayagadarayagadarayagadarayagadasambalpursambalpursambalpursambalpursambalpursonepursonepursonepursonepursonepursundargarhsundargarhsundargarhsundargarhsundargarhbaksabaksabaksabaksabaksabarpetabarpetabarpetabarpetabarpetabongaigaonbongaigaonbongaigaonbongaigaonbongaigaoncacharcacharcacharcacharcacharchirangchirangchirangchirangchirangdarrangdarrangdarrangdarrangdarrangdhemajidhemajidhemajidhemajidhemajidhubridhubridhubridhubridhubridibrugarhdibrugarhdibrugarhdibrugarhdibrugarhdima hasaodima hasaodima hasaodima hasaodima hasaogoalparagoalparagoalparagoalparagoalparagolaghatgolaghatgolaghatgolaghatgolaghathailakandihailakandihailakandihailakandihailakandijorhatjorhatjorhatjorhatjorhatkamrupkamrupkamrupkamrupkamrupkarbi anglongkarbi anglongkarbi anglongkarbi anglongkarbi anglongkarimganjkarimganjkarimganjkarimganjkarimganjkokrajharkokrajharkokrajharkokrajharkokrajharlakhimpurlakhimpurlakhimpurlakhimpurlakhimpurmorigaonmorigaonmorigaonmorigaonmorigaonnagaonnagaonnagaonnagaonnagaonnalbarinalbarinalbarinalbarinalbarisivasagarsivasagarsivasagarsivasagarsivasagarsonitpursonitpursonitpursonitpursonitpurtinsukiatinsukiatinsukiatinsukiatinsukiaudalguriudalguriudalguriudalguriudalguribokarobokarobokarobokarobokarochatrachatrachatrachatrachatradeoghardeoghardeoghardeoghardeoghardhanbaddhanbaddhanbaddhanbaddhanbaddumkadumkadumkadumkadumkaeast singhbumeast singhbumeast singhbumeast singhbumeast singhbumgarhwagarhwagarhwagarhwagarhwagiridihgiridihgiridihgiridihgiridihgoddagoddagoddagoddagoddagumlagumlagumlagumlagumlahazaribaghhazaribaghhazaribaghhazaribaghhazaribaghjamtarajamtarajamtarajamtarajamtarakhuntikhuntikhuntikhuntikhuntikodermakodermakodermakodermakodermalateharlateharlateharlateharlateharlohardagalohardagalohardagalohardagalohardagapakurpakurpakurpakurpakurpalamupalamupalamupalamupalamuramgarhramgarhramgarhramgarhramgarhranchiranchiranchiranchiranchisahibganjsahibganjsahibganjsahibganjsahibganjsaraikelakharsawansaraikelakharsawansaraikelakharsawansaraikelakharsawansaraikelakharsawansimdegasimdegasimdegasimdegasimdegawest singhbhumwest singhbhumwest singhbhumwest singhbhumwest singhbhumbilaspurbilaspurbilaspurbilaspurbilaspurchambachambachambachambachambakangrakangrakangrakangrakangrakinnaurkinnaurkinnaurkinnaurkinnaurkullukullukullukullukullumandimandimandimandimandishimlashimlashimlashimlashimlasirmaursirmaursirmaursirmaursirmaursolansolansolansolansolanunaunaunaunaunakaimur (bhabua)kaimur (bhabua)kaimur (bhabua)kaimur (bhabua)kaimur (bhabua)baloda bazarbaloda bazarbaloda bazarbaloda bazarbaloda bazaruttar bastar kankeruttar bastar kankeruttar bastar kankeruttar bastar kankeruttar bastar kankerbemetarabemetarabemetarabemetarabemetarabijapurbijapurbijapurbijapurbijapurdantewadadantewadadantewadadantewadadantewadadhamtaridhamtaridhamtaridhamtaridhamtaridurgdurgdurgdurgdurggariabandgariabandgariabandgariabandgariabandjanjgirchampajanjgirchampajanjgirchampajanjgirchampajanjgirchampajashpurjashpurjashpurjashpurjashpurkabirdhamkabirdhamkabirdhamkabirdhamkabirdhamkondagaonkondagaonkondagaonkondagaonkondagaonkorbakorbakorbakorbakorbakoreakoreakoreakoreakoreamahasamundmahasamundmahasamundmahasamundmahasamundmungelimungelimungelimungelimungelinarayanpurnarayanpurnarayanpurnarayanpurnarayanpurraigarhraigarhraigarhraigarhraigarhraipurraipurraipurraipurraipurrajnandgaonrajnandgaonrajnandgaonrajnandgaonrajnandgaonsukmasukmasukmasukmasukmasurajpursurajpursurajpursurajpursurajpursurgujasurgujasurgujasurgujasurgujalahul and spitilahul and spitilahul and spitilahul and spitilahul and spitiarvalliarvalliarvalliarvalliarvallibanas kanthabanas kanthabanas kanthabanas kanthabanas kanthadevbhumi dwarkadevbhumi dwarkadevbhumi dwarkadevbhumi dwarkadevbhumi dwarkakachchhkachchhkachchhkachchhkachchhpatanpatanpatanpatanpatanrajkotrajkotrajkotrajkotrajkotahmadnagarahmadnagarahmadnagarahmadnagarahmadnagarakolaakolaakolaakolaakolabuldhanabuldhanabuldhanabuldhanabuldhanahingolihingolihingolihingolihingolijalgaonjalgaonjalgaonjalgaonjalgaonjalnajalnajalnajalnajalnaparbhaniparbhaniparbhaniparbhaniparbhaniwashimwashimwashimwashimwashimyavatmalyavatmalyavatmalyavatmalyavatmalagar malwaagar malwaagar malwaagar malwaagar malwaalirajpuralirajpuralirajpuralirajpuralirajpuranuppuranuppuranuppuranuppuranuppurashoknagarashoknagarashoknagarashoknagarashoknagarbalaghatbalaghatbalaghatbalaghatbalaghatbarwanibarwanibarwanibarwanibarwanibetulbetulbetulbetulbetulbhopalbhopalbhopalbhopalbhopalburhanpurburhanpurburhanpurburhanpurburhanpurchhatarpurchhatarpurchhatarpurchhatarpurchhatarpurchhindwarachhindwarachhindwarachhindwarachhindwaradamohdamohdamohdamohdamohdatiadatiadatiadatiadatiadewasdewasdewasdewasdewasdhardhardhardhardhardindoridindoridindoridindoridindorigunagunagunagunagunagwaliorgwaliorgwaliorgwaliorgwaliorhardahardahardahardahardahoshangabadhoshangabadhoshangabadhoshangabadhoshangabadindoreindoreindoreindoreindorejabalpurjabalpurjabalpurjabalpurjabalpurjhabuajhabuajhabuajhabuajhabuakatnikatnikatnikatnikatnikhandwakhandwakhandwakhandwakhandwakhargonekhargonekhargonekhargonekhargonemandlamandlamandlamandlamandlamandsaurmandsaurmandsaurmandsaurmandsaurmorenamorenamorenamorenamorenanarsinghpurnarsinghpurnarsinghpurnarsinghpurnarsinghpurneemuchneemuchneemuchneemuchneemuchpannapannapannapannapannaraisenraisenraisenraisenraisenrajgarhrajgarhrajgarhrajgarhrajgarhratlamratlamratlamratlamratlamrewarewarewarewarewasagarsagarsagarsagarsagarsatnasatnasatnasatnasatnasehoresehoresehoresehoresehoreseoniseoniseoniseoniseonishahdolshahdolshahdolshahdolshahdolshajapurshajapurshajapurshajapurshajapursheopursheopursheopursheopursheopurshivpurishivpurishivpurishivpurishivpurisidhisidhisidhisidhisidhisingraulisingraulisingraulisingraulisingraulitikamgarhtikamgarhtikamgarhtikamgarhtikamgarhujjainujjainujjainujjainujjainumariaumariaumariaumariaumariavidishavidishavidishavidishavidishabarmerbarmerbarmerbarmerbarmerchittaurgarhchittaurgarhchittaurgarhchittaurgarhchittaurgarhchuruchuruchuruchuruchurudausadausadausadausadausajaipurjaipurjaipurjaipurjaipurjalorejalorejalorejalorejalorejodhpurjodhpurjodhpurjodhpurjodhpurnagaurnagaurnagaurnagaurnagaurpalipalipalipalipalisikarsikarsikarsikarsikarsirohisirohisirohisirohisirohiharidwarharidwarharidwarharidwarharidwarudam singh nagarudam singh nagarudam singh nagarudam singh nagarudam singh nagarkanchipuramkanchipuramkanchipuramkanchipuramkanchipuramvillupuramvillupuramvillupuramvillupuramvillupurambhindbhindbhindbhindbhindbagalkotebagalkotebagalkotebagalkotebagalkotebuldanabuldanabuldanabuldanabuldanawardhawardhawardhawardhawardhasahebganjsahebganjsahebganjsahebganjsahebganjsaraikela kharsawansaraikela kharsawansaraikela kharsawansaraikela kharsawansaraikela kharsawangautam buddha nagargautam buddha nagargautam buddha nagargautam buddha nagargautam buddha nagarkherikherikherikherikherikushi nagarkushi nagarkushi nagarkushi nagarkushi nagarsant ravidas nagarsant ravidas nagarsant ravidas nagarsant ravidas nagarsant ravidas nagarmahendragarhmahendragarhmahendragarhmahendragarhmahendragarhjamnagarjamnagarjamnagarjamnagarjamnagarchamrajnagarchamrajnagarchamrajnagarchamrajnagarchamrajnagartumkurtumkurtumkurtumkurtumkurbalodbalodbalodbalodbalodbastarbastarbastarbastarbastargariyabandgariyabandgariyabandgariyabandgariyabandjanjgir-champajanjgir-champajanjgir-champajanjgir-champajanjgir-champakankerkankerkankerkankerkankeramreliamreliamreliamreliamrelibhavnagarbhavnagarbhavnagarbhavnagarbhavnagarbotadbotadbotadbotadbotadgir somnathgir somnathgir somnathgir somnathgir somnathjunagadhjunagadhjunagadhjunagadhjunagadhmorbimorbimorbimorbimorbikamrup metrokamrup metrokamrup metrokamrup metrokamrup metromarigaonmarigaonmarigaonmarigaonmarigaonbikanerbikanerbikanerbikanerbikanerjaisalmerjaisalmerjaisalmerjaisalmerjaisalmerjhunjhununjhunjhununjhunjhununjhunjhununjhunjhununshahjahanpurshahjahanpurshahjahanpurshahjahanpurshahjahanpurnicobarsnicobarsnicobarsnicobarsnicobarsnorth and middle andamannorth and middle andamannorth and middle andamannorth and middle andamannorth and middle andamansouth andamanssouth andamanssouth andamanssouth andamanssouth andamansanjawanjawanjawanjawanjawchanglangchanglangchanglangchanglangchanglangdibang valleydibang valleydibang valleydibang valleydibang valleyeast kamengeast kamengeast kamengeast kamengeast kamengeast siangeast siangeast siangeast siangeast siangkra daadikra daadikra daadikra daadikra daadikurung kumeykurung kumeykurung kumeykurung kumeykurung kumeylohitlohitlohitlohitlohitlongdinglongdinglongdinglongdinglongdinglower dibang valleylower dibang valleylower dibang valleylower dibang valleylower dibang valleylower subansirilower subansirilower subansirilower subansirilower subansirinamsainamsainamsainamsainamsaipapum parepapum parepapum parepapum parepapum paresiangsiangsiangsiangsiangtawangtawangtawangtawangtawangtiraptiraptiraptiraptirapupper siangupper siangupper siangupper siangupper siangupper subansiriupper subansiriupper subansiriupper subansiriupper subansiriwest kamengwest kamengwest kamengwest kamengwest kamengwest siangwest siangwest siangwest siangwest siangchandigarhchandigarhchandigarhchandigarhchandigarhdadra and nagar havelidadra and nagar havelidadra and nagar havelidadra and nagar havelidadra and nagar havelibishnupurbishnupurbishnupurbishnupurbishnupurchandelchandelchandelchandelchandelchurachandpurchurachandpurchurachandpurchurachandpurchurachandpurimphal eastimphal eastimphal eastimphal eastimphal eastimphal westimphal westimphal westimphal westimphal westsenapatisenapatisenapatisenapatisenapatitamenglongtamenglongtamenglongtamenglongtamenglongthoubalthoubalthoubalthoubalthoubalukhrulukhrulukhrulukhrulukhruleast garo hillseast garo hillseast garo hillseast garo hillseast garo hillseast jaintia hillseast jaintia hillseast jaintia hillseast jaintia hillseast jaintia hillseast khasi hillseast khasi hillseast khasi hillseast khasi hillseast khasi hillsnorth garo hillsnorth garo hillsnorth garo hillsnorth garo hillsnorth garo hillsri bhoiri bhoiri bhoiri bhoiri bhoisouth garo hillssouth garo hillssouth garo hillssouth garo hillssouth garo hillssouth west garo hillssouth west garo hillssouth west garo hillssouth west garo hillssouth west garo hillssouth west khasi hillssouth west khasi hillssouth west khasi hillssouth west khasi hillssouth west khasi hillswest garo hillswest garo hillswest garo hillswest garo hillswest garo hillswest jaintia hillswest jaintia hillswest jaintia hillswest jaintia hillswest jaintia hillswest khasi hillswest khasi hillswest khasi hillswest khasi hillswest khasi hillsaizawlaizawlaizawlaizawlaizawlchamphaichamphaichamphaichamphaichamphaikolasibkolasibkolasibkolasibkolasiblawngtlailawngtlailawngtlailawngtlailawngtlailungleilungleilungleilungleilungleimamitmamitmamitmamitmamitsaihasaihasaihasaihasaihaserchhipserchhipserchhipserchhipserchhipdimapurdimapurdimapurdimapurdimapurkiphirekiphirekiphirekiphirekiphirekohimakohimakohimakohimakohimalonglenglonglenglonglenglonglenglonglengmokokchungmokokchungmokokchungmokokchungmokokchungmonmonmonmonmonperenperenperenperenperenphekphekphekphekphektuensangtuensangtuensangtuensangtuensangwokhawokhawokhawokhawokhazunhebotozunhebotozunhebotozunhebotozunhebotokaraikalkaraikalkaraikalkaraikalkaraikalpondicherrypondicherrypondicherrypondicherrypondicherryyanamyanamyanamyanamyanameast districteast districteast districteast districteast districtnorth districtnorth districtnorth districtnorth districtnorth districtsouth districtsouth districtsouth districtsouth districtsouth districtwest districtwest districtwest districtwest districtwest districtadilabadadilabadadilabadadilabadadilabadbhadradribhadradribhadradribhadradribhadradrihanumakondahanumakondahanumakondahanumakondahanumakondajagitialjagitialjagitialjagitialjagitialjangoanjangoanjangoanjangoanjangoanjayashankarjayashankarjayashankarjayashankarjayashankarjogulambajogulambajogulambajogulambajogulambakamareddykamareddykamareddykamareddykamareddykarimnagarkarimnagarkarimnagarkarimnagarkarimnagarkhammamkhammamkhammamkhammamkhammamkomaram bheem asifabadkomaram bheem asifabadkomaram bheem asifabadkomaram bheem asifabadkomaram bheem asifabadmahabubabadmahabubabadmahabubabadmahabubabadmahabubabadmahbubnagarmahbubnagarmahbubnagarmahbubnagarmahbubnagarmancherialmancherialmancherialmancherialmancherialmedakmedakmedakmedakmedakmedchal malkajgirimedchal malkajgirimedchal malkajgirimedchal malkajgirimedchal malkajgirinagarkurnoolnagarkurnoolnagarkurnoolnagarkurnoolnagarkurnoolnalgondanalgondanalgondanalgondanalgondanirmalnirmalnirmalnirmalnirmalnizamabadnizamabadnizamabadnizamabadnizamabadpeddapallipeddapallipeddapallipeddapallipeddapallirajannarajannarajannarajannarajannarangareddirangareddirangareddirangareddirangareddisangareddysangareddysangareddysangareddysangareddysiddipetsiddipetsiddipetsiddipetsiddipetsuryapetsuryapetsuryapetsuryapetsuryapetvikarabadvikarabadvikarabadvikarabadvikarabadwanaparthywanaparthywanaparthywanaparthywanaparthywarangalwarangalwarangalwarangalwarangalyadadriyadadriyadadriyadadriyadadridhalaidhalaidhalaidhalaidhalaigomatigomatigomatigomatigomatikhowaikhowaikhowaikhowaikhowainorth tripuranorth tripuranorth tripuranorth tripuranorth tripurasepahijalasepahijalasepahijalasepahijalasepahijalasouth tripurasouth tripurasouth tripurasouth tripurasouth tripuraunakotiunakotiunakotiunakotiunakotiwest tripurawest tripurawest tripurawest tripurawest tripura,ricemaizebajraragijowarricemaizebajraragijowarricemaizebajraragijowarricemaizebajraragijowarricemaizebajraragijowarricemaizebajraragijowarricemaizebajraragijowarricemaizebajraragijowarricemaizebajraragijowarricemaizebajraragijowarricemaizebajraragijowarricemaizebajraragijowarricemaizebajraragijowarricemaizebajraragijowarricemaizebajraragijowarricemaizebajraragijowarricemaizebajraragijowarricemaizebajraragijowarricemaizebajraragijowarricemaizebajraragijowarricemaizebajraragijowarricemaizebajraragijowarricemaizebajraragijowarricemaizebajraragijowarricemaizebajraragijowarricemaizebajraragijowarricemaizebajraragijowarricemaizebajraragijowarricemaizebajraragijowarricemaizebajraragijowarricemaizebajraragijowarricemaizebajraragijowarricemaizebajraragijowarricemaizebajraragijowarricemaizebajraragijowarricemaizebajraragijowarricemaizebajraragijowarricemaizebajraragijowarricemaizebajraragijowarricemaizebajraragijowarricemaizebajraragijowarricemaizebajraragijowarricemaizebajraragijowarricemaizebajraragijowarricemaizebajraragijowarricemaizebajraragijowarricemaizebajraragijowarricemaizebajraragijowarricemaizebajraragijowarricemaizebajraragijowarricemaizebajraragijowarricemaizebajraragijowarricemaizebajraragijowarricemaizebajraragijowarricemaizebajraragijowarricemaizebajraragijowarricemaizebajraragijowarricemaizebajraragijowarricemaizebajraragijowarricemaizebajraragijowarricemaizebajraragijowarricemaizebajraragijowarricemaizebajraragijowarricemaizebajraragijowarricemaizebajraragijowarricemaizebajraragijowarricemaizebajraragijowarricemaizebajraragijowarricemaizebajraragijowarricemaizebajraragijowarricemaizebajraragijowarricemaizebajraragijowarricemaizebajraragijowarricemaizebajraragijowarricemaizebajraragijowarricemaizebajraragijowarricemaizebajraragijowarricemaizebajraragijowarricemaizebajraragijowarricemaizebajraragijowarricemaizebajraragijowarricemaizebajraragijowarricemaizebajraragijowarricemaizebajraragijowarricemaizebajraragijowarricemaizebajraragijowarricemaizebajraragijowarricemaizebajraragijowarricemaizebajraragijowarricemaizebajraragijowarricemaizebajraragijowarricemaizebajraragijowarricemaizebajraragijowarricemaizebajraragijowarricemaizebajraragijowarricemaizebajraragijowarricemaizebajraragijowarricemaizebajraragijowarricemaizebajraragijowarricemaizebajraragijowarricemaizebajraragijowarricemaizebajraragijowarricemaizebajraragijowarricemaizebajraragijowarricemaizebajraragijowarricemaizebajraragijowarricemaizebajraragijowarricemaizebajraragijowarricemaizebajraragijowarricemaizebajraragijowarricemaizebajraragijowarricemaizebajraragijowarricemaizebajraragijowarricemaizebajraragijowarricemaizebajraragijowarricemaizebajraragijowarricemaizebajraragijowarricemaizebajraragijowarricemaizebajraragijowarricemaizebajraragijowarricemaizebajraragijowarricemaizebajraragijowarricemaizebajraragijowarricemaizebajraragijowarricemaizebajraragijowarricemaizebajraragijowarricemaizebajraragijowarricemaizebajraragijowarricemaizebajraragijowarricemaizebajraragijowarricemaizebajraragijowarricemaizebajraragijowarricemaizebajraragijowarricemaizebajraragijowarricemaizebajraragijowarricemaizebajraragijowarricemaizebajraragijowarricemaizebajraragijowarricemaizebajraragijowarricemaizebajraragijowarricemaizebajraragijowarricemaizebajraragijowarricemaizebajraragijowarricemaizebajraragijowarricemaizebajraragijowarricemaizebajraragijowarricemaizebajraragijowarricemaizebajraragijowarricemaizebajraragijowarricemaizebajraragijowarricemaizebajraragijowarricemaizebajraragijowarricemaizebajraragijowarricemaizebajraragijowarricemaizebajraragijowarricemaizebajraragijowarricemaizebajraragijowarricemaizebajraragijowarricemaizebajraragijowarricemaizebajraragijowarricemaizebajraragijowarricemaizebajraragijowarricemaizebajraragijowarricemaizebajraragijowarricemaizebajraragijowarricemaizebajraragijowarricemaizebajraragijowarricemaizebajraragijowarricemaizebajraragijowarricemaizebajraragijowarricemaizebajraragijowarricemaizebajraragijowarricemaizebajraragijowarricemaizebajraragijowarricemaizebajraragijowarricemaizebajraragijowarricemaizebajraragijowarricemaizebajraragijowarricemaizebajraragijowarricemaizebajraragijowarricemaizebajraragijowarricemaizebajraragijowarricemaizebajraragijowarricemaizebajraragijowarricemaizebajraragijowarricemaizebajraragijowarricemaizebajraragijowarricemaizebajraragijowarricemaizebajraragijowarricemaizebajraragijowarricemaizebajraragijowarricemaizebajraragijowarricemaizebajraragijowarricemaizebajraragijowarricemaizebajraragijowarricemaizebajraragijowarricemaizebajraragijowarricemaizebajraragijowarricemaizebajraragijowarricemaizebajraragijowarricemaizebajraragijowarricemaizebajraragijowarricemaizebajraragijowarricemaizebajraragijowarricemaizebajraragijowarricemaizebajraragijowarricemaizebajraragijowarricemaizebajraragijowarricemaizebajraragijowarricemaizebajraragijowarricemaizebajraragijowarricemaizebajraragijowarricemaizebajraragijowarricemaizebajraragijowarricemaizebajraragijowarricemaizebajraragijowarricemaizebajraragijowarricemaizebajraragijowarricemaizebajraragijowarricemaizebajraragijowarricemaizebajraragijowarricemaizebajraragijowarricemaizebajraragijowarricemaizebajraragijowarricemaizebajraragijowarricemaizebajraragijowarricemaizebajraragijowarricemaizebajraragijowarricemaizebajraragijowarricemaizebajraragijowarricemaizebajraragijowarricemaizebajraragijowarricemaizebajraragijowarricemaizebajraragijowarricemaizebajraragijowarricemaizebajraragijowarricemaizebajraragijowarricemaizebajraragijowarricemaizebajraragijowarricemaizebajraragijowarricemaizebajraragijowarricemaizebajraragijowarricemaizebajraragijowarricemaizebajraragijowarricemaizebajraragijowarricemaizebajraragijowarricemaizebajraragijowarricemaizebajraragijowarricemaizebajraragijowarricemaizebajraragijowarricemaizebajraragijowarricemaizebajraragijowarricemaizebajraragijowarricemaizebajraragijowarricemaizebajraragijowarricemaizebajraragijowarricemaizebajraragijowarricemaizebajraragijowarricemaizebajraragijowarricemaizebajraragijowarricemaizebajraragijowarricemaizebajraragijowarricemaizebajraragijowarricemaizebajraragijowarricemaizebajraragijowarricemaizebajraragijowarricemaizebajraragijowarricemaizebajraragijowarricemaizebajraragijowarricemaizebajraragijowarricemaizebajraragijowarricemaizebajraragijowarricemaizebajraragijowarricemaizebajraragijowarricemaizebajraragijowarricemaizebajraragijowarricemaizebajraragijowarricemaizebajraragijowarricemaizebajraragijowarricemaizebajraragijowarricemaizebajraragijowarricemaizebajraragijowarricemaizebajraragijowarricemaizebajraragijowarricemaizebajraragijowarricemaizebajraragijowarricemaizebajraragijowarricemaizebajraragijowarricemaizebajraragijowarricemaizebajraragijowarricemaizebajraragijowarricemaizebajraragijowarricemaizebajraragijowarricemaizebajraragijowarricemaizebajraragijowarricemaizebajraragijowarricemaizebajraragijowarricemaizebajraragijowarricemaizebajraragijowarricemaizebajraragijowarricemaizebajraragijowarricemaizebajraragijowarricemaizebajraragijowarricemaizebajraragijowarricemaizebajraragijowarricemaizebajraragijowarricemaizebajraragijowarricemaizebajraragijowarricemaizebajraragijowarricemaizebajraragijowarricemaizebajraragijowarricemaizebajraragijowarricemaizebajraragijowarricemaizebajraragijowarricemaizebajraragijowarricemaizebajraragijowarricemaizebajraragijowarricemaizebajraragijowarricemaizebajraragijowarricemaizebajraragijowarricemaizebajraragijowarricemaizebajraragijowarricemaizebajraragijowarricemaizebajraragijowarricemaizebajraragijowarricemaizebajraragijowarricemaizebajraragijowarricemaizebajraragijowarricemaizebajraragijowarricemaizebajraragijowarricemaizebajraragijowarricemaizebajraragijowarricemaizebajraragijowarricemaizebajraragijowarricemaizebajraragijowarricemaizebajraragijowarricemaizebajraragijowarricemaizebajraragijowarricemaizebajraragijowarricemaizebajraragijowarricemaizebajraragijowarricemaizebajraragijowarricemaizebajraragijowarricemaizebajraragijowarricemaizebajraragijowarricemaizebajraragijowarricemaizebajraragijowarricemaizebajraragijowarricemaizebajraragijowarricemaizebajraragijowarricemaizebajraragijowarricemaizebajraragijowarricemaizebajraragijowarricemaizebajraragijowarricemaizebajraragijowarricemaizebajraragijowarricemaizebajraragijowarricemaizebajraragijowarricemaizebajraragijowarricemaizebajraragijowarricemaizebajraragijowarricemaizebajraragijowarricemaizebajraragijowarricemaizebajraragijowarricemaizebajraragijowarricemaizebajraragijowarricemaizebajraragijowarricemaizebajraragijowarricemaizebajraragijowarricemaizebajraragijowarricemaizebajraragijowarricemaizebajraragijowarricemaizebajraragijowarricemaizebajraragijowarricemaizebajraragijowarricemaizebajraragijowarricemaizebajraragijowarricemaizebajraragijowarricemaizebajraragijowarricemaizebajraragijowarricemaizebajraragijowarricemaizebajraragijowarricemaizebajraragijowarricemaizebajraragijowarricemaizebajraragijowarricemaizebajraragijowarricemaizebajraragijowarricemaizebajraragijowarricemaizebajraragijowarricemaizebajraragijowarricemaizebajraragijowarricemaizebajraragijowarricemaizebajraragijowarricemaizebajraragijowarricemaizebajraragijowarricemaizebajraragijowarricemaizebajraragijowarricemaizebajraragijowarricemaizebajraragijowarricemaizebajraragijowarricemaizebajraragijowarricemaizebajraragijowarricemaizebajraragijowarricemaizebajraragijowarricemaizebajraragijowarricemaizebajraragijowarricemaizebajraragijowarricemaizebajraragijowarricemaizebajraragijowarricemaizebajraragijowarricemaizebajraragijowarricemaizebajraragijowarricemaizebajraragijowarricemaizebajraragijowarricemaizebajraragijowarricemaizebajraragijowarricemaizebajraragijowarricemaizebajraragijowarricemaizebajraragijowarricemaizebajraragijowarricemaizebajraragijowarricemaizebajraragijowarricemaizebajraragijowarricemaizebajraragijowarricemaizebajraragijowarricemaizebajraragijowarricemaizebajraragijowarricemaizebajraragijowarricemaizebajraragijowarricemaizebajraragijowarricemaizebajraragijowarricemaizebajraragijowarricemaizebajraragijowarricemaizebajraragijowarricemaizebajraragijowarricemaizebajraragijowarricemaizebajraragijowarricemaizebajraragijowarricemaizebajraragijowarricemaizebajraragijowarricemaizebajraragijowarricemaizebajraragijowarricemaizebajraragijowarricemaizebajraragijowarricemaizebajraragijowarricemaizebajraragijowarricemaizebajraragijowarricemaizebajraragijowarricemaizebajraragijowarricemaizebajraragijowarricemaizebajraragijowarricemaizebajraragijowarricemaizebajraragijowarricemaizebajraragijowarricemaizebajraragijowarricemaizebajraragijowarricemaizebajraragijowarricemaizebajraragijowarricemaizebajraragijowarricemaizebajraragijowarricemaizebajraragijowarricemaizebajraragijowarricemaizebajraragijowarricemaizebajraragijowarricemaizebajraragijowarricemaizebajraragijowarricemaizebajraragijowarricemaizebajraragijowarricemaizebajraragijowarricemaizebajraragijowarricemaizebajraragijowarricemaizebajraragijowarricemaizebajraragijowarricemaizebajraragijowarricemaizebajraragijowarricemaizebajraragijowarricemaizebajraragijowarricemaizebajraragijowarricemaizebajraragijowarricemaizebajraragijowarricemaizebajraragijowarricemaizebajraragijowarricemaizebajraragijowarricemaizebajraragijowarricemaizebajraragijowarricemaizebajraragijowarricemaizebajraragijowarricemaizebajraragijowarricemaizebajraragijowarricemaizebajraragijowarricemaizebajraragijowarricemaizebajraragijowarricemaizebajraragijowarricemaizebajraragijowarricemaizebajraragijowarricemaizebajraragijowarricemaizebajraragijowarricemaizebajraragijowarricemaizebajraragijowarricemaizebajraragijowarricemaizebajraragijowarricemaizebajraragijowarricemaizebajraragijowarricemaizebajraragijowarricemaizebajraragijowarricemaizebajraragijowarricemaizebajraragijowarricemaizebajraragijowarricemaizebajraragijowarricemaizebajraragijowarricemaizebajraragijowarricemaizebajraragijowarricemaizebajraragijowarricemaizebajraragijowarricemaizebajraragijowarricemaizebajraragijowarricemaizebajraragijowarricemaizebajraragijowarricemaizebajraragijowarricemaizebajraragijowarricemaizebajraragijowarricemaizebajraragijowarricemaizebajraragijowarricemaizebajraragijowarricemaizebajraragijowarricemaizebajraragijowarricemaizebajraragijowarricemaizebajraragijowarricemaizebajraragijowarricemaizebajraragijowarricemaizebajraragijowarricemaizebajraragijowarricemaizebajraragijowarricemaizebajraragijowarricemaizebajraragijowarricemaizebajraragijowarricemaizebajraragijowarricemaizebajraragijowarricemaizebajraragijowarricemaizebajraragijowarricemaizebajraragijowarricemaizebajraragijowarricemaizebajraragijowarricemaizebajraragijowarricemaizebajraragijowarricemaizebajraragijowarricemaizebajraragijowarricemaizebajraragijowarricemaizebajraragijowarricemaizebajraragijowarricemaizebajraragijowarricemaizebajraragijowarricemaizebajraragijowarricemaizebajraragijowarricemaizebajraragijowarricemaizebajraragijowarricemaizebajraragijowarricemaizebajraragijowarricemaizebajraragijowarricemaizebajraragijowarricemaizebajraragijowarricemaizebajraragijowarricemaizebajraragijowarricemaizebajraragijowarricemaizebajraragijowarricemaizebajraragijowarricemaizebajraragijowarricemaizebajraragijowarricemaizebajraragijowarricemaizebajraragijowarricemaizebajraragijowarricemaizebajraragijowarricemaizebajraragijowarricemaizebajraragijowarricemaizebajraragijowarricemaizebajraragijowarricemaizebajraragijowarricemaizebajraragijowarricemaizebajraragijowarricemaizebajraragijowarricemaizebajraragijowarricemaizebajraragijowarricemaizebajraragijowarricemaizebajraragijowarricemaizebajraragijowarricemaizebajraragijowarricemaizebajraragijowarricemaizebajraragijowarricemaizebajraragijowarricemaizebajraragijowarricemaizebajraragijowarricemaizebajraragijowarricemaizebajraragijowarricemaizebajraragijowarricemaizebajraragijowarricemaizebajraragijowarricemaizebajraragijowarricemaizebajraragijowarricemaizebajraragijowarricemaizebajraragijowarricemaizebajraragijowarricemaizebajraragijowarricemaizebajraragijowarricemaizebajraragijowarricemaizebajraragijowarricemaizebajraragijowarricemaizebajraragijowarricemaizebajraragijowarricemaizebajraragijowarricemaizebajraragijowarricemaizebajraragijowarricemaizebajraragijowarricemaizebajraragijowarricemaizebajraragijowarricemaizebajraragijowarricemaizebajraragijowarricemaizebajraragijowarricemaizebajraragijowarricemaizebajraragijowarricemaizebajraragijowarricemaizebajraragijowarricemaizebajraragijowarricemaizebajraragijowarricemaizebajraragijowarricemaizebajraragijowarricemaizebajraragijowarricemaizebajraragijowarricemaizebajraragijowarricemaizebajraragijowarricemaizebajraragijowarricemaizebajraragijowarricemaizebajraragijowarricemaizebajraragijowarricemaizebajraragijowarricemaizebajraragijowarricemaizebajraragijowarricemaizebajraragijowarricemaizebajraragijowarricemaizebajraragijowarricemaizebajraragijowarricemaizebajraragijowarricemaizebajraragijowarricemaizebajraragijowarricemaizebajraragijowarricemaizebajraragijowarricemaizebajraragijowarricemaizebajraragijowarricemaizebajraragijowarricemaizebajraragijowarricemaizebajraragijowarricemaizebajraragijowarricemaizebajraragijowarricemaizebajraragijowarricemaizebajraragijowarricemaizebajraragijowarricemaizebajraragijowarricemaizebajraragijowarricemaizebajraragijowarricemaizebajraragijowarricemaizebajraragijowarricemaizebajraragijowarricemaizebajraragijowarricemaizebajraragijowarricemaizebajraragijowarricemaizebajraragijowarricemaizebajraragijowarricemaizebajraragijowarricemaizebajraragijowarricemaizebajraragijowarricemaizebajraragijowarricemaizebajraragijowarricemaizebajraragijowarricemaizebajraragijowarricemaizebajraragijowarricemaizebajraragijowarricemaizebajraragijowarricemaizebajraragijowarricemaizebajraragijowarricemaizebajraragijowarricemaizebajraragijowarricemaizebajraragijowarricemaizebajraragijowarricemaizebajraragijowarricemaizebajraragijowarricemaizebajraragijowarricemaizebajraragijowarricemaizebajraragijowarricemaizebajraragijowarricemaizebajraragijowarricemaizebajraragijowarricemaizebajraragijowarricemaizebajraragijowarricemaizebajraragijowarricemaizebajraragijowarricemaizebajraragijowarricemaizebajraragijowarricemaizebajraragijowarricemaizebajraragijowarricemaizebajraragijowarricemaizebajraragijowarricemaizebajraragijowarricemaizebajraragijowarricemaizebajraragijowarricemaizebajraragijowarricemaizebajraragijowarricemaizebajraragijowarricemaizebajraragijowar,1337357.0004,1337357.0,148294.483223,2583661475.28393,2575463999.888381,192497590.1624366,245395119.32191148,54669623.17122187,66051530.74235732,153210226.15715715,210275511.62345147,45907365.926834844,58031678.74272829,9058469026933.19,9058469019610.598,4294053.186085828,6889176.192321547,40999056.51965526,56269726.91043562,5331715.8702690685,7317587.804496111,4047322942.935086,7646603047.965109,6355682750.010635,6355682753.348295,1337357.0,47.07031452336018,27.138341039199723,20.892576397184953,21.55606407561979,17.231860402345678,-8.083696903993807e-08,5.2514575779558644e-08,37.669569391013106,27.13834103919973,27.13834103919972
9,haryana,ariyalurariyalurariyalurariyalurariyalurcoimbatorecoimbatorecoimbatorecoimbatorecoimbatorecuddalorecuddalorecuddalorecuddalorecuddaloredharmapuridharmapuridharmapuridharmapuridharmapuridindiguldindiguldindiguldindiguldindigulerodeerodeerodeerodeerodekancheepuramkancheepuramkancheepuramkancheepuramkancheepuramkanniyakumarikanniyakumarikanniyakumarikanniyakumarikanniyakumarikarurkarurkarurkarurkarurkrishnagirikrishnagirikrishnagirikrishnagirikrishnagirimaduraimaduraimaduraimaduraimadurainagappattinamnagappattinamnagappattinamnagappattinamnagappattinamnamakkalnamakkalnamakkalnamakkalnamakkalperambalurperambalurperambalurperambalurperambalurpudukkottaipudukkottaipudukkottaipudukkottaipudukkottairamanathapuramramanathapuramramanathapuramramanathapuramramanathapuramsalemsalemsalemsalemsalemsivagangasivagangasivagangasivagangasivagangathanjavurthanjavurthanjavurthanjavurthanjavurthe nilgiristhe nilgiristhe nilgiristhe nilgiristhe nilgiristhenithenithenithenithenithiruvallurthiruvallurthiruvallurthiruvallurthiruvallurthiruvarurthiruvarurthiruvarurthiruvarurthiruvarurtiruchirappallitiruchirappallitiruchirappallitiruchirappallitiruchirappallitirunelvelitirunelvelitirunelvelitirunelvelitirunelvelitiruppurtiruppurtiruppurtiruppurtiruppurtiruvannamalaitiruvannamalaitiruvannamalaitiruvannamalaitiruvannamalaituticorintuticorintuticorintuticorintuticorinvellorevellorevellorevellorevelloreviluppuramviluppuramviluppuramviluppuramviluppuramvirudhunagarvirudhunagarvirudhunagarvirudhunagarvirudhunagaramritsaramritsaramritsaramritsaramritsarbarnalabarnalabarnalabarnalabarnalabathindabathindabathindabathindabathindafaridkotfaridkotfaridkotfaridkotfaridkotfatehgarh sahibfatehgarh sahibfatehgarh sahibfatehgarh sahibfatehgarh sahibfazilkafazilkafazilkafazilkafazilkafirozpurfirozpurfirozpurfirozpurfirozpurgurdaspurgurdaspurgurdaspurgurdaspurgurdaspurhoshiarpurhoshiarpurhoshiarpurhoshiarpurhoshiarpurjalandharjalandharjalandharjalandharjalandharkapurthalakapurthalakapurthalakapurthalakapurthalaludhianaludhianaludhianaludhianaludhianamansamansamansamansamansamogamogamogamogamogamuktsarmuktsarmuktsarmuktsarmuktsarpathankotpathankotpathankotpathankotpathankotpatialapatialapatialapatialapatialarupnagarrupnagarrupnagarrupnagarrupnagarsangrursangrursangrursangrursangrurshahid bhagat singh nagarshahid bhagat singh nagarshahid bhagat singh nagarshahid bhagat singh nagarshahid bhagat singh nagartarn tarantarn tarantarn tarantarn tarantarn taranambalaambalaambalaambalaambalabhiwanibhiwanibhiwanibhiwanibhiwanibhiwanicharki dadricharki dadricharki dadricharki dadricharki dadrifaridabadfaridabadfaridabadfaridabadfaridabadfatehabadfatehabadfatehabadfatehabadfatehabadgurgaongurgaongurgaongurgaongurgaonhisarhisarhisarhisarhisarjhajjarjhajjarjhajjarjhajjarjhajjarjindjindjindjindjindkaithalkaithalkaithalkaithalkaithalkarnalkarnalkarnalkarnalkarnalkurukshetrakurukshetrakurukshetrakurukshetrakurukshetramewatmewatmewatmewatmewatpalwalpalwalpalwalpalwalpalwalpanchkulapanchkulapanchkulapanchkulapanchkulapanipatpanipatpanipatpanipatpanipatrewarirewarirewarirewarirewarirohtakrohtakrohtakrohtakrohtaksirsasirsasirsasirsasirsasonipatsonipatsonipatsonipatsonipatyamunanagaryamunanagaryamunanagaryamunanagaryamunanagaranantapuranantapuranantapuranantapuranantapurchittoorchittoorchittoorchittoorchittooreast godavarieast godavarieast godavarieast godavarieast godavarigunturgunturgunturgunturgunturkadapakadapakadapakadapakadapakrishnakrishnakrishnakrishnakrishnakurnoolkurnoolkurnoolkurnoolkurnoolprakasamprakasamprakasamprakasamprakasamnellorenellorenellorenellorenelloresrikakulamsrikakulamsrikakulamsrikakulamsrikakulamvisakhapatnamvisakhapatnamvisakhapatnamvisakhapatnamvisakhapatnamvizianagaramvizianagaramvizianagaramvizianagaramvizianagaramwest godavariwest godavariwest godavariwest godavariwest godavariballariballariballariballariballaribangalore ruralbangalore ruralbangalore ruralbangalore ruralbangalore ruralbelagavibelagavibelagavibelagavibelagavibengaluru urbanbengaluru urbanbengaluru urbanbengaluru urbanbengaluru urbanbidarbidarbidarbidarbidarchamarajanagarachamarajanagarachamarajanagarachamarajanagarachamarajanagarachikkaballapurachikkaballapurachikkaballapurachikkaballapurachikkaballapurachikmagalurchikmagalurchikmagalurchikmagalurchikmagalurchitradurgachitradurgachitradurgachitradurgachitradurgadakshina kannadadakshina kannadadakshina kannadadakshina kannadadakshina kannadadavangeredavangeredavangeredavangeredavangeredharwaddharwaddharwaddharwaddharwadgadaggadaggadaggadaggadaghassanhassanhassanhassanhassanhaverihaverihaverihaverihaverikalaburagikalaburagikalaburagikalaburagikalaburagikodagukodagukodagukodagukodagukolarkolarkolarkolarkolarkoppalkoppalkoppalkoppalkoppalmandyamandyamandyamandyamandyamysurumysurumysurumysurumysururaichurraichurraichurraichurraichurramanagararamanagararamanagararamanagararamanagarashivamoggashivamoggashivamoggashivamoggashivamoggatumakurutumakurutumakurutumakurutumakuruudupiudupiudupiudupiudupiuttara kannadauttara kannadauttara kannadauttara kannadauttara kannadavijayapuravijayapuravijayapuravijayapuravijayapurayadgiryadgiryadgiryadgiryadgiralmoraalmoraalmoraalmoraalmorabageshwarbageshwarbageshwarbageshwarbageshwarchamolichamolichamolichamolichamolichampawatchampawatchampawatchampawatchampawatdehradundehradundehradundehradundehradunhardwarhardwarhardwarhardwarhardwarnainitalnainitalnainitalnainitalnainitalpauri garhwalpauri garhwalpauri garhwalpauri garhwalpauri garhwalpithoragarhpithoragarhpithoragarhpithoragarhpithoragarhrudra prayagrudra prayagrudra prayagrudra prayagrudra prayagtehri garhwaltehri garhwaltehri garhwaltehri garhwaltehri garhwaludham singh nagarudham singh nagarudham singh nagarudham singh nagarudham singh nagaruttar kashiuttar kashiuttar kashiuttar kashiuttar kashispsr nellorespsr nellorespsr nellorespsr nellorespsr nellorevisakhapatanamvisakhapatanamvisakhapatanamvisakhapatanamvisakhapatanamparaganas northparaganas northparaganas northparaganas northparaganas northparaganas southparaganas southparaganas southparaganas southparaganas southalipurduaralipurduaralipurduaralipurduaralipurduarbankurabankurabankurabankurabankurabirbhumbirbhumbirbhumbirbhumbirbhumcoochbeharcoochbeharcoochbeharcoochbeharcoochbehardarjeelingdarjeelingdarjeelingdarjeelingdarjeelingdakshin dinajpurdakshin dinajpurdakshin dinajpurdakshin dinajpurdakshin dinajpuruttar dinajpuruttar dinajpuruttar dinajpuruttar dinajpuruttar dinajpurhooghlyhooghlyhooghlyhooghlyhooghlyhowrahhowrahhowrahhowrahhowrahjalpaigurijalpaigurijalpaigurijalpaigurijalpaigurijhargramjhargramjhargramjhargramjhargramkalimpongkalimpongkalimpongkalimpongkalimpongmaldahmaldahmaldahmaldahmaldahmedinipur eastmedinipur eastmedinipur eastmedinipur eastmedinipur eastmedinipur westmedinipur westmedinipur westmedinipur westmedinipur westmurshidabadmurshidabadmurshidabadmurshidabadmurshidabadnadianadianadianadianadiabarddhamanbarddhamanbarddhamanbarddhamanbarddhamanpuruliyapuruliyapuruliyapuruliyapuruliyaalappuzhaalappuzhaalappuzhaalappuzhaalappuzhaernakulamernakulamernakulamernakulamernakulamidukkiidukkiidukkiidukkiidukkikannurkannurkannurkannurkannurkasaragodkasaragodkasaragodkasaragodkasaragodkollamkollamkollamkollamkollamkottayamkottayamkottayamkottayamkottayamkozhikodekozhikodekozhikodekozhikodekozhikodemalappurammalappurammalappurammalappurammalappurampalakkadpalakkadpalakkadpalakkadpalakkadpathanamthittapathanamthittapathanamthittapathanamthittapathanamthittathiruvananthapuramthiruvananthapuramthiruvananthapuramthiruvananthapuramthiruvananthapuramthrissurthrissurthrissurthrissurthrissurwayanadwayanadwayanadwayanadwayanadbagalkotbagalkotbagalkotbagalkotbagalkotchikballapurachikballapurachikballapurachikballapurachikballapurachikkamagaluruchikkamagaluruchikkamagaluruchikkamagaluruchikkamagalurudavanageredavanageredavanageredavanageredavanagereyadagiriyadagiriyadagiriyadagiriyadagiriagraagraagraagraagraaligarhaligarhaligarhaligarhaligarhallahabadallahabadallahabadallahabadallahabadambedkar nagarambedkar nagarambedkar nagarambedkar nagarambedkar nagaramethiamethiamethiamethiamethiamrohaamrohaamrohaamrohaamrohaauraiyaauraiyaauraiyaauraiyaauraiyaazamgarhazamgarhazamgarhazamgarhazamgarhbaghpatbaghpatbaghpatbaghpatbaghpatbahraichbahraichbahraichbahraichbahraichballiaballiaballiaballiaballiabalrampurbalrampurbalrampurbalrampurbalrampurbandabandabandabandabandabarabankibarabankibarabankibarabankibarabankibareillybareillybareillybareillybareillybastibastibastibastibastibijnorbijnorbijnorbijnorbijnorbudaunbudaunbudaunbudaunbudaunbulandshahrbulandshahrbulandshahrbulandshahrbulandshahrchandaulichandaulichandaulichandaulichandaulichitrakootchitrakootchitrakootchitrakootchitrakootdeoriadeoriadeoriadeoriadeoriaetahetahetahetahetahetawahetawahetawahetawahetawahfaizabadfaizabadfaizabadfaizabadfaizabadfarrukhabadfarrukhabadfarrukhabadfarrukhabadfarrukhabadfatehpurfatehpurfatehpurfatehpurfatehpurfirozabadfirozabadfirozabadfirozabadfirozabadkanpur nagarkanpur nagarkanpur nagarkanpur nagarkanpur nagarghaziabadghaziabadghaziabadghaziabadghaziabadghazipurghazipurghazipurghazipurghazipurgondagondagondagondagondagorakhpurgorakhpurgorakhpurgorakhpurgorakhpurhamirpurhamirpurhamirpurhamirpurhamirpurhapurhapurhapurhapurhapurhardoihardoihardoihardoihardoihathrashathrashathrashathrashathrasjalaunjalaunjalaunjalaunjalaunjaunpurjaunpurjaunpurjaunpurjaunpurjhansijhansijhansijhansijhansikannaujkannaujkannaujkannaujkannaujkanpur dehatkanpur dehatkanpur dehatkanpur dehatkanpur dehatkasganjkasganjkasganjkasganjkasganjkaushambikaushambikaushambikaushambikaushambilakhimpur kherilakhimpur kherilakhimpur kherilakhimpur kherilakhimpur kherikushinagarkushinagarkushinagarkushinagarkushinagarlalitpurlalitpurlalitpurlalitpurlalitpurlucknowlucknowlucknowlucknowlucknowmaharajganjmaharajganjmaharajganjmaharajganjmaharajganjmahobamahobamahobamahobamahobamainpurimainpurimainpurimainpurimainpurimathuramathuramathuramathuramathuramaumaumaumaumaumeerutmeerutmeerutmeerutmeerutmirzapurmirzapurmirzapurmirzapurmirzapurmoradabadmoradabadmoradabadmoradabadmoradabadmuzaffarnagarmuzaffarnagarmuzaffarnagarmuzaffarnagarmuzaffarnagarpilibhitpilibhitpilibhitpilibhitpilibhitpratapgarhpratapgarhpratapgarhpratapgarhpratapgarhrae barelirae barelirae barelirae barelirae barelirampurrampurrampurrampurrampursaharanpursaharanpursaharanpursaharanpursaharanpursambhalsambhalsambhalsambhalsambhalsant kabeer nagarsant kabeer nagarsant kabeer nagarsant kabeer nagarsant kabeer nagarsant ravi das nagarsant ravi das nagarsant ravi das nagarsant ravi das nagarsant ravi das nagarshahajahanpurshahajahanpurshahajahanpurshahajahanpurshahajahanpurshamlishamlishamlishamlishamlishravastishravastishravastishravastishravastisiddharth nagarsiddharth nagarsiddharth nagarsiddharth nagarsiddharth nagarsitapursitapursitapursitapursitapursonbhadrasonbhadrasonbhadrasonbhadrasonbhadrasultanpursultanpursultanpursultanpursultanpurunnaounnaounnaounnaounnaovaranasivaranasivaranasivaranasivaranasiahmednagarahmednagarahmednagarahmednagarahmednagaramravatiamravatiamravatiamravatiamravatibeedbeedbeedbeedbeedbhandarabhandarabhandarabhandarabhandarachandrapurchandrapurchandrapurchandrapurchandrapurdhuledhuledhuledhuledhulegadchiroligadchiroligadchiroligadchiroligadchiroligondiagondiagondiagondiagondiakolhapurkolhapurkolhapurkolhapurkolhapurlaturlaturlaturlaturlaturnagpurnagpurnagpurnagpurnagpurnandednandednandednandednandednandurbarnandurbarnandurbarnandurbarnandurbarnashiknashiknashiknashiknashikosmanabadosmanabadosmanabadosmanabadosmanabadpalgharpalgharpalgharpalgharpalgharpunepunepunepunepuneraigadraigadraigadraigadraigadratnagiriratnagiriratnagiriratnagiriratnagirisanglisanglisanglisanglisanglisatarasatarasatarasatarasatarasindhudurgsindhudurgsindhudurgsindhudurgsindhudurgsolapursolapursolapursolapursolapurthanethanethanethanethaneanantnaganantnaganantnaganantnaganantnagbadgambadgambadgambadgambadgambandiporabandiporabandiporabandiporabandiporabaramullabaramullabaramullabaramullabaramulladodadodadodadodadodaganderbalganderbalganderbalganderbalganderbaljammujammujammujammujammukathuakathuakathuakathuakathuakishtwarkishtwarkishtwarkishtwarkishtwarkulgamkulgamkulgamkulgamkulgamkupwarakupwarakupwarakupwarakupwarapoonchpoonchpoonchpoonchpoonchpulwamapulwamapulwamapulwamapulwamarajaurirajaurirajaurirajaurirajaurirambanrambanrambanrambanrambanreasireasireasireasireasisambasambasambasambasambashopianshopianshopianshopianshopiansrinagarsrinagarsrinagarsrinagarsrinagarudhampurudhampurudhampurudhampurudhampurahmadabadahmadabadahmadabadahmadabadahmadabadanandanandanandanandanandaravalliaravalliaravalliaravalliaravallibharuchbharuchbharuchbharuchbharuchchhotaudepurchhotaudepurchhotaudepurchhotaudepurchhotaudepurdangdangdangdangdangdohaddohaddohaddohaddohadgandhinagargandhinagargandhinagargandhinagargandhinagarkhedakhedakhedakhedakhedamahesanamahesanamahesanamahesanamahesanamahisagarmahisagarmahisagarmahisagarmahisagarnarmadanarmadanarmadanarmadanarmadanavsarinavsarinavsarinavsarinavsaripanch mahalspanch mahalspanch mahalspanch mahalspanch mahalssabar kanthasabar kanthasabar kanthasabar kanthasabar kanthasuratsuratsuratsuratsuratsurendranagarsurendranagarsurendranagarsurendranagarsurendranagartapitapitapitapitapivadodaravadodaravadodaravadodaravadodaravalsadvalsadvalsadvalsadvalsadajmerajmerajmerajmerajmeralwaralwaralwaralwaralwarbanswarabanswarabanswarabanswarabanswarabaranbaranbaranbaranbaranbharatpurbharatpurbharatpurbharatpurbharatpurbhilwarabhilwarabhilwarabhilwarabhilwarabundibundibundibundibundichittorgarhchittorgarhchittorgarhchittorgarhchittorgarhdholpurdholpurdholpurdholpurdholpurdungarpurdungarpurdungarpurdungarpurdungarpurganganagarganganagarganganagarganganagarganganagarhanumangarhhanumangarhhanumangarhhanumangarhhanumangarhjhalawarjhalawarjhalawarjhalawarjhalawarkaraulikaraulikaraulikaraulikaraulikotakotakotakotakotarajsamandrajsamandrajsamandrajsamandrajsamandsawai madhopursawai madhopursawai madhopursawai madhopursawai madhopurtonktonktonktonktonkudaipurudaipurudaipurudaipurudaipurarariaarariaarariaarariaarariaarwalarwalarwalarwalarwalaurangabadaurangabadaurangabadaurangabadaurangabadbankabankabankabankabankabegusaraibegusaraibegusaraibegusaraibegusaraibhagalpurbhagalpurbhagalpurbhagalpurbhagalpurbhojpurbhojpurbhojpurbhojpurbhojpurbuxarbuxarbuxarbuxarbuxardarbhangadarbhangadarbhangadarbhangadarbhangagayagayagayagayagayagopalganjgopalganjgopalganjgopalganjgopalganjjamuijamuijamuijamuijamuijehanabadjehanabadjehanabadjehanabadjehanabadkaimurkaimurkaimurkaimurkaimurkatiharkatiharkatiharkatiharkatiharkhagariakhagariakhagariakhagariakhagariakishanganjkishanganjkishanganjkishanganjkishanganjlakhisarailakhisarailakhisarailakhisarailakhisaraimadhepuramadhepuramadhepuramadhepuramadhepuramadhubanimadhubanimadhubanimadhubanimadhubanimungermungermungermungermungermuzaffarpurmuzaffarpurmuzaffarpurmuzaffarpurmuzaffarpurnalandanalandanalandanalandanalandanawadanawadanawadanawadanawadapashchim champaranpashchim champaranpashchim champaranpashchim champaranpashchim champaranpatnapatnapatnapatnapatnapurbi champaranpurbi champaranpurbi champaranpurbi champaranpurbi champaranpurniapurniapurniapurniapurniarohtasrohtasrohtasrohtasrohtassaharsasaharsasaharsasaharsasaharsasamastipursamastipursamastipursamastipursamastipursaransaransaransaransaransheikhpurasheikhpurasheikhpurasheikhpurasheikhpurasheoharsheoharsheoharsheoharsheoharsitamarhisitamarhisitamarhisitamarhisitamarhisiwansiwansiwansiwansiwansupaulsupaulsupaulsupaulsupaulvaishalivaishalivaishalivaishalivaishalidinajpur dakshindinajpur dakshindinajpur dakshindinajpur dakshindinajpur dakshindinajpur uttardinajpur uttardinajpur uttardinajpur uttardinajpur uttarpaschim bardhamanpaschim bardhamanpaschim bardhamanpaschim bardhamanpaschim bardhamanpurba bardhamanpurba bardhamanpurba bardhamanpurba bardhamanpurba bardhamanpuruliapuruliapuruliapuruliapurulianagapattinamnagapattinamnagapattinamnagapattinamnagapattinamvirudunagarvirudunagarvirudunagarvirudunagarvirudunagaranugulanugulanugulanugulanugulbalangirbalangirbalangirbalangirbalangirbaleshwarbaleshwarbaleshwarbaleshwarbaleshwarbargarhbargarhbargarhbargarhbargarhbhadrakbhadrakbhadrakbhadrakbhadrakboudhboudhboudhboudhboudhcuttackcuttackcuttackcuttackcuttackdeogarhdeogarhdeogarhdeogarhdeogarhdhenkanaldhenkanaldhenkanaldhenkanaldhenkanalgajapatigajapatigajapatigajapatigajapatiganjamganjamganjamganjamganjamjagatsinghapurjagatsinghapurjagatsinghapurjagatsinghapurjagatsinghapurjajapurjajapurjajapurjajapurjajapurjharsugudajharsugudajharsugudajharsugudajharsugudakalahandikalahandikalahandikalahandikalahandikandhamalkandhamalkandhamalkandhamalkandhamalkendraparakendraparakendraparakendraparakendraparakendujharkendujharkendujharkendujharkendujharkhordhakhordhakhordhakhordhakhordhakoraputkoraputkoraputkoraputkoraputmalkangirimalkangirimalkangirimalkangirimalkangirimayurbhanjmayurbhanjmayurbhanjmayurbhanjmayurbhanjnabarangpurnabarangpurnabarangpurnabarangpurnabarangpurnayagarhnayagarhnayagarhnayagarhnayagarhnuapadanuapadanuapadanuapadanuapadapuripuripuripuripurirayagadarayagadarayagadarayagadarayagadasambalpursambalpursambalpursambalpursambalpursonepursonepursonepursonepursonepursundargarhsundargarhsundargarhsundargarhsundargarhbaksabaksabaksabaksabaksabarpetabarpetabarpetabarpetabarpetabongaigaonbongaigaonbongaigaonbongaigaonbongaigaoncacharcacharcacharcacharcacharchirangchirangchirangchirangchirangdarrangdarrangdarrangdarrangdarrangdhemajidhemajidhemajidhemajidhemajidhubridhubridhubridhubridhubridibrugarhdibrugarhdibrugarhdibrugarhdibrugarhdima hasaodima hasaodima hasaodima hasaodima hasaogoalparagoalparagoalparagoalparagoalparagolaghatgolaghatgolaghatgolaghatgolaghathailakandihailakandihailakandihailakandihailakandijorhatjorhatjorhatjorhatjorhatkamrupkamrupkamrupkamrupkamrupkarbi anglongkarbi anglongkarbi anglongkarbi anglongkarbi anglongkarimganjkarimganjkarimganjkarimganjkarimganjkokrajharkokrajharkokrajharkokrajharkokrajharlakhimpurlakhimpurlakhimpurlakhimpurlakhimpurmorigaonmorigaonmorigaonmorigaonmorigaonnagaonnagaonnagaonnagaonnagaonnalbarinalbarinalbarinalbarinalbarisivasagarsivasagarsivasagarsivasagarsivasagarsonitpursonitpursonitpursonitpursonitpurtinsukiatinsukiatinsukiatinsukiatinsukiaudalguriudalguriudalguriudalguriudalguribokarobokarobokarobokarobokarochatrachatrachatrachatrachatradeoghardeoghardeoghardeoghardeoghardhanbaddhanbaddhanbaddhanbaddhanbaddumkadumkadumkadumkadumkaeast singhbumeast singhbumeast singhbumeast singhbumeast singhbumgarhwagarhwagarhwagarhwagarhwagiridihgiridihgiridihgiridihgiridihgoddagoddagoddagoddagoddagumlagumlagumlagumlagumlahazaribaghhazaribaghhazaribaghhazaribaghhazaribaghjamtarajamtarajamtarajamtarajamtarakhuntikhuntikhuntikhuntikhuntikodermakodermakodermakodermakodermalateharlateharlateharlateharlateharlohardagalohardagalohardagalohardagalohardagapakurpakurpakurpakurpakurpalamupalamupalamupalamupalamuramgarhramgarhramgarhramgarhramgarhranchiranchiranchiranchiranchisahibganjsahibganjsahibganjsahibganjsahibganjsaraikelakharsawansaraikelakharsawansaraikelakharsawansaraikelakharsawansaraikelakharsawansimdegasimdegasimdegasimdegasimdegawest singhbhumwest singhbhumwest singhbhumwest singhbhumwest singhbhumbilaspurbilaspurbilaspurbilaspurbilaspurchambachambachambachambachambakangrakangrakangrakangrakangrakinnaurkinnaurkinnaurkinnaurkinnaurkullukullukullukullukullumandimandimandimandimandishimlashimlashimlashimlashimlasirmaursirmaursirmaursirmaursirmaursolansolansolansolansolanunaunaunaunaunakaimur (bhabua)kaimur (bhabua)kaimur (bhabua)kaimur (bhabua)kaimur (bhabua)baloda bazarbaloda bazarbaloda bazarbaloda bazarbaloda bazaruttar bastar kankeruttar bastar kankeruttar bastar kankeruttar bastar kankeruttar bastar kankerbemetarabemetarabemetarabemetarabemetarabijapurbijapurbijapurbijapurbijapurdantewadadantewadadantewadadantewadadantewadadhamtaridhamtaridhamtaridhamtaridhamtaridurgdurgdurgdurgdurggariabandgariabandgariabandgariabandgariabandjanjgirchampajanjgirchampajanjgirchampajanjgirchampajanjgirchampajashpurjashpurjashpurjashpurjashpurkabirdhamkabirdhamkabirdhamkabirdhamkabirdhamkondagaonkondagaonkondagaonkondagaonkondagaonkorbakorbakorbakorbakorbakoreakoreakoreakoreakoreamahasamundmahasamundmahasamundmahasamundmahasamundmungelimungelimungelimungelimungelinarayanpurnarayanpurnarayanpurnarayanpurnarayanpurraigarhraigarhraigarhraigarhraigarhraipurraipurraipurraipurraipurrajnandgaonrajnandgaonrajnandgaonrajnandgaonrajnandgaonsukmasukmasukmasukmasukmasurajpursurajpursurajpursurajpursurajpursurgujasurgujasurgujasurgujasurgujalahul and spitilahul and spitilahul and spitilahul and spitilahul and spitiarvalliarvalliarvalliarvalliarvallibanas kanthabanas kanthabanas kanthabanas kanthabanas kanthadevbhumi dwarkadevbhumi dwarkadevbhumi dwarkadevbhumi dwarkadevbhumi dwarkakachchhkachchhkachchhkachchhkachchhpatanpatanpatanpatanpatanrajkotrajkotrajkotrajkotrajkotahmadnagarahmadnagarahmadnagarahmadnagarahmadnagarakolaakolaakolaakolaakolabuldhanabuldhanabuldhanabuldhanabuldhanahingolihingolihingolihingolihingolijalgaonjalgaonjalgaonjalgaonjalgaonjalnajalnajalnajalnajalnaparbhaniparbhaniparbhaniparbhaniparbhaniwashimwashimwashimwashimwashimyavatmalyavatmalyavatmalyavatmalyavatmalagar malwaagar malwaagar malwaagar malwaagar malwaalirajpuralirajpuralirajpuralirajpuralirajpuranuppuranuppuranuppuranuppuranuppurashoknagarashoknagarashoknagarashoknagarashoknagarbalaghatbalaghatbalaghatbalaghatbalaghatbarwanibarwanibarwanibarwanibarwanibetulbetulbetulbetulbetulbhopalbhopalbhopalbhopalbhopalburhanpurburhanpurburhanpurburhanpurburhanpurchhatarpurchhatarpurchhatarpurchhatarpurchhatarpurchhindwarachhindwarachhindwarachhindwarachhindwaradamohdamohdamohdamohdamohdatiadatiadatiadatiadatiadewasdewasdewasdewasdewasdhardhardhardhardhardindoridindoridindoridindoridindorigunagunagunagunagunagwaliorgwaliorgwaliorgwaliorgwaliorhardahardahardahardahardahoshangabadhoshangabadhoshangabadhoshangabadhoshangabadindoreindoreindoreindoreindorejabalpurjabalpurjabalpurjabalpurjabalpurjhabuajhabuajhabuajhabuajhabuakatnikatnikatnikatnikatnikhandwakhandwakhandwakhandwakhandwakhargonekhargonekhargonekhargonekhargonemandlamandlamandlamandlamandlamandsaurmandsaurmandsaurmandsaurmandsaurmorenamorenamorenamorenamorenanarsinghpurnarsinghpurnarsinghpurnarsinghpurnarsinghpurneemuchneemuchneemuchneemuchneemuchpannapannapannapannapannaraisenraisenraisenraisenraisenrajgarhrajgarhrajgarhrajgarhrajgarhratlamratlamratlamratlamratlamrewarewarewarewarewasagarsagarsagarsagarsagarsatnasatnasatnasatnasatnasehoresehoresehoresehoresehoreseoniseoniseoniseoniseonishahdolshahdolshahdolshahdolshahdolshajapurshajapurshajapurshajapurshajapursheopursheopursheopursheopursheopurshivpurishivpurishivpurishivpurishivpurisidhisidhisidhisidhisidhisingraulisingraulisingraulisingraulisingraulitikamgarhtikamgarhtikamgarhtikamgarhtikamgarhujjainujjainujjainujjainujjainumariaumariaumariaumariaumariavidishavidishavidishavidishavidishabarmerbarmerbarmerbarmerbarmerchittaurgarhchittaurgarhchittaurgarhchittaurgarhchittaurgarhchuruchuruchuruchuruchurudausadausadausadausadausajaipurjaipurjaipurjaipurjaipurjalorejalorejalorejalorejalorejodhpurjodhpurjodhpurjodhpurjodhpurnagaurnagaurnagaurnagaurnagaurpalipalipalipalipalisikarsikarsikarsikarsikarsirohisirohisirohisirohisirohiharidwarharidwarharidwarharidwarharidwarudam singh nagarudam singh nagarudam singh nagarudam singh nagarudam singh nagarkanchipuramkanchipuramkanchipuramkanchipuramkanchipuramvillupuramvillupuramvillupuramvillupuramvillupurambhindbhindbhindbhindbhindbagalkotebagalkotebagalkotebagalkotebagalkotebuldanabuldanabuldanabuldanabuldanawardhawardhawardhawardhawardhasahebganjsahebganjsahebganjsahebganjsahebganjsaraikela kharsawansaraikela kharsawansaraikela kharsawansaraikela kharsawansaraikela kharsawangautam buddha nagargautam buddha nagargautam buddha nagargautam buddha nagargautam buddha nagarkherikherikherikherikherikushi nagarkushi nagarkushi nagarkushi nagarkushi nagarsant ravidas nagarsant ravidas nagarsant ravidas nagarsant ravidas nagarsant ravidas nagarmahendragarhmahendragarhmahendragarhmahendragarhmahendragarhjamnagarjamnagarjamnagarjamnagarjamnagarchamrajnagarchamrajnagarchamrajnagarchamrajnagarchamrajnagartumkurtumkurtumkurtumkurtumkurbalodbalodbalodbalodbalodbastarbastarbastarbastarbastargariyabandgariyabandgariyabandgariyabandgariyabandjanjgir-champajanjgir-champajanjgir-champajanjgir-champajanjgir-champakankerkankerkankerkankerkankeramreliamreliamreliamreliamrelibhavnagarbhavnagarbhavnagarbhavnagarbhavnagarbotadbotadbotadbotadbotadgir somnathgir somnathgir somnathgir somnathgir somnathjunagadhjunagadhjunagadhjunagadhjunagadhmorbimorbimorbimorbimorbikamrup metrokamrup metrokamrup metrokamrup metrokamrup metromarigaonmarigaonmarigaonmarigaonmarigaonbikanerbikanerbikanerbikanerbikanerjaisalmerjaisalmerjaisalmerjaisalmerjaisalmerjhunjhununjhunjhununjhunjhununjhunjhununjhunjhununshahjahanpurshahjahanpurshahjahanpurshahjahanpurshahjahanpurnicobarsnicobarsnicobarsnicobarsnicobarsnorth and middle andamannorth and middle andamannorth and middle andamannorth and middle andamannorth and middle andamansouth andamanssouth andamanssouth andamanssouth andamanssouth andamansanjawanjawanjawanjawanjawchanglangchanglangchanglangchanglangchanglangdibang valleydibang valleydibang valleydibang valleydibang valleyeast kamengeast kamengeast kamengeast kamengeast kamengeast siangeast siangeast siangeast siangeast siangkra daadikra daadikra daadikra daadikra daadikurung kumeykurung kumeykurung kumeykurung kumeykurung kumeylohitlohitlohitlohitlohitlongdinglongdinglongdinglongdinglongdinglower dibang valleylower dibang valleylower dibang valleylower dibang valleylower dibang valleylower subansirilower subansirilower subansirilower subansirilower subansirinamsainamsainamsainamsainamsaipapum parepapum parepapum parepapum parepapum paresiangsiangsiangsiangsiangtawangtawangtawangtawangtawangtiraptiraptiraptiraptirapupper siangupper siangupper siangupper siangupper siangupper subansiriupper subansiriupper subansiriupper subansiriupper subansiriwest kamengwest kamengwest kamengwest kamengwest kamengwest siangwest siangwest siangwest siangwest siangchandigarhchandigarhchandigarhchandigarhchandigarhdadra and nagar havelidadra and nagar havelidadra and nagar havelidadra and nagar havelidadra and nagar havelibishnupurbishnupurbishnupurbishnupurbishnupurchandelchandelchandelchandelchandelchurachandpurchurachandpurchurachandpurchurachandpurchurachandpurimphal eastimphal eastimphal eastimphal eastimphal eastimphal westimphal westimphal westimphal westimphal westsenapatisenapatisenapatisenapatisenapatitamenglongtamenglongtamenglongtamenglongtamenglongthoubalthoubalthoubalthoubalthoubalukhrulukhrulukhrulukhrulukhruleast garo hillseast garo hillseast garo hillseast garo hillseast garo hillseast jaintia hillseast jaintia hillseast jaintia hillseast jaintia hillseast jaintia hillseast khasi hillseast khasi hillseast khasi hillseast khasi hillseast khasi hillsnorth garo hillsnorth garo hillsnorth garo hillsnorth garo hillsnorth garo hillsri bhoiri bhoiri bhoiri bhoiri bhoisouth garo hillssouth garo hillssouth garo hillssouth garo hillssouth garo hillssouth west garo hillssouth west garo hillssouth west garo hillssouth west garo hillssouth west garo hillssouth west khasi hillssouth west khasi hillssouth west khasi hillssouth west khasi hillssouth west khasi hillswest garo hillswest garo hillswest garo hillswest garo hillswest garo hillswest jaintia hillswest jaintia hillswest jaintia hillswest jaintia hillswest jaintia hillswest khasi hillswest khasi hillswest khasi hillswest khasi hillswest khasi hillsaizawlaizawlaizawlaizawlaizawlchamphaichamphaichamphaichamphaichamphaikolasibkolasibkolasibkolasibkolasiblawngtlailawngtlailawngtlailawngtlailawngtlailungleilungleilungleilungleilungleimamitmamitmamitmamitmamitsaihasaihasaihasaihasaihaserchhipserchhipserchhipserchhipserchhipdimapurdimapurdimapurdimapurdimapurkiphirekiphirekiphirekiphirekiphirekohimakohimakohimakohimakohimalonglenglonglenglonglenglonglenglonglengmokokchungmokokchungmokokchungmokokchungmokokchungmonmonmonmonmonperenperenperenperenperenphekphekphekphekphektuensangtuensangtuensangtuensangtuensangwokhawokhawokhawokhawokhazunhebotozunhebotozunhebotozunhebotozunhebotokaraikalkaraikalkaraikalkaraikalkaraikalpondicherrypondicherrypondicherrypondicherrypondicherryyanamyanamyanamyanamyanameast districteast districteast districteast districteast districtnorth districtnorth districtnorth districtnorth districtnorth districtsouth districtsouth districtsouth districtsouth districtsouth districtwest districtwest districtwest districtwest districtwest districtadilabadadilabadadilabadadilabadadilabadbhadradribhadradribhadradribhadradribhadradrihanumakondahanumakondahanumakondahanumakondahanumakondajagitialjagitialjagitialjagitialjagitialjangoanjangoanjangoanjangoanjangoanjayashankarjayashankarjayashankarjayashankarjayashankarjogulambajogulambajogulambajogulambajogulambakamareddykamareddykamareddykamareddykamareddykarimnagarkarimnagarkarimnagarkarimnagarkarimnagarkhammamkhammamkhammamkhammamkhammamkomaram bheem asifabadkomaram bheem asifabadkomaram bheem asifabadkomaram bheem asifabadkomaram bheem asifabadmahabubabadmahabubabadmahabubabadmahabubabadmahabubabadmahbubnagarmahbubnagarmahbubnagarmahbubnagarmahbubnagarmancherialmancherialmancherialmancherialmancherialmedakmedakmedakmedakmedakmedchal malkajgirimedchal malkajgirimedchal malkajgirimedchal malkajgirimedchal malkajgirinagarkurnoolnagarkurnoolnagarkurnoolnagarkurnoolnagarkurnoolnalgondanalgondanalgondanalgondanalgondanirmalnirmalnirmalnirmalnirmalnizamabadnizamabadnizamabadnizamabadnizamabadpeddapallipeddapallipeddapallipeddapallipeddapallirajannarajannarajannarajannarajannarangareddirangareddirangareddirangareddirangareddisangareddysangareddysangareddysangareddysangareddysiddipetsiddipetsiddipetsiddipetsiddipetsuryapetsuryapetsuryapetsuryapetsuryapetvikarabadvikarabadvikarabadvikarabadvikarabadwanaparthywanaparthywanaparthywanaparthywanaparthywarangalwarangalwarangalwarangalwarangalyadadriyadadriyadadriyadadriyadadridhalaidhalaidhalaidhalaidhalaigomatigomatigomatigomatigomatikhowaikhowaikhowaikhowaikhowainorth tripuranorth tripuranorth tripuranorth tripuranorth tripurasepahijalasepahijalasepahijalasepahijalasepahijalasouth tripurasouth tripurasouth tripurasouth tripurasouth tripuraunakotiunakotiunakotiunakotiunakotiwest tripurawest tripurawest tripurawest tripurawest tripura,ricemaizebajraragijowarricemaizebajraragijowarricemaizebajraragijowarricemaizebajraragijowarricemaizebajraragijowarricemaizebajraragijowarricemaizebajraragijowarricemaizebajraragijowarricemaizebajraragijowarricemaizebajraragijowarricemaizebajraragijowarricemaizebajraragijowarricemaizebajraragijowarricemaizebajraragijowarricemaizebajraragijowarricemaizebajraragijowarricemaizebajraragijowarricemaizebajraragijowarricemaizebajraragijowarricemaizebajraragijowarricemaizebajraragijowarricemaizebajraragijowarricemaizebajraragijowarricemaizebajraragijowarricemaizebajraragijowarricemaizebajraragijowarricemaizebajraragijowarricemaizebajraragijowarricemaizebajraragijowarricemaizebajraragijowarricemaizebajraragijowarricemaizebajraragijowarricemaizebajraragijowarricemaizebajraragijowarricemaizebajraragijowarricemaizebajraragijowarricemaizebajraragijowarricemaizebajraragijowarricemaizebajraragijowarricemaizebajraragijowarricemaizebajraragijowarricemaizebajraragijowarricemaizebajraragijowarricemaizebajraragijowarricemaizebajraragijowarricemaizebajraragijowarricemaizebajraragijowarricemaizebajraragijowarricemaizebajraragijowarricemaizebajraragijowarricemaizebajraragijowarricemaizebajraragijowarricemaizebajraragijowarricemaizebajrabajraragijowarricemaizebajraragijowarricemaizebajraragijowarricemaizebajraragijowarricemaizebajraragijowarricemaizebajraragijowarricemaizebajraragijowarricemaizebajraragijowarricemaizebajraragijowarricemaizebajraragijowarricemaizebajraragijowarricemaizebajraragijowarricemaizebajraragijowarricemaizebajraragijowarricemaizebajraragijowarricemaizebajraragijowarricemaizebajraragijowarricemaizebajraragijowarricemaizebajraragijowarricemaizebajraragijowarricemaizebajraragijowarricemaizebajraragijowarricemaizebajraragijowarricemaizebajraragijowarricemaizebajraragijowarricemaizebajraragijowarricemaizebajraragijowarricemaizebajraragijowarricemaizebajraragijowarricemaizebajraragijowarricemaizebajraragijowarricemaizebajraragijowarricemaizebajraragijowarricemaizebajraragijowarricemaizebajraragijowarricemaizebajraragijowarricemaizebajraragijowarricemaizebajraragijowarricemaizebajraragijowarricemaizebajraragijowarricemaizebajraragijowarricemaizebajraragijowarricemaizebajraragijowarricemaizebajraragijowarricemaizebajraragijowarricemaizebajraragijowarricemaizebajraragijowarricemaizebajraragijowarricemaizebajraragijowarricemaizebajraragijowarricemaizebajraragijowarricemaizebajraragijowarricemaizebajraragijowarricemaizebajraragijowarricemaizebajraragijowarricemaizebajraragijowarricemaizebajraragijowarricemaizebajraragijowarricemaizebajraragijowarricemaizebajraragijowarricemaizebajraragijowarricemaizebajraragijowarricemaizebajraragijowarricemaizebajraragijowarricemaizebajraragijowarricemaizebajraragijowarricemaizebajraragijowarricemaizebajraragijowarricemaizebajraragijowarricemaizebajraragijowarricemaizebajraragijowarricemaizebajraragijowarricemaizebajraragijowarricemaizebajraragijowarricemaizebajraragijowarricemaizebajraragijowarricemaizebajraragijowarricemaizebajraragijowarricemaizebajraragijowarricemaizebajraragijowarricemaizebajraragijowarricemaizebajraragijowarricemaizebajraragijowarricemaizebajraragijowarricemaizebajraragijowarricemaizebajraragijowarricemaizebajraragijowarricemaizebajraragijowarricemaizebajraragijowarricemaizebajraragijowarricemaizebajraragijowarricemaizebajraragijowarricemaizebajraragijowarricemaizebajraragijowarricemaizebajraragijowarricemaizebajraragijowarricemaizebajraragijowarricemaizebajraragijowarricemaizebajraragijowarricemaizebajraragijowarricemaizebajraragijowarricemaizebajraragijowarricemaizebajraragijowarricemaizebajraragijowarricemaizebajraragijowarricemaizebajraragijowarricemaizebajraragijowarricemaizebajraragijowarricemaizebajraragijowarricemaizebajraragijowarricemaizebajraragijowarricemaizebajraragijowarricemaizebajraragijowarricemaizebajraragijowarricemaizebajraragijowarricemaizebajraragijowarricemaizebajraragijowarricemaizebajraragijowarricemaizebajraragijowarricemaizebajraragijowarricemaizebajraragijowarricemaizebajraragijowarricemaizebajraragijowarricemaizebajraragijowarricemaizebajraragijowarricemaizebajraragijowarricemaizebajraragijowarricemaizebajraragijowarricemaizebajraragijowarricemaizebajraragijowarricemaizebajraragijowarricemaizebajraragijowarricemaizebajraragijowarricemaizebajraragijowarricemaizebajraragijowarricemaizebajraragijowarricemaizebajraragijowarricemaizebajraragijowarricemaizebajraragijowarricemaizebajraragijowarricemaizebajraragijowarricemaizebajraragijowarricemaizebajraragijowarricemaizebajraragijowarricemaizebajraragijowarricemaizebajraragijowarricemaizebajraragijowarricemaizebajraragijowarricemaizebajraragijowarricemaizebajraragijowarricemaizebajraragijowarricemaizebajraragijowarricemaizebajraragijowarricemaizebajraragijowarricemaizebajraragijowarricemaizebajraragijowarricemaizebajraragijowarricemaizebajraragijowarricemaizebajraragijowarricemaizebajraragijowarricemaizebajraragijowarricemaizebajraragijowarricemaizebajraragijowarricemaizebajraragijowarricemaizebajraragijowarricemaizebajraragijowarricemaizebajraragijowarricemaizebajraragijowarricemaizebajraragijowarricemaizebajraragijowarricemaizebajraragijowarricemaizebajraragijowarricemaizebajraragijowarricemaizebajraragijowarricemaizebajraragijowarricemaizebajraragijowarricemaizebajraragijowarricemaizebajraragijowarricemaizebajraragijowarricemaizebajraragijowarricemaizebajraragijowarricemaizebajraragijowarricemaizebajraragijowarricemaizebajraragijowarricemaizebajraragijowarricemaizebajraragijowarricemaizebajraragijowarricemaizebajraragijowarricemaizebajraragijowarricemaizebajraragijowarricemaizebajraragijowarricemaizebajraragijowarricemaizebajraragijowarricemaizebajraragijowarricemaizebajraragijowarricemaizebajraragijowarricemaizebajraragijowarricemaizebajraragijowarricemaizebajraragijowarricemaizebajraragijowarricemaizebajraragijowarricemaizebajraragijowarricemaizebajraragijowarricemaizebajraragijowarricemaizebajraragijowarricemaizebajraragijowarricemaizebajraragijowarricemaizebajraragijowarricemaizebajraragijowarricemaizebajraragijowarricemaizebajraragijowarricemaizebajraragijowarricemaizebajraragijowarricemaizebajraragijowarricemaizebajraragijowarricemaizebajraragijowarricemaizebajraragijowarricemaizebajraragijowarricemaizebajraragijowarricemaizebajraragijowarricemaizebajraragijowarricemaizebajraragijowarricemaizebajraragijowarricemaizebajraragijowarricemaizebajraragijowarricemaizebajraragijowarricemaizebajraragijowarricemaizebajraragijowarricemaizebajraragijowarricemaizebajraragijowarricemaizebajraragijowarricemaizebajraragijowarricemaizebajraragijowarricemaizebajraragijowarricemaizebajraragijowarricemaizebajraragijowarricemaizebajraragijowarricemaizebajraragijowarricemaizebajraragijowarricemaizebajraragijowarricemaizebajraragijowarricemaizebajraragijowarricemaizebajraragijowarricemaizebajraragijowarricemaizebajraragijowarricemaizebajraragijowarricemaizebajraragijowarricemaizebajraragijowarricemaizebajraragijowarricemaizebajraragijowarricemaizebajraragijowarricemaizebajraragijowarricemaizebajraragijowarricemaizebajraragijowarricemaizebajraragijowarricemaizebajraragijowarricemaizebajraragijowarricemaizebajraragijowarricemaizebajraragijowarricemaizebajraragijowarricemaizebajraragijowarricemaizebajraragijowarricemaizebajraragijowarricemaizebajraragijowarricemaizebajraragijowarricemaizebajraragijowarricemaizebajraragijowarricemaizebajraragijowarricemaizebajraragijowarricemaizebajraragijowarricemaizebajraragijowarricemaizebajraragijowarricemaizebajraragijowarricemaizebajraragijowarricemaizebajraragijowarricemaizebajraragijowarricemaizebajraragijowarricemaizebajraragijowarricemaizebajraragijowarricemaizebajraragijowarricemaizebajraragijowarricemaizebajraragijowarricemaizebajraragijowarricemaizebajraragijowarricemaizebajraragijowarricemaizebajraragijowarricemaizebajraragijowarricemaizebajraragijowarricemaizebajraragijowarricemaizebajraragijowarricemaizebajraragijowarricemaizebajraragijowarricemaizebajraragijowarricemaizebajraragijowarricemaizebajraragijowarricemaizebajraragijowarricemaizebajraragijowarricemaizebajraragijowarricemaizebajraragijowarricemaizebajraragijowarricemaizebajraragijowarricemaizebajraragijowarricemaizebajraragijowarricemaizebajraragijowarricemaizebajraragijowarricemaizebajraragijowarricemaizebajraragijowarricemaizebajraragijowarricemaizebajraragijowarricemaizebajraragijowarricemaizebajraragijowarricemaizebajraragijowarricemaizebajraragijowarricemaizebajraragijowarricemaizebajraragijowarricemaizebajraragijowarricemaizebajraragijowarricemaizebajraragijowarricemaizebajraragijowarricemaizebajraragijowarricemaizebajraragijowarricemaizebajraragijowarricemaizebajraragijowarricemaizebajraragijowarricemaizebajraragijowarricemaizebajraragijowarricemaizebajraragijowarricemaizebajraragijowarricemaizebajraragijowarricemaizebajraragijowarricemaizebajraragijowarricemaizebajraragijowarricemaizebajraragijowarricemaizebajraragijowarricemaizebajraragijowarricemaizebajraragijowarricemaizebajraragijowarricemaizebajraragijowarricemaizebajraragijowarricemaizebajraragijowarricemaizebajraragijowarricemaizebajraragijowarricemaizebajraragijowarricemaizebajraragijowarricemaizebajraragijowarricemaizebajraragijowarricemaizebajraragijowarricemaizebajraragijowarricemaizebajraragijowarricemaizebajraragijowarricemaizebajraragijowarricemaizebajraragijowarricemaizebajraragijowarricemaizebajraragijowarricemaizebajraragijowarricemaizebajraragijowarricemaizebajraragijowarricemaizebajraragijowarricemaizebajraragijowarricemaizebajraragijowarricemaizebajraragijowarricemaizebajraragijowarricemaizebajraragijowarricemaizebajraragijowarricemaizebajraragijowarricemaizebajraragijowarricemaizebajraragijowarricemaizebajraragijowarricemaizebajraragijowarricemaizebajraragijowarricemaizebajraragijowarricemaizebajraragijowarricemaizebajraragijowarricemaizebajraragijowarricemaizebajraragijowarricemaizebajraragijowarricemaizebajraragijowarricemaizebajraragijowarricemaizebajraragijowarricemaizebajraragijowarricemaizebajraragijowarricemaizebajraragijowarricemaizebajraragijowarricemaizebajraragijowarricemaizebajraragijowarricemaizebajraragijowarricemaizebajraragijowarricemaizebajraragijowarricemaizebajraragijowarricemaizebajraragijowarricemaizebajraragijowarricemaizebajraragijowarricemaizebajraragijowarricemaizebajraragijowarricemaizebajraragijowarricemaizebajraragijowarricemaizebajraragijowarricemaizebajraragijowarricemaizebajraragijowarricemaizebajraragijowarricemaizebajraragijowarricemaizebajraragijowarricemaizebajraragijowarricemaizebajraragijowarricemaizebajraragijowarricemaizebajraragijowarricemaizebajraragijowarricemaizebajraragijowarricemaizebajraragijowarricemaizebajraragijowarricemaizebajraragijowarricemaizebajraragijowarricemaizebajraragijowarricemaizebajraragijowarricemaizebajraragijowarricemaizebajraragijowarricemaizebajraragijowarricemaizebajraragijowarricemaizebajraragijowarricemaizebajraragijowarricemaizebajraragijowarricemaizebajraragijowarricemaizebajraragijowarricemaizebajraragijowarricemaizebajraragijowarricemaizebajraragijowarricemaizebajraragijowarricemaizebajraragijowarricemaizebajraragijowarricemaizebajraragijowarricemaizebajraragijowarricemaizebajraragijowarricemaizebajraragijowarricemaizebajraragijowarricemaizebajraragijowarricemaizebajraragijowarricemaizebajraragijowarricemaizebajraragijowarricemaizebajraragijowarricemaizebajraragijowarricemaizebajraragijowarricemaizebajraragijowarricemaizebajraragijowarricemaizebajraragijowarricemaizebajraragijowarricemaizebajraragijowarricemaizebajraragijowarricemaizebajraragijowarricemaizebajraragijowarricemaizebajraragijowarricemaizebajraragijowarricemaizebajraragijowarricemaizebajraragijowarricemaizebajraragijowarricemaizebajraragijowarricemaizebajraragijowarricemaizebajraragijowarricemaizebajraragijowarricemaizebajraragijowarricemaizebajraragijowarricemaizebajraragijowarricemaizebajraragijowarricemaizebajraragijowarricemaizebajraragijowarricemaizebajraragijowarricemaizebajraragijowarricemaizebajraragijowarricemaizebajraragijowarricemaizebajraragijowarricemaizebajraragijowarricemaizebajraragijowarricemaizebajraragijowarricemaizebajraragijowarricemaizebajraragijowarricemaizebajraragijowarricemaizebajraragijowarricemaizebajraragijowarricemaizebajraragijowarricemaizebajraragijowarricemaizebajraragijowarricemaizebajraragijowarricemaizebajraragijowarricemaizebajraragijowarricemaizebajraragijowarricemaizebajraragijowarricemaizebajraragijowarricemaizebajraragijowarricemaizebajraragijowarricemaizebajraragijowarricemaizebajraragijowarricemaizebajraragijowarricemaizebajraragijowarricemaizebajraragijowarricemaizebajraragijowarricemaizebajraragijowarricemaizebajraragijowarricemaizebajraragijowarricemaizebajraragijowarricemaizebajraragijowarricemaizebajraragijowarricemaizebajraragijowarricemaizebajraragijowarricemaizebajraragijowarricemaizebajraragijowarricemaizebajraragijowarricemaizebajraragijowarricemaizebajraragijowarricemaizebajraragijowarricemaizebajraragijowarricemaizebajraragijowarricemaizebajraragijowarricemaizebajraragijowarricemaizebajraragijowarricemaizebajraragijowarricemaizebajraragijowarricemaizebajraragijowarricemaizebajraragijowarricemaizebajraragijowarricemaizebajraragijowarricemaizebajraragijowarricemaizebajraragijowarricemaizebajraragijowarricemaizebajraragijowarricemaizebajraragijowarricemaizebajraragijowarricemaizebajraragijowarricemaizebajraragijowarricemaizebajraragijowarricemaizebajraragijowarricemaizebajraragijowarricemaizebajraragijowarricemaizebajraragijowarricemaizebajraragijowarricemaizebajraragijowarricemaizebajraragijowarricemaizebajraragijowarricemaizebajraragijowarricemaizebajraragijowarricemaizebajraragijowarricemaizebajraragijowarricemaizebajraragijowarricemaizebajraragijowarricemaizebajraragijowarricemaizebajraragijowarricemaizebajraragijowarricemaizebajraragijowarricemaizebajraragijowarricemaizebajraragijowarricemaizebajraragijowarricemaizebajraragijowarricemaizebajraragijowarricemaizebajraragijowarricemaizebajraragijowarricemaizebajraragijowarricemaizebajraragijowarricemaizebajraragijowarricemaizebajraragijowarricemaizebajraragijowarricemaizebajraragijowarricemaizebajraragijowarricemaizebajraragijowarricemaizebajraragijowarricemaizebajraragijowarricemaizebajraragijowarricemaizebajraragijowarricemaizebajraragijowarricemaizebajraragijowarricemaizebajraragijowarricemaizebajraragijowarricemaizebajraragijowarricemaizebajraragijowarricemaizebajraragijowarricemaizebajraragijowarricemaizebajraragijowarricemaizebajraragijowarricemaizebajraragijowarricemaizebajraragijowarricemaizebajraragijowarricemaizebajraragijowarricemaizebajraragijowarricemaizebajraragijowarricemaizebajraragijowarricemaizebajraragijowarricemaizebajraragijowarricemaizebajraragijowarricemaizebajraragijowarricemaizebajraragijowarricemaizebajraragijowarricemaizebajraragijowarricemaizebajraragijowarricemaizebajraragijowarricemaizebajraragijowarricemaizebajraragijowarricemaizebajraragijowarricemaizebajraragijowarricemaizebajraragijowarricemaizebajraragijowarricemaizebajraragijowarricemaizebajraragijowarricemaizebajraragijowarricemaizebajraragijowarricemaizebajraragijowarricemaizebajraragijowarricemaizebajraragijowarricemaizebajraragijowarricemaizebajraragijowarricemaizebajraragijowarricemaizebajraragijowarricemaizebajraragijowarricemaizebajraragijowarricemaizebajraragijowarricemaizebajraragijowarricemaizebajraragijowarricemaizebajraragijowarricemaizebajraragijowarricemaizebajraragijowarricemaizebajraragijowarricemaizebajraragijowarricemaizebajraragijowarricemaizebajraragijowarricemaizebajraragijowarricemaizebajraragijowarricemaizebajraragijowarricemaizebajraragijowarricemaizebajraragijowarricemaizebajraragijowarricemaizebajraragijowarricemaizebajraragijowarricemaizebajraragijowarricemaizebajraragijowarricemaizebajraragijowarricemaizebajraragijowarricemaizebajraragijowarricemaizebajraragijowarricemaizebajraragijowarricemaizebajraragijowarricemaizebajraragijowarricemaizebajraragijowarricemaizebajraragijowarricemaizebajraragijowarricemaizebajraragijowarricemaizebajraragijowarricemaizebajraragijowarricemaizebajraragijowarricemaizebajraragijowarricemaizebajraragijowarricemaizebajraragijowarricemaizebajraragijowarricemaizebajraragijowarricemaizebajraragijowarricemaizebajraragijowarricemaizebajraragijowarricemaizebajraragijowarricemaizebajraragijowar,1986200.0,1986200.0,134126.894224,5751498197.724245,5720499999.9112,284803546.5545126,299997243.1515113,85761826.7642676,90421448.50782242,205592896.55255303,220207103.15337977,68063625.07300259,73236418.50822164,20293046001737.15,20293045999693.883,9802706.265279217,11744527.8085979,43338982.59327818,46419657.34473245,6023871.868989804,6452068.122394027,10551089159.233442,12252423793.3827,4789965255.904774,4789965255.877544,1986200.0,13.885698559236223,6.6365736579567,7.063143638896464,5.064612073560033,5.153226165307143,-1.006879708955877e-08,-5.684656908235279e-10,16.533840908419666,6.636573657956697,6.6365736579566885
10,himachal pradesh,ariyalurariyalurariyalurariyalurariyalurcoimbatorecoimbatorecoimbatorecoimbatorecoimbatorecuddalorecuddalorecuddalorecuddalorecuddaloredharmapuridharmapuridharmapuridharmapuridharmapuridindiguldindiguldindiguldindiguldindigulerodeerodeerodeerodeerodekancheepuramkancheepuramkancheepuramkancheepuramkancheepuramkanniyakumarikanniyakumarikanniyakumarikanniyakumarikanniyakumarikarurkarurkarurkarurkarurkrishnagirikrishnagirikrishnagirikrishnagirikrishnagirimaduraimaduraimaduraimaduraimadurainagappattinamnagappattinamnagappattinamnagappattinamnagappattinamnamakkalnamakkalnamakkalnamakkalnamakkalperambalurperambalurperambalurperambalurperambalurpudukkottaipudukkottaipudukkottaipudukkottaipudukkottairamanathapuramramanathapuramramanathapuramramanathapuramramanathapuramsalemsalemsalemsalemsalemsivagangasivagangasivagangasivagangasivagangathanjavurthanjavurthanjavurthanjavurthanjavurthe nilgiristhe nilgiristhe nilgiristhe nilgiristhe nilgiristhenithenithenithenithenithiruvallurthiruvallurthiruvallurthiruvallurthiruvallurthiruvarurthiruvarurthiruvarurthiruvarurthiruvarurtiruchirappallitiruchirappallitiruchirappallitiruchirappallitiruchirappallitirunelvelitirunelvelitirunelvelitirunelvelitirunelvelitiruppurtiruppurtiruppurtiruppurtiruppurtiruvannamalaitiruvannamalaitiruvannamalaitiruvannamalaitiruvannamalaituticorintuticorintuticorintuticorintuticorinvellorevellorevellorevellorevelloreviluppuramviluppuramviluppuramviluppuramviluppuramvirudhunagarvirudhunagarvirudhunagarvirudhunagarvirudhunagaramritsaramritsaramritsaramritsaramritsarbarnalabarnalabarnalabarnalabarnalabathindabathindabathindabathindabathindafaridkotfaridkotfaridkotfaridkotfaridkotfatehgarh sahibfatehgarh sahibfatehgarh sahibfatehgarh sahibfatehgarh sahibfazilkafazilkafazilkafazilkafazilkafirozpurfirozpurfirozpurfirozpurfirozpurgurdaspurgurdaspurgurdaspurgurdaspurgurdaspurhoshiarpurhoshiarpurhoshiarpurhoshiarpurhoshiarpurjalandharjalandharjalandharjalandharjalandharkapurthalakapurthalakapurthalakapurthalakapurthalaludhianaludhianaludhianaludhianaludhianamansamansamansamansamansamogamogamogamogamogamuktsarmuktsarmuktsarmuktsarmuktsarpathankotpathankotpathankotpathankotpathankotpatialapatialapatialapatialapatialarupnagarrupnagarrupnagarrupnagarrupnagarsangrursangrursangrursangrursangrurshahid bhagat singh nagarshahid bhagat singh nagarshahid bhagat singh nagarshahid bhagat singh nagarshahid bhagat singh nagartarn tarantarn tarantarn tarantarn tarantarn taranambalaambalaambalaambalaambalabhiwanibhiwanibhiwanibhiwanibhiwanicharki dadricharki dadricharki dadricharki dadricharki dadrifaridabadfaridabadfaridabadfaridabadfaridabadfatehabadfatehabadfatehabadfatehabadfatehabadgurgaongurgaongurgaongurgaongurgaonhisarhisarhisarhisarhisarjhajjarjhajjarjhajjarjhajjarjhajjarjindjindjindjindjindkaithalkaithalkaithalkaithalkaithalkarnalkarnalkarnalkarnalkarnalkurukshetrakurukshetrakurukshetrakurukshetrakurukshetramewatmewatmewatmewatmewatpalwalpalwalpalwalpalwalpalwalpanchkulapanchkulapanchkulapanchkulapanchkulapanipatpanipatpanipatpanipatpanipatrewarirewarirewarirewarirewarirohtakrohtakrohtakrohtakrohtaksirsasirsasirsasirsasirsasonipatsonipatsonipatsonipatsonipatyamunanagaryamunanagaryamunanagaryamunanagaryamunanagaranantapuranantapuranantapuranantapuranantapurchittoorchittoorchittoorchittoorchittooreast godavarieast godavarieast godavarieast godavarieast godavarigunturgunturgunturgunturgunturkadapakadapakadapakadapakadapakrishnakrishnakrishnakrishnakrishnakurnoolkurnoolkurnoolkurnoolkurnoolprakasamprakasamprakasamprakasamprakasamnellorenellorenellorenellorenelloresrikakulamsrikakulamsrikakulamsrikakulamsrikakulamvisakhapatnamvisakhapatnamvisakhapatnamvisakhapatnamvisakhapatnamvizianagaramvizianagaramvizianagaramvizianagaramvizianagaramwest godavariwest godavariwest godavariwest godavariwest godavariballariballariballariballariballaribangalore ruralbangalore ruralbangalore ruralbangalore ruralbangalore ruralbelagavibelagavibelagavibelagavibelagavibengaluru urbanbengaluru urbanbengaluru urbanbengaluru urbanbengaluru urbanbidarbidarbidarbidarbidarchamarajanagarachamarajanagarachamarajanagarachamarajanagarachamarajanagarachikkaballapurachikkaballapurachikkaballapurachikkaballapurachikkaballapurachikmagalurchikmagalurchikmagalurchikmagalurchikmagalurchitradurgachitradurgachitradurgachitradurgachitradurgadakshina kannadadakshina kannadadakshina kannadadakshina kannadadakshina kannadadavangeredavangeredavangeredavangeredavangeredharwaddharwaddharwaddharwaddharwadgadaggadaggadaggadaggadaghassanhassanhassanhassanhassanhaverihaverihaverihaverihaverikalaburagikalaburagikalaburagikalaburagikalaburagikodagukodagukodagukodagukodagukolarkolarkolarkolarkolarkoppalkoppalkoppalkoppalkoppalmandyamandyamandyamandyamandyamysurumysurumysurumysurumysururaichurraichurraichurraichurraichurramanagararamanagararamanagararamanagararamanagarashivamoggashivamoggashivamoggashivamoggashivamoggatumakurutumakurutumakurutumakurutumakuruudupiudupiudupiudupiudupiuttara kannadauttara kannadauttara kannadauttara kannadauttara kannadavijayapuravijayapuravijayapuravijayapuravijayapurayadgiryadgiryadgiryadgiryadgiralmoraalmoraalmoraalmoraalmorabageshwarbageshwarbageshwarbageshwarbageshwarchamolichamolichamolichamolichamolichampawatchampawatchampawatchampawatchampawatdehradundehradundehradundehradundehradunhardwarhardwarhardwarhardwarhardwarnainitalnainitalnainitalnainitalnainitalpauri garhwalpauri garhwalpauri garhwalpauri garhwalpauri garhwalpithoragarhpithoragarhpithoragarhpithoragarhpithoragarhrudra prayagrudra prayagrudra prayagrudra prayagrudra prayagtehri garhwaltehri garhwaltehri garhwaltehri garhwaltehri garhwaludham singh nagarudham singh nagarudham singh nagarudham singh nagarudham singh nagaruttar kashiuttar kashiuttar kashiuttar kashiuttar kashispsr nellorespsr nellorespsr nellorespsr nellorespsr nellorevisakhapatanamvisakhapatanamvisakhapatanamvisakhapatanamvisakhapatanamparaganas northparaganas northparaganas northparaganas northparaganas northparaganas southparaganas southparaganas southparaganas southparaganas southalipurduaralipurduaralipurduaralipurduaralipurduarbankurabankurabankurabankurabankurabirbhumbirbhumbirbhumbirbhumbirbhumcoochbeharcoochbeharcoochbeharcoochbeharcoochbehardarjeelingdarjeelingdarjeelingdarjeelingdarjeelingdakshin dinajpurdakshin dinajpurdakshin dinajpurdakshin dinajpurdakshin dinajpuruttar dinajpuruttar dinajpuruttar dinajpuruttar dinajpuruttar dinajpurhooghlyhooghlyhooghlyhooghlyhooghlyhowrahhowrahhowrahhowrahhowrahjalpaigurijalpaigurijalpaigurijalpaigurijalpaigurijhargramjhargramjhargramjhargramjhargramkalimpongkalimpongkalimpongkalimpongkalimpongmaldahmaldahmaldahmaldahmaldahmedinipur eastmedinipur eastmedinipur eastmedinipur eastmedinipur eastmedinipur westmedinipur westmedinipur westmedinipur westmedinipur westmurshidabadmurshidabadmurshidabadmurshidabadmurshidabadnadianadianadianadianadiabarddhamanbarddhamanbarddhamanbarddhamanbarddhamanpuruliyapuruliyapuruliyapuruliyapuruliyaalappuzhaalappuzhaalappuzhaalappuzhaalappuzhaernakulamernakulamernakulamernakulamernakulamidukkiidukkiidukkiidukkiidukkikannurkannurkannurkannurkannurkasaragodkasaragodkasaragodkasaragodkasaragodkollamkollamkollamkollamkollamkottayamkottayamkottayamkottayamkottayamkozhikodekozhikodekozhikodekozhikodekozhikodemalappurammalappurammalappurammalappurammalappurampalakkadpalakkadpalakkadpalakkadpalakkadpathanamthittapathanamthittapathanamthittapathanamthittapathanamthittathiruvananthapuramthiruvananthapuramthiruvananthapuramthiruvananthapuramthiruvananthapuramthrissurthrissurthrissurthrissurthrissurwayanadwayanadwayanadwayanadwayanadbagalkotbagalkotbagalkotbagalkotbagalkotchikballapurachikballapurachikballapurachikballapurachikballapurachikkamagaluruchikkamagaluruchikkamagaluruchikkamagaluruchikkamagalurudavanageredavanageredavanageredavanageredavanagereyadagiriyadagiriyadagiriyadagiriyadagiriagraagraagraagraagraaligarhaligarhaligarhaligarhaligarhallahabadallahabadallahabadallahabadallahabadambedkar nagarambedkar nagarambedkar nagarambedkar nagarambedkar nagaramethiamethiamethiamethiamethiamrohaamrohaamrohaamrohaamrohaauraiyaauraiyaauraiyaauraiyaauraiyaazamgarhazamgarhazamgarhazamgarhazamgarhbaghpatbaghpatbaghpatbaghpatbaghpatbahraichbahraichbahraichbahraichbahraichballiaballiaballiaballiaballiabalrampurbalrampurbalrampurbalrampurbalrampurbandabandabandabandabandabarabankibarabankibarabankibarabankibarabankibareillybareillybareillybareillybareillybastibastibastibastibastibijnorbijnorbijnorbijnorbijnorbudaunbudaunbudaunbudaunbudaunbulandshahrbulandshahrbulandshahrbulandshahrbulandshahrchandaulichandaulichandaulichandaulichandaulichitrakootchitrakootchitrakootchitrakootchitrakootdeoriadeoriadeoriadeoriadeoriaetahetahetahetahetahetawahetawahetawahetawahetawahfaizabadfaizabadfaizabadfaizabadfaizabadfarrukhabadfarrukhabadfarrukhabadfarrukhabadfarrukhabadfatehpurfatehpurfatehpurfatehpurfatehpurfirozabadfirozabadfirozabadfirozabadfirozabadkanpur nagarkanpur nagarkanpur nagarkanpur nagarkanpur nagarghaziabadghaziabadghaziabadghaziabadghaziabadghazipurghazipurghazipurghazipurghazipurgondagondagondagondagondagorakhpurgorakhpurgorakhpurgorakhpurgorakhpurhamirpurhamirpurhamirpurhamirpurhamirpurhapurhapurhapurhapurhapurhardoihardoihardoihardoihardoihathrashathrashathrashathrashathrasjalaunjalaunjalaunjalaunjalaunjaunpurjaunpurjaunpurjaunpurjaunpurjhansijhansijhansijhansijhansikannaujkannaujkannaujkannaujkannaujkanpur dehatkanpur dehatkanpur dehatkanpur dehatkanpur dehatkasganjkasganjkasganjkasganjkasganjkaushambikaushambikaushambikaushambikaushambilakhimpur kherilakhimpur kherilakhimpur kherilakhimpur kherilakhimpur kherikushinagarkushinagarkushinagarkushinagarkushinagarlalitpurlalitpurlalitpurlalitpurlalitpurlucknowlucknowlucknowlucknowlucknowmaharajganjmaharajganjmaharajganjmaharajganjmaharajganjmahobamahobamahobamahobamahobamainpurimainpurimainpurimainpurimainpurimathuramathuramathuramathuramathuramaumaumaumaumaumeerutmeerutmeerutmeerutmeerutmirzapurmirzapurmirzapurmirzapurmirzapurmoradabadmoradabadmoradabadmoradabadmoradabadmuzaffarnagarmuzaffarnagarmuzaffarnagarmuzaffarnagarmuzaffarnagarpilibhitpilibhitpilibhitpilibhitpilibhitpratapgarhpratapgarhpratapgarhpratapgarhpratapgarhrae barelirae barelirae barelirae barelirae barelirampurrampurrampurrampurrampursaharanpursaharanpursaharanpursaharanpursaharanpursambhalsambhalsambhalsambhalsambhalsant kabeer nagarsant kabeer nagarsant kabeer nagarsant kabeer nagarsant kabeer nagarsant ravi das nagarsant ravi das nagarsant ravi das nagarsant ravi das nagarsant ravi das nagarshahajahanpurshahajahanpurshahajahanpurshahajahanpurshahajahanpurshamlishamlishamlishamlishamlishravastishravastishravastishravastishravastisiddharth nagarsiddharth nagarsiddharth nagarsiddharth nagarsiddharth nagarsitapursitapursitapursitapursitapursonbhadrasonbhadrasonbhadrasonbhadrasonbhadrasultanpursultanpursultanpursultanpursultanpurunnaounnaounnaounnaounnaovaranasivaranasivaranasivaranasivaranasiahmednagarahmednagarahmednagarahmednagarahmednagaramravatiamravatiamravatiamravatiamravatibeedbeedbeedbeedbeedbhandarabhandarabhandarabhandarabhandarachandrapurchandrapurchandrapurchandrapurchandrapurdhuledhuledhuledhuledhulegadchiroligadchiroligadchiroligadchiroligadchiroligondiagondiagondiagondiagondiakolhapurkolhapurkolhapurkolhapurkolhapurlaturlaturlaturlaturlaturnagpurnagpurnagpurnagpurnagpurnandednandednandednandednandednandurbarnandurbarnandurbarnandurbarnandurbarnashiknashiknashiknashiknashikosmanabadosmanabadosmanabadosmanabadosmanabadpalgharpalgharpalgharpalgharpalgharpunepunepunepunepuneraigadraigadraigadraigadraigadratnagiriratnagiriratnagiriratnagiriratnagirisanglisanglisanglisanglisanglisatarasatarasatarasatarasatarasindhudurgsindhudurgsindhudurgsindhudurgsindhudurgsolapursolapursolapursolapursolapurthanethanethanethanethaneanantnaganantnaganantnaganantnaganantnagbadgambadgambadgambadgambadgambandiporabandiporabandiporabandiporabandiporabaramullabaramullabaramullabaramullabaramulladodadodadodadodadodaganderbalganderbalganderbalganderbalganderbaljammujammujammujammujammukathuakathuakathuakathuakathuakishtwarkishtwarkishtwarkishtwarkishtwarkulgamkulgamkulgamkulgamkulgamkupwarakupwarakupwarakupwarakupwarapoonchpoonchpoonchpoonchpoonchpulwamapulwamapulwamapulwamapulwamarajaurirajaurirajaurirajaurirajaurirambanrambanrambanrambanrambanreasireasireasireasireasisambasambasambasambasambashopianshopianshopianshopianshopiansrinagarsrinagarsrinagarsrinagarsrinagarudhampurudhampurudhampurudhampurudhampurahmadabadahmadabadahmadabadahmadabadahmadabadanandanandanandanandanandaravalliaravalliaravalliaravalliaravallibharuchbharuchbharuchbharuchbharuchchhotaudepurchhotaudepurchhotaudepurchhotaudepurchhotaudepurdangdangdangdangdangdohaddohaddohaddohaddohadgandhinagargandhinagargandhinagargandhinagargandhinagarkhedakhedakhedakhedakhedamahesanamahesanamahesanamahesanamahesanamahisagarmahisagarmahisagarmahisagarmahisagarnarmadanarmadanarmadanarmadanarmadanavsarinavsarinavsarinavsarinavsaripanch mahalspanch mahalspanch mahalspanch mahalspanch mahalssabar kanthasabar kanthasabar kanthasabar kanthasabar kanthasuratsuratsuratsuratsuratsurendranagarsurendranagarsurendranagarsurendranagarsurendranagartapitapitapitapitapivadodaravadodaravadodaravadodaravadodaravalsadvalsadvalsadvalsadvalsadajmerajmerajmerajmerajmeralwaralwaralwaralwaralwarbanswarabanswarabanswarabanswarabanswarabaranbaranbaranbaranbaranbharatpurbharatpurbharatpurbharatpurbharatpurbhilwarabhilwarabhilwarabhilwarabhilwarabundibundibundibundibundichittorgarhchittorgarhchittorgarhchittorgarhchittorgarhdholpurdholpurdholpurdholpurdholpurdungarpurdungarpurdungarpurdungarpurdungarpurganganagarganganagarganganagarganganagarganganagarhanumangarhhanumangarhhanumangarhhanumangarhhanumangarhjhalawarjhalawarjhalawarjhalawarjhalawarkaraulikaraulikaraulikaraulikaraulikotakotakotakotakotarajsamandrajsamandrajsamandrajsamandrajsamandsawai madhopursawai madhopursawai madhopursawai madhopursawai madhopurtonktonktonktonktonkudaipurudaipurudaipurudaipurudaipurarariaarariaarariaarariaarariaarwalarwalarwalarwalarwalaurangabadaurangabadaurangabadaurangabadaurangabadbankabankabankabankabankabegusaraibegusaraibegusaraibegusaraibegusaraibhagalpurbhagalpurbhagalpurbhagalpurbhagalpurbhojpurbhojpurbhojpurbhojpurbhojpurbuxarbuxarbuxarbuxarbuxardarbhangadarbhangadarbhangadarbhangadarbhangagayagayagayagayagayagopalganjgopalganjgopalganjgopalganjgopalganjjamuijamuijamuijamuijamuijehanabadjehanabadjehanabadjehanabadjehanabadkaimurkaimurkaimurkaimurkaimurkatiharkatiharkatiharkatiharkatiharkhagariakhagariakhagariakhagariakhagariakishanganjkishanganjkishanganjkishanganjkishanganjlakhisarailakhisarailakhisarailakhisarailakhisaraimadhepuramadhepuramadhepuramadhepuramadhepuramadhubanimadhubanimadhubanimadhubanimadhubanimungermungermungermungermungermuzaffarpurmuzaffarpurmuzaffarpurmuzaffarpurmuzaffarpurnalandanalandanalandanalandanalandanawadanawadanawadanawadanawadapashchim champaranpashchim champaranpashchim champaranpashchim champaranpashchim champaranpatnapatnapatnapatnapatnapurbi champaranpurbi champaranpurbi champaranpurbi champaranpurbi champaranpurniapurniapurniapurniapurniarohtasrohtasrohtasrohtasrohtassaharsasaharsasaharsasaharsasaharsasamastipursamastipursamastipursamastipursamastipursaransaransaransaransaransheikhpurasheikhpurasheikhpurasheikhpurasheikhpurasheoharsheoharsheoharsheoharsheoharsitamarhisitamarhisitamarhisitamarhisitamarhisiwansiwansiwansiwansiwansupaulsupaulsupaulsupaulsupaulvaishalivaishalivaishalivaishalivaishalidinajpur dakshindinajpur dakshindinajpur dakshindinajpur dakshindinajpur dakshindinajpur uttardinajpur uttardinajpur uttardinajpur uttardinajpur uttarpaschim bardhamanpaschim bardhamanpaschim bardhamanpaschim bardhamanpaschim bardhamanpurba bardhamanpurba bardhamanpurba bardhamanpurba bardhamanpurba bardhamanpuruliapuruliapuruliapuruliapurulianagapattinamnagapattinamnagapattinamnagapattinamnagapattinamvirudunagarvirudunagarvirudunagarvirudunagarvirudunagaranugulanugulanugulanugulanugulbalangirbalangirbalangirbalangirbalangirbaleshwarbaleshwarbaleshwarbaleshwarbaleshwarbargarhbargarhbargarhbargarhbargarhbhadrakbhadrakbhadrakbhadrakbhadrakboudhboudhboudhboudhboudhcuttackcuttackcuttackcuttackcuttackdeogarhdeogarhdeogarhdeogarhdeogarhdhenkanaldhenkanaldhenkanaldhenkanaldhenkanalgajapatigajapatigajapatigajapatigajapatiganjamganjamganjamganjamganjamjagatsinghapurjagatsinghapurjagatsinghapurjagatsinghapurjagatsinghapurjajapurjajapurjajapurjajapurjajapurjharsugudajharsugudajharsugudajharsugudajharsugudakalahandikalahandikalahandikalahandikalahandikandhamalkandhamalkandhamalkandhamalkandhamalkendraparakendraparakendraparakendraparakendraparakendujharkendujharkendujharkendujharkendujharkhordhakhordhakhordhakhordhakhordhakoraputkoraputkoraputkoraputkoraputmalkangirimalkangirimalkangirimalkangirimalkangirimayurbhanjmayurbhanjmayurbhanjmayurbhanjmayurbhanjnabarangpurnabarangpurnabarangpurnabarangpurnabarangpurnayagarhnayagarhnayagarhnayagarhnayagarhnuapadanuapadanuapadanuapadanuapadapuripuripuripuripurirayagadarayagadarayagadarayagadarayagadasambalpursambalpursambalpursambalpursambalpursonepursonepursonepursonepursonepursundargarhsundargarhsundargarhsundargarhsundargarhbaksabaksabaksabaksabaksabarpetabarpetabarpetabarpetabarpetabongaigaonbongaigaonbongaigaonbongaigaonbongaigaoncacharcacharcacharcacharcacharchirangchirangchirangchirangchirangdarrangdarrangdarrangdarrangdarrangdhemajidhemajidhemajidhemajidhemajidhubridhubridhubridhubridhubridibrugarhdibrugarhdibrugarhdibrugarhdibrugarhdima hasaodima hasaodima hasaodima hasaodima hasaogoalparagoalparagoalparagoalparagoalparagolaghatgolaghatgolaghatgolaghatgolaghathailakandihailakandihailakandihailakandihailakandijorhatjorhatjorhatjorhatjorhatkamrupkamrupkamrupkamrupkamrupkarbi anglongkarbi anglongkarbi anglongkarbi anglongkarbi anglongkarimganjkarimganjkarimganjkarimganjkarimganjkokrajharkokrajharkokrajharkokrajharkokrajharlakhimpurlakhimpurlakhimpurlakhimpurlakhimpurmorigaonmorigaonmorigaonmorigaonmorigaonnagaonnagaonnagaonnagaonnagaonnalbarinalbarinalbarinalbarinalbarisivasagarsivasagarsivasagarsivasagarsivasagarsonitpursonitpursonitpursonitpursonitpurtinsukiatinsukiatinsukiatinsukiatinsukiaudalguriudalguriudalguriudalguriudalguribokarobokarobokarobokarobokarochatrachatrachatrachatrachatradeoghardeoghardeoghardeoghardeoghardhanbaddhanbaddhanbaddhanbaddhanbaddumkadumkadumkadumkadumkaeast singhbumeast singhbumeast singhbumeast singhbumeast singhbumgarhwagarhwagarhwagarhwagarhwagiridihgiridihgiridihgiridihgiridihgoddagoddagoddagoddagoddagumlagumlagumlagumlagumlahazaribaghhazaribaghhazaribaghhazaribaghhazaribaghjamtarajamtarajamtarajamtarajamtarakhuntikhuntikhuntikhuntikhuntikodermakodermakodermakodermakodermalateharlateharlateharlateharlateharlohardagalohardagalohardagalohardagalohardagapakurpakurpakurpakurpakurpalamupalamupalamupalamupalamuramgarhramgarhramgarhramgarhramgarhranchiranchiranchiranchiranchisahibganjsahibganjsahibganjsahibganjsahibganjsaraikelakharsawansaraikelakharsawansaraikelakharsawansaraikelakharsawansaraikelakharsawansimdegasimdegasimdegasimdegasimdegawest singhbhumwest singhbhumwest singhbhumwest singhbhumwest singhbhumbilaspurbilaspurbilaspurbilaspurbilaspurchambachambachambachambachambakangrakangrakangrakangrakangrakinnaurkinnaurkinnaurkinnaurkinnaurkullukullukullukullukullumandimandimandimandimandishimlashimlashimlashimlashimlasirmaursirmaursirmaursirmaursirmaursolansolansolansolansolanunaunaunaunaunakaimur (bhabua)kaimur (bhabua)kaimur (bhabua)kaimur (bhabua)kaimur (bhabua)baloda bazarbaloda bazarbaloda bazarbaloda bazarbaloda bazaruttar bastar kankeruttar bastar kankeruttar bastar kankeruttar bastar kankeruttar bastar kankerbemetarabemetarabemetarabemetarabemetarabijapurbijapurbijapurbijapurbijapurdantewadadantewadadantewadadantewadadantewadadhamtaridhamtaridhamtaridhamtaridhamtaridurgdurgdurgdurgdurggariabandgariabandgariabandgariabandgariabandjanjgirchampajanjgirchampajanjgirchampajanjgirchampajanjgirchampajashpurjashpurjashpurjashpurjashpurkabirdhamkabirdhamkabirdhamkabirdhamkabirdhamkondagaonkondagaonkondagaonkondagaonkondagaonkorbakorbakorbakorbakorbakoreakoreakoreakoreakoreamahasamundmahasamundmahasamundmahasamundmahasamundmungelimungelimungelimungelimungelinarayanpurnarayanpurnarayanpurnarayanpurnarayanpurraigarhraigarhraigarhraigarhraigarhraipurraipurraipurraipurraipurrajnandgaonrajnandgaonrajnandgaonrajnandgaonrajnandgaonsukmasukmasukmasukmasukmasurajpursurajpursurajpursurajpursurajpursurgujasurgujasurgujasurgujasurgujalahul and spitilahul and spitilahul and spitilahul and spitilahul and spitiarvalliarvalliarvalliarvalliarvallibanas kanthabanas kanthabanas kanthabanas kanthabanas kanthadevbhumi dwarkadevbhumi dwarkadevbhumi dwarkadevbhumi dwarkadevbhumi dwarkakachchhkachchhkachchhkachchhkachchhpatanpatanpatanpatanpatanrajkotrajkotrajkotrajkotrajkotahmadnagarahmadnagarahmadnagarahmadnagarahmadnagarakolaakolaakolaakolaakolabuldhanabuldhanabuldhanabuldhanabuldhanahingolihingolihingolihingolihingolijalgaonjalgaonjalgaonjalgaonjalgaonjalnajalnajalnajalnajalnaparbhaniparbhaniparbhaniparbhaniparbhaniwashimwashimwashimwashimwashimyavatmalyavatmalyavatmalyavatmalyavatmalagar malwaagar malwaagar malwaagar malwaagar malwaalirajpuralirajpuralirajpuralirajpuralirajpuranuppuranuppuranuppuranuppuranuppurashoknagarashoknagarashoknagarashoknagarashoknagarbalaghatbalaghatbalaghatbalaghatbalaghatbarwanibarwanibarwanibarwanibarwanibetulbetulbetulbetulbetulbhopalbhopalbhopalbhopalbhopalburhanpurburhanpurburhanpurburhanpurburhanpurchhatarpurchhatarpurchhatarpurchhatarpurchhatarpurchhindwarachhindwarachhindwarachhindwarachhindwaradamohdamohdamohdamohdamohdatiadatiadatiadatiadatiadewasdewasdewasdewasdewasdhardhardhardhardhardindoridindoridindoridindoridindorigunagunagunagunagunagwaliorgwaliorgwaliorgwaliorgwaliorhardahardahardahardahardahoshangabadhoshangabadhoshangabadhoshangabadhoshangabadindoreindoreindoreindoreindorejabalpurjabalpurjabalpurjabalpurjabalpurjhabuajhabuajhabuajhabuajhabuakatnikatnikatnikatnikatnikhandwakhandwakhandwakhandwakhandwakhargonekhargonekhargonekhargonekhargonemandlamandlamandlamandlamandlamandsaurmandsaurmandsaurmandsaurmandsaurmorenamorenamorenamorenamorenanarsinghpurnarsinghpurnarsinghpurnarsinghpurnarsinghpurneemuchneemuchneemuchneemuchneemuchpannapannapannapannapannaraisenraisenraisenraisenraisenrajgarhrajgarhrajgarhrajgarhrajgarhratlamratlamratlamratlamratlamrewarewarewarewarewasagarsagarsagarsagarsagarsatnasatnasatnasatnasatnasehoresehoresehoresehoresehoreseoniseoniseoniseoniseonishahdolshahdolshahdolshahdolshahdolshajapurshajapurshajapurshajapurshajapursheopursheopursheopursheopursheopurshivpurishivpurishivpurishivpurishivpurisidhisidhisidhisidhisidhisingraulisingraulisingraulisingraulisingraulitikamgarhtikamgarhtikamgarhtikamgarhtikamgarhujjainujjainujjainujjainujjainumariaumariaumariaumariaumariavidishavidishavidishavidishavidishabarmerbarmerbarmerbarmerbarmerchittaurgarhchittaurgarhchittaurgarhchittaurgarhchittaurgarhchuruchuruchuruchuruchurudausadausadausadausadausajaipurjaipurjaipurjaipurjaipurjalorejalorejalorejalorejalorejodhpurjodhpurjodhpurjodhpurjodhpurnagaurnagaurnagaurnagaurnagaurpalipalipalipalipalisikarsikarsikarsikarsikarsirohisirohisirohisirohisirohiharidwarharidwarharidwarharidwarharidwarudam singh nagarudam singh nagarudam singh nagarudam singh nagarudam singh nagarkanchipuramkanchipuramkanchipuramkanchipuramkanchipuramvillupuramvillupuramvillupuramvillupuramvillupurambhindbhindbhindbhindbhindbagalkotebagalkotebagalkotebagalkotebagalkotebuldanabuldanabuldanabuldanabuldanawardhawardhawardhawardhawardhasahebganjsahebganjsahebganjsahebganjsahebganjsaraikela kharsawansaraikela kharsawansaraikela kharsawansaraikela kharsawansaraikela kharsawangautam buddha nagargautam buddha nagargautam buddha nagargautam buddha nagargautam buddha nagarkherikherikherikherikherikushi nagarkushi nagarkushi nagarkushi nagarkushi nagarsant ravidas nagarsant ravidas nagarsant ravidas nagarsant ravidas nagarsant ravidas nagarmahendragarhmahendragarhmahendragarhmahendragarhmahendragarhjamnagarjamnagarjamnagarjamnagarjamnagarchamrajnagarchamrajnagarchamrajnagarchamrajnagarchamrajnagartumkurtumkurtumkurtumkurtumkurbalodbalodbalodbalodbalodbastarbastarbastarbastarbastargariyabandgariyabandgariyabandgariyabandgariyabandjanjgir-champajanjgir-champajanjgir-champajanjgir-champajanjgir-champakankerkankerkankerkankerkankeramreliamreliamreliamreliamrelibhavnagarbhavnagarbhavnagarbhavnagarbhavnagarbotadbotadbotadbotadbotadgir somnathgir somnathgir somnathgir somnathgir somnathjunagadhjunagadhjunagadhjunagadhjunagadhmorbimorbimorbimorbimorbikamrup metrokamrup metrokamrup metrokamrup metrokamrup metromarigaonmarigaonmarigaonmarigaonmarigaonbikanerbikanerbikanerbikanerbikanerjaisalmerjaisalmerjaisalmerjaisalmerjaisalmerjhunjhununjhunjhununjhunjhununjhunjhununjhunjhununshahjahanpurshahjahanpurshahjahanpurshahjahanpurshahjahanpurnicobarsnicobarsnicobarsnicobarsnicobarsnorth and middle andamannorth and middle andamannorth and middle andamannorth and middle andamannorth and middle andamansouth andamanssouth andamanssouth andamanssouth andamanssouth andamansanjawanjawanjawanjawanjawchanglangchanglangchanglangchanglangchanglangdibang valleydibang valleydibang valleydibang valleydibang valleyeast kamengeast kamengeast kamengeast kamengeast kamengeast siangeast siangeast siangeast siangeast siangkra daadikra daadikra daadikra daadikra daadikurung kumeykurung kumeykurung kumeykurung kumeykurung kumeylohitlohitlohitlohitlohitlongdinglongdinglongdinglongdinglongdinglower dibang valleylower dibang valleylower dibang valleylower dibang valleylower dibang valleylower subansirilower subansirilower subansirilower subansirilower subansirinamsainamsainamsainamsainamsaipapum parepapum parepapum parepapum parepapum paresiangsiangsiangsiangsiangtawangtawangtawangtawangtawangtiraptiraptiraptiraptirapupper siangupper siangupper siangupper siangupper siangupper subansiriupper subansiriupper subansiriupper subansiriupper subansiriwest kamengwest kamengwest kamengwest kamengwest kamengwest siangwest siangwest siangwest siangwest siangchandigarhchandigarhchandigarhchandigarhchandigarhdadra and nagar havelidadra and nagar havelidadra and nagar havelidadra and nagar havelidadra and nagar havelibishnupurbishnupurbishnupurbishnupurbishnupurchandelchandelchandelchandelchandelchurachandpurchurachandpurchurachandpurchurachandpurchurachandpurimphal eastimphal eastimphal eastimphal eastimphal eastimphal westimphal westimphal westimphal westimphal westsenapatisenapatisenapatisenapatisenapatitamenglongtamenglongtamenglongtamenglongtamenglongthoubalthoubalthoubalthoubalthoubalukhrulukhrulukhrulukhrulukhruleast garo hillseast garo hillseast garo hillseast garo hillseast garo hillseast jaintia hillseast jaintia hillseast jaintia hillseast jaintia hillseast jaintia hillseast khasi hillseast khasi hillseast khasi hillseast khasi hillseast khasi hillsnorth garo hillsnorth garo hillsnorth garo hillsnorth garo hillsnorth garo hillsri bhoiri bhoiri bhoiri bhoiri bhoisouth garo hillssouth garo hillssouth garo hillssouth garo hillssouth garo hillssouth west garo hillssouth west garo hillssouth west garo hillssouth west garo hillssouth west garo hillssouth west khasi hillssouth west khasi hillssouth west khasi hillssouth west khasi hillssouth west khasi hillswest garo hillswest garo hillswest garo hillswest garo hillswest garo hillswest jaintia hillswest jaintia hillswest jaintia hillswest jaintia hillswest jaintia hillswest khasi hillswest khasi hillswest khasi hillswest khasi hillswest khasi hillsaizawlaizawlaizawlaizawlaizawlchamphaichamphaichamphaichamphaichamphaikolasibkolasibkolasibkolasibkolasiblawngtlailawngtlailawngtlailawngtlailawngtlailungleilungleilungleilungleilungleimamitmamitmamitmamitmamitsaihasaihasaihasaihasaihaserchhipserchhipserchhipserchhipserchhipdimapurdimapurdimapurdimapurdimapurkiphirekiphirekiphirekiphirekiphirekohimakohimakohimakohimakohimalonglenglonglenglonglenglonglenglonglengmokokchungmokokchungmokokchungmokokchungmokokchungmonmonmonmonmonperenperenperenperenperenphekphekphekphekphektuensangtuensangtuensangtuensangtuensangwokhawokhawokhawokhawokhazunhebotozunhebotozunhebotozunhebotozunhebotokaraikalkaraikalkaraikalkaraikalkaraikalpondicherrypondicherrypondicherrypondicherrypondicherryyanamyanamyanamyanamyanameast districteast districteast districteast districteast districtnorth districtnorth districtnorth districtnorth districtnorth districtsouth districtsouth districtsouth districtsouth districtsouth districtwest districtwest districtwest districtwest districtwest districtadilabadadilabadadilabadadilabadadilabadbhadradribhadradribhadradribhadradribhadradrihanumakondahanumakondahanumakondahanumakondahanumakondajagitialjagitialjagitialjagitialjagitialjangoanjangoanjangoanjangoanjangoanjayashankarjayashankarjayashankarjayashankarjayashankarjogulambajogulambajogulambajogulambajogulambakamareddykamareddykamareddykamareddykamareddykarimnagarkarimnagarkarimnagarkarimnagarkarimnagarkhammamkhammamkhammamkhammamkhammamkomaram bheem asifabadkomaram bheem asifabadkomaram bheem asifabadkomaram bheem asifabadkomaram bheem asifabadmahabubabadmahabubabadmahabubabadmahabubabadmahabubabadmahbubnagarmahbubnagarmahbubnagarmahbubnagarmahbubnagarmancherialmancherialmancherialmancherialmancherialmedakmedakmedakmedakmedakmedchal malkajgirimedchal malkajgirimedchal malkajgirimedchal malkajgirimedchal malkajgirinagarkurnoolnagarkurnoolnagarkurnoolnagarkurnoolnagarkurnoolnalgondanalgondanalgondanalgondanalgondanirmalnirmalnirmalnirmalnirmalnizamabadnizamabadnizamabadnizamabadnizamabadpeddapallipeddapallipeddapallipeddapallipeddapallirajannarajannarajannarajannarajannarangareddirangareddirangareddirangareddirangareddisangareddysangareddysangareddysangareddysangareddysiddipetsiddipetsiddipetsiddipetsiddipetsuryapetsuryapetsuryapetsuryapetsuryapetvikarabadvikarabadvikarabadvikarabadvikarabadwanaparthywanaparthywanaparthywanaparthywanaparthywarangalwarangalwarangalwarangalwarangalyadadriyadadriyadadriyadadriyadadridhalaidhalaidhalaidhalaidhalaigomatigomatigomatigomatigomatikhowaikhowaikhowaikhowaikhowainorth tripuranorth tripuranorth tripuranorth tripuranorth tripurasepahijalasepahijalasepahijalasepahijalasepahijalasouth tripurasouth tripurasouth tripurasouth tripurasouth tripuraunakotiunakotiunakotiunakotiunakotiwest tripurawest tripurawest tripurawest tripurawest tripura,ricemaizebajraragijowarricemaizebajraragijowarricemaizebajraragijowarricemaizebajraragijowarricemaizebajraragijowarricemaizebajraragijowarricemaizebajraragijowarricemaizebajraragijowarricemaizebajraragijowarricemaizebajraragijowarricemaizebajraragijowarricemaizebajraragijowarricemaizebajraragijowarricemaizebajraragijowarricemaizebajraragijowarricemaizebajraragijowarricemaizebajraragijowarricemaizebajraragijowarricemaizebajraragijowarricemaizebajraragijowarricemaizebajraragijowarricemaizebajraragijowarricemaizebajraragijowarricemaizebajraragijowarricemaizebajraragijowarricemaizebajraragijowarricemaizebajraragijowarricemaizebajraragijowarricemaizebajraragijowarricemaizebajraragijowarricemaizebajraragijowarricemaizebajraragijowarricemaizebajraragijowarricemaizebajraragijowarricemaizebajraragijowarricemaizebajraragijowarricemaizebajraragijowarricemaizebajraragijowarricemaizebajraragijowarricemaizebajraragijowarricemaizebajraragijowarricemaizebajraragijowarricemaizebajraragijowarricemaizebajraragijowarricemaizebajraragijowarricemaizebajraragijowarricemaizebajraragijowarricemaizebajraragijowarricemaizebajraragijowarricemaizebajraragijowarricemaizebajraragijowarricemaizebajraragijowarricemaizebajraragijowarricemaizebajraragijowarricemaizebajraragijowarricemaizebajraragijowarricemaizebajraragijowarricemaizebajraragijowarricemaizebajraragijowarricemaizebajraragijowarricemaizebajraragijowarricemaizebajraragijowarricemaizebajraragijowarricemaizebajraragijowarricemaizebajraragijowarricemaizebajraragijowarricemaizebajraragijowarricemaizebajraragijowarricemaizebajraragijowarricemaizebajraragijowarricemaizebajraragijowarricemaizebajraragijowarricemaizebajraragijowarricemaizebajraragijowarricemaizebajraragijowarricemaizebajraragijowarricemaizebajraragijowarricemaizebajraragijowarricemaizebajraragijowarricemaizebajraragijowarricemaizebajraragijowarricemaizebajraragijowarricemaizebajraragijowarricemaizebajraragijowarricemaizebajraragijowarricemaizebajraragijowarricemaizebajraragijowarricemaizebajraragijowarricemaizebajraragijowarricemaizebajraragijowarricemaizebajraragijowarricemaizebajraragijowarricemaizebajraragijowarricemaizebajraragijowarricemaizebajraragijowarricemaizebajraragijowarricemaizebajraragijowarricemaizebajraragijowarricemaizebajraragijowarricemaizebajraragijowarricemaizebajraragijowarricemaizebajraragijowarricemaizebajraragijowarricemaizebajraragijowarricemaizebajraragijowarricemaizebajraragijowarricemaizebajraragijowarricemaizebajraragijowarricemaizebajraragijowarricemaizebajraragijowarricemaizebajraragijowarricemaizebajraragijowarricemaizebajraragijowarricemaizebajraragijowarricemaizebajraragijowarricemaizebajraragijowarricemaizebajraragijowarricemaizebajraragijowarricemaizebajraragijowarricemaizebajraragijowarricemaizebajraragijowarricemaizebajraragijowarricemaizebajraragijowarricemaizebajraragijowarricemaizebajraragijowarricemaizebajraragijowarricemaizebajraragijowarricemaizebajraragijowarricemaizebajraragijowarricemaizebajraragijowarricemaizebajraragijowarricemaizebajraragijowarricemaizebajraragijowarricemaizebajraragijowarricemaizebajraragijowarricemaizebajraragijowarricemaizebajraragijowarricemaizebajraragijowarricemaizebajraragijowarricemaizebajraragijowarricemaizebajraragijowarricemaizebajraragijowarricemaizebajraragijowarricemaizebajraragijowarricemaizebajraragijowarricemaizebajraragijowarricemaizebajraragijowarricemaizebajraragijowarricemaizebajraragijowarricemaizebajraragijowarricemaizebajraragijowarricemaizebajraragijowarricemaizebajraragijowarricemaizebajraragijowarricemaizebajraragijowarricemaizebajraragijowarricemaizebajraragijowarricemaizebajraragijowarricemaizebajraragijowarricemaizebajraragijowarricemaizebajraragijowarricemaizebajraragijowarricemaizebajraragijowarricemaizebajraragijowarricemaizebajraragijowarricemaizebajraragijowarricemaizebajraragijowarricemaizebajraragijowarricemaizebajraragijowarricemaizebajraragijowarricemaizebajraragijowarricemaizebajraragijowarricemaizebajraragijowarricemaizebajraragijowarricemaizebajraragijowarricemaizebajraragijowarricemaizebajraragijowarricemaizebajraragijowarricemaizebajraragijowarricemaizebajraragijowarricemaizebajraragijowarricemaizebajraragijowarricemaizebajraragijowarricemaizebajraragijowarricemaizebajraragijowarricemaizebajraragijowarricemaizebajraragijowarricemaizebajraragijowarricemaizebajraragijowarricemaizebajraragijowarricemaizebajraragijowarricemaizebajraragijowarricemaizebajraragijowarricemaizebajraragijowarricemaizebajraragijowarricemaizebajraragijowarricemaizebajraragijowarricemaizebajraragijowarricemaizebajraragijowarricemaizebajraragijowarricemaizebajraragijowarricemaizebajraragijowarricemaizebajraragijowarricemaizebajraragijowarricemaizebajraragijowarricemaizebajraragijowarricemaizebajraragijowarricemaizebajraragijowarricemaizebajraragijowarricemaizebajraragijowarricemaizebajraragijowarricemaizebajraragijowarricemaizebajraragijowarricemaizebajraragijowarricemaizebajraragijowarricemaizebajraragijowarricemaizebajraragijowarricemaizebajraragijowarricemaizebajraragijowarricemaizebajraragijowarricemaizebajraragijowarricemaizebajraragijowarricemaizebajraragijowarricemaizebajraragijowarricemaizebajraragijowarricemaizebajraragijowarricemaizebajraragijowarricemaizebajraragijowarricemaizebajraragijowarricemaizebajraragijowarricemaizebajraragijowarricemaizebajraragijowarricemaizebajraragijowarricemaizebajraragijowarricemaizebajraragijowarricemaizebajraragijowarricemaizebajraragijowarricemaizebajraragijowarricemaizebajraragijowarricemaizebajraragijowarricemaizebajraragijowarricemaizebajraragijowarricemaizebajraragijowarricemaizebajraragijowarricemaizebajraragijowarricemaizebajraragijowarricemaizebajraragijowarricemaizebajraragijowarricemaizebajraragijowarricemaizebajraragijowarricemaizebajraragijowarricemaizebajraragijowarricemaizebajraragijowarricemaizebajraragijowarricemaizebajraragijowarricemaizebajraragijowarricemaizebajraragijowarricemaizebajraragijowarricemaizebajraragijowarricemaizebajraragijowarricemaizebajraragijowarricemaizebajraragijowarricemaizebajraragijowarricemaizebajraragijowarricemaizebajraragijowarricemaizebajraragijowarricemaizebajraragijowarricemaizebajraragijowarricemaizebajraragijowarricemaizebajraragijowarricemaizebajraragijowarricemaizebajraragijowarricemaizebajraragijowarricemaizebajraragijowarricemaizebajraragijowarricemaizebajraragijowarricemaizebajraragijowarricemaizebajraragijowarricemaizebajraragijowarricemaizebajraragijowarricemaizebajraragijowarricemaizebajraragijowarricemaizebajraragijowarricemaizebajraragijowarricemaizebajraragijowarricemaizebajraragijowarricemaizebajraragijowarricemaizebajraragijowarricemaizebajraragijowarricemaizebajraragijowarricemaizebajraragijowarricemaizebajraragijowarricemaizebajraragijowarricemaizebajraragijowarricemaizebajraragijowarricemaizebajraragijowarricemaizebajraragijowarricemaizebajraragijowarricemaizebajraragijowarricemaizebajraragijowarricemaizebajraragijowarricemaizebajraragijowarricemaizebajraragijowarricemaizebajraragijowarricemaizebajraragijowarricemaizebajraragijowarricemaizebajraragijowarricemaizebajraragijowarricemaizebajraragijowarricemaizebajraragijowarricemaizebajraragijowarricemaizebajraragijowarricemaizebajraragijowarricemaizebajraragijowarricemaizebajraragijowarricemaizebajraragijowarricemaizebajraragijowarricemaizebajraragijowarricemaizebajraragijowarricemaizebajraragijowarricemaizebajraragijowarricemaizebajraragijowarricemaizebajraragijowarricemaizebajraragijowarricemaizebajraragijowarricemaizebajraragijowarricemaizebajraragijowarricemaizebajraragijowarricemaizebajraragijowarricemaizebajraragijowarricemaizebajraragijowarricemaizebajraragijowarricemaizebajraragijowarricemaizebajraragijowarricemaizebajraragijowarricemaizebajraragijowarricemaizebajraragijowarricemaizebajraragijowarricemaizebajraragijowarricemaizebajraragijowarricemaizebajraragijowarricemaizebajraragijowarricemaizebajraragijowarricemaizebajraragijowarricemaizebajraragijowarricemaizebajraragijowarricemaizebajraragijowarricemaizebajraragijowarricemaizebajraragijowarricemaizebajraragijowarricemaizebajraragijowarricemaizebajraragijowarricemaizebajraragijowarricemaizebajraragijowarricemaizebajraragijowarricemaizebajraragijowarricemaizebajraragijowarricemaizebajraragijowarricemaizebajraragijowarricemaizebajraragijowarricemaizebajraragijowarricemaizebajraragijowarricemaizebajraragijowarricemaizebajraragijowarricemaizebajraragijowarricemaizebajraragijowarricemaizebajraragijowarricemaizebajraragijowarricemaizebajraragijowarricemaizebajraragijowarricemaizebajraragijowarricemaizebajraragijowarricemaizebajraragijowarricemaizebajraragijowarricemaizebajraragijowarricemaizebajraragijowarricemaizebajraragijowarricemaizebajraragijowarricemaizebajraragijowarricemaizebajraragijowarricemaizebajraragijowarricemaizebajraragijowarricemaizebajraragijowarricemaizebajraragijowarricemaizebajraragijowarricemaizebajraragijowarricemaizebajraragijowarricemaizebajraragijowarricemaizebajraragijowarricemaizebajraragijowarricemaizebajraragijowarricemaizebajraragijowarricemaizebajraragijowarricemaizebajraragijowarricemaizebajraragijowarricemaizebajraragijowarricemaizebajraragijowarricemaizebajraragijowarricemaizebajraragijowarricemaizebajraragijowarricemaizebajraragijowarricemaizebajraragijowarricemaizebajraragijowarricemaizebajraragijowarricemaizebajraragijowarricemaizebajraragijowarricemaizebajraragijowarricemaizebajraragijowarricemaizebajraragijowarricemaizebajraragijowarricemaizebajraragijowarricemaizebajraragijowarricemaizebajraragijowarricemaizebajraragijowarricemaizebajraragijowarricemaizebajraragijowarricemaizebajraragijowarricemaizebajraragijowarricemaizebajraragijowarricemaizebajraragijowarricemaizebajraragijowarricemaizebajraragijowarricemaizebajraragijowarricemaizebajraragijowarricemaizebajraragijowarricemaizebajraragijowarricemaizebajraragijowarricemaizebajraragijowarricemaizebajraragijowarricemaizebajraragijowarricemaizebajraragijowarricemaizebajraragijowarricemaizebajraragijowarricemaizebajraragijowarricemaizebajraragijowarricemaizebajraragijowarricemaizebajraragijowarricemaizebajraragijowarricemaizebajraragijowarricemaizebajraragijowarricemaizebajraragijowarricemaizebajraragijowarricemaizebajraragijowarricemaizebajraragijowarricemaizebajraragijowarricemaizebajraragijowarricemaizebajraragijowarricemaizebajraragijowarricemaizebajraragijowarricemaizebajraragijowarricemaizebajraragijowarricemaizebajraragijowarricemaizebajraragijowarricemaizebajraragijowarricemaizebajraragijowarricemaizebajraragijowarricemaizebajraragijowarricemaizebajraragijowarricemaizebajraragijowarricemaizebajraragijowarricemaizebajraragijowarricemaizebajraragijowarricemaizebajraragijowarricemaizebajraragijowarricemaizebajraragijowarricemaizebajraragijowarricemaizebajraragijowarricemaizebajraragijowarricemaizebajraragijowarricemaizebajraragijowarricemaizebajraragijowarricemaizebajraragijowarricemaizebajraragijowarricemaizebajraragijowarricemaizebajraragijowarricemaizebajraragijowarricemaizebajraragijowarricemaizebajraragijowarricemaizebajraragijowarricemaizebajraragijowarricemaizebajraragijowarricemaizebajraragijowarricemaizebajraragijowarricemaizebajraragijowarricemaizebajraragijowarricemaizebajraragijowarricemaizebajraragijowarricemaizebajraragijowarricemaizebajraragijowarricemaizebajraragijowarricemaizebajraragijowarricemaizebajraragijowarricemaizebajraragijowarricemaizebajraragijowarricemaizebajraragijowarricemaizebajraragijowarricemaizebajraragijowarricemaizebajraragijowarricemaizebajraragijowarricemaizebajraragijowarricemaizebajraragijowarricemaizebajraragijowarricemaizebajraragijowarricemaizebajraragijowarricemaizebajraragijowarricemaizebajraragijowarricemaizebajraragijowarricemaizebajraragijowarricemaizebajraragijowarricemaizebajraragijowarricemaizebajraragijowarricemaizebajraragijowarricemaizebajraragijowarricemaizebajraragijowarricemaizebajraragijowarricemaizebajraragijowarricemaizebajraragijowarricemaizebajraragijowarricemaizebajraragijowarricemaizebajraragijowarricemaizebajraragijowarricemaizebajraragijowarricemaizebajraragijowarricemaizebajraragijowarricemaizebajraragijowarricemaizebajraragijowarricemaizebajraragijowarricemaizebajraragijowarricemaizebajraragijowarricemaizebajraragijowarricemaizebajraragijowarricemaizebajraragijowarricemaizebajraragijowarricemaizebajraragijowarricemaizebajraragijowarricemaizebajraragijowarricemaizebajraragijowarricemaizebajraragijowarricemaizebajraragijowarricemaizebajraragijowarricemaizebajraragijowarricemaizebajraragijowarricemaizebajraragijowarricemaizebajraragijowarricemaizebajraragijowarricemaizebajraragijowarricemaizebajraragijowarricemaizebajraragijowarricemaizebajraragijowarricemaizebajraragijowarricemaizebajraragijowarricemaizebajraragijowarricemaizebajraragijowarricemaizebajraragijowarricemaizebajraragijowarricemaizebajraragijowarricemaizebajraragijowarricemaizebajraragijowarricemaizebajraragijowarricemaizebajraragijowarricemaizebajraragijowarricemaizebajraragijowarricemaizebajraragijowarricemaizebajraragijowarricemaizebajraragijowarricemaizebajraragijowarricemaizebajraragijowarricemaizebajraragijowarricemaizebajraragijowarricemaizebajraragijowarricemaizebajraragijowarricemaizebajraragijowarricemaizebajraragijowarricemaizebajraragijowarricemaizebajraragijowarricemaizebajraragijowarricemaizebajraragijowarricemaizebajraragijowarricemaizebajraragijowarricemaizebajraragijowarricemaizebajraragijowarricemaizebajraragijowarricemaizebajraragijowarricemaizebajraragijowarricemaizebajraragijowarricemaizebajraragijowarricemaizebajraragijowarricemaizebajraragijowarricemaizebajraragijowarricemaizebajraragijowarricemaizebajraragijowarricemaizebajraragijowarricemaizebajraragijowarricemaizebajraragijowarricemaizebajraragijowarricemaizebajraragijowarricemaizebajraragijowarricemaizebajraragijowarricemaizebajraragijowarricemaizebajraragijowarricemaizebajraragijowarricemaizebajraragijowarricemaizebajraragijowarricemaizebajraragijowarricemaizebajraragijowarricemaizebajraragijowarricemaizebajraragijowarricemaizebajraragijowarricemaizebajraragijowarricemaizebajraragijowarricemaizebajraragijowarricemaizebajraragijowarricemaizebajraragijowarricemaizebajraragijowarricemaizebajraragijowarricemaizebajraragijowarricemaizebajraragijowarricemaizebajraragijowarricemaizebajraragijowarricemaizebajraragijowarricemaizebajraragijowarricemaizebajraragijowarricemaizebajraragijowarricemaizebajraragijowarricemaizebajraragijowarricemaizebajraragijowarricemaizebajraragijowarricemaizebajraragijowarricemaizebajraragijowarricemaizebajraragijowarricemaizebajraragijowarricemaizebajraragijowarricemaizebajraragijowarricemaizebajraragijowarricemaizebajraragijowarricemaizebajraragijowarricemaizebajraragijowarricemaizebajraragijowarricemaizebajraragijowarricemaizebajraragijowarricemaizebajraragijowarricemaizebajraragijowarricemaizebajraragijowarricemaizebajraragijowarricemaizebajraragijowarricemaizebajraragijowarricemaizebajraragijowarricemaizebajraragijowarricemaizebajraragijowarricemaizebajraragijowarricemaizebajraragijowarricemaizebajraragijowarricemaizebajraragijowarricemaizebajraragijowarricemaizebajraragijowarricemaizebajraragijowarricemaizebajraragijowarricemaizebajraragijowarricemaizebajraragijowarricemaizebajraragijowarricemaizebajraragijowarricemaizebajraragijowarricemaizebajraragijowarricemaizebajraragijowarricemaizebajraragijowarricemaizebajraragijowarricemaizebajraragijowarricemaizebajraragijowarricemaizebajraragijowarricemaizebajraragijowarricemaizebajraragijowarricemaizebajraragijowarricemaizebajraragijowarricemaizebajraragijowarricemaizebajraragijowarricemaizebajraragijowarricemaizebajraragijowarricemaizebajraragijowarricemaizebajraragijowarricemaizebajraragijowarricemaizebajraragijowarricemaizebajraragijowarricemaizebajraragijowarricemaizebajraragijowarricemaizebajraragijowarricemaizebajraragijowarricemaizebajraragijowarricemaizebajraragijowarricemaizebajraragijowarricemaizebajraragijowarricemaizebajraragijowarricemaizebajraragijowarricemaizebajraragijowarricemaizebajraragijowarricemaizebajraragijowarricemaizebajraragijowarricemaizebajraragijowarricemaizebajraragijowarricemaizebajraragijowarricemaizebajraragijowarricemaizebajraragijowarricemaizebajraragijowarricemaizebajraragijowarricemaizebajraragijowarricemaizebajraragijowarricemaizebajraragijowarricemaizebajraragijowar,354320.0001,354320.0,62510.629693,828505803.5318068,827875000.002555,37087012.47896877,34371359.22646324,10702772.989395978,10268019.56121341,26240106.35360421,24032508.72643103,7872459.367035258,7520534.761208149,2847003101045.7163,2847003100009.545,457865.55631248147,838292.2904130759,11564014.870033374,10591126.595738156,913155.7011054265,836331.3036797999,873471286.0898372,1900913063.836585,-11406697.290636014,23568037.71967057,354320.0,54.04990881976881,-9.185880892847674,-4.679515712664207,-7.900919002396293,-4.234053369208736,-3.639516187092582e-08,148.3990115185349,45.381156244814775,-9.18588089284768,-9.185880892847662
11,jammu and kashmir,ariyalurariyalurariyalurariyalurariyalurcoimbatorecoimbatorecoimbatorecoimbatorecoimbatorecuddalorecuddalorecuddalorecuddalorecuddaloredharmapuridharmapuridharmapuridharmapuridharmapuridindiguldindiguldindiguldindiguldindigulerodeerodeerodeerodeerodekancheepuramkancheepuramkancheepuramkancheepuramkancheepuramkanniyakumarikanniyakumarikanniyakumarikanniyakumarikanniyakumarikarurkarurkarurkarurkarurkrishnagirikrishnagirikrishnagirikrishnagirikrishnagirimaduraimaduraimaduraimaduraimadurainagappattinamnagappattinamnagappattinamnagappattinamnagappattinamnamakkalnamakkalnamakkalnamakkalnamakkalperambalurperambalurperambalurperambalurperambalurpudukkottaipudukkottaipudukkottaipudukkottaipudukkottairamanathapuramramanathapuramramanathapuramramanathapuramramanathapuramsalemsalemsalemsalemsalemsivagangasivagangasivagangasivagangasivagangathanjavurthanjavurthanjavurthanjavurthanjavurthe nilgiristhe nilgiristhe nilgiristhe nilgiristhe nilgiristhenithenithenithenithenithiruvallurthiruvallurthiruvallurthiruvallurthiruvallurthiruvarurthiruvarurthiruvarurthiruvarurthiruvarurtiruchirappallitiruchirappallitiruchirappallitiruchirappallitiruchirappallitirunelvelitirunelvelitirunelvelitirunelvelitirunelvelitiruppurtiruppurtiruppurtiruppurtiruppurtiruvannamalaitiruvannamalaitiruvannamalaitiruvannamalaitiruvannamalaituticorintuticorintuticorintuticorintuticorinvellorevellorevellorevellorevelloreviluppuramviluppuramviluppuramviluppuramviluppuramvirudhunagarvirudhunagarvirudhunagarvirudhunagarvirudhunagaramritsaramritsaramritsaramritsaramritsarbarnalabarnalabarnalabarnalabarnalabathindabathindabathindabathindabathindafaridkotfaridkotfaridkotfaridkotfaridkotfatehgarh sahibfatehgarh sahibfatehgarh sahibfatehgarh sahibfatehgarh sahibfazilkafazilkafazilkafazilkafazilkafirozpurfirozpurfirozpurfirozpurfirozpurgurdaspurgurdaspurgurdaspurgurdaspurgurdaspurhoshiarpurhoshiarpurhoshiarpurhoshiarpurhoshiarpurjalandharjalandharjalandharjalandharjalandharkapurthalakapurthalakapurthalakapurthalakapurthalaludhianaludhianaludhianaludhianaludhianamansamansamansamansamansamogamogamogamogamogamuktsarmuktsarmuktsarmuktsarmuktsarpathankotpathankotpathankotpathankotpathankotpatialapatialapatialapatialapatialarupnagarrupnagarrupnagarrupnagarrupnagarsangrursangrursangrursangrursangrurshahid bhagat singh nagarshahid bhagat singh nagarshahid bhagat singh nagarshahid bhagat singh nagarshahid bhagat singh nagartarn tarantarn tarantarn tarantarn tarantarn taranambalaambalaambalaambalaambalabhiwanibhiwanibhiwanibhiwanibhiwanicharki dadricharki dadricharki dadricharki dadricharki dadrifaridabadfaridabadfaridabadfaridabadfaridabadfatehabadfatehabadfatehabadfatehabadfatehabadgurgaongurgaongurgaongurgaongurgaonhisarhisarhisarhisarhisarjhajjarjhajjarjhajjarjhajjarjhajjarjindjindjindjindjindkaithalkaithalkaithalkaithalkaithalkarnalkarnalkarnalkarnalkarnalkurukshetrakurukshetrakurukshetrakurukshetrakurukshetramewatmewatmewatmewatmewatpalwalpalwalpalwalpalwalpalwalpanchkulapanchkulapanchkulapanchkulapanchkulapanipatpanipatpanipatpanipatpanipatrewarirewarirewarirewarirewarirohtakrohtakrohtakrohtakrohtaksirsasirsasirsasirsasirsasonipatsonipatsonipatsonipatsonipatyamunanagaryamunanagaryamunanagaryamunanagaryamunanagaranantapuranantapuranantapuranantapuranantapurchittoorchittoorchittoorchittoorchittooreast godavarieast godavarieast godavarieast godavarieast godavarigunturgunturgunturgunturgunturkadapakadapakadapakadapakadapakrishnakrishnakrishnakrishnakrishnakurnoolkurnoolkurnoolkurnoolkurnoolprakasamprakasamprakasamprakasamprakasamnellorenellorenellorenellorenelloresrikakulamsrikakulamsrikakulamsrikakulamsrikakulamvisakhapatnamvisakhapatnamvisakhapatnamvisakhapatnamvisakhapatnamvizianagaramvizianagaramvizianagaramvizianagaramvizianagaramwest godavariwest godavariwest godavariwest godavariwest godavariballariballariballariballariballaribangalore ruralbangalore ruralbangalore ruralbangalore ruralbangalore ruralbelagavibelagavibelagavibelagavibelagavibengaluru urbanbengaluru urbanbengaluru urbanbengaluru urbanbengaluru urbanbidarbidarbidarbidarbidarchamarajanagarachamarajanagarachamarajanagarachamarajanagarachamarajanagarachikkaballapurachikkaballapurachikkaballapurachikkaballapurachikkaballapurachikmagalurchikmagalurchikmagalurchikmagalurchikmagalurchitradurgachitradurgachitradurgachitradurgachitradurgadakshina kannadadakshina kannadadakshina kannadadakshina kannadadakshina kannadadavangeredavangeredavangeredavangeredavangeredharwaddharwaddharwaddharwaddharwadgadaggadaggadaggadaggadaghassanhassanhassanhassanhassanhaverihaverihaverihaverihaverikalaburagikalaburagikalaburagikalaburagikalaburagikodagukodagukodagukodagukodagukolarkolarkolarkolarkolarkoppalkoppalkoppalkoppalkoppalmandyamandyamandyamandyamandyamysurumysurumysurumysurumysururaichurraichurraichurraichurraichurramanagararamanagararamanagararamanagararamanagarashivamoggashivamoggashivamoggashivamoggashivamoggatumakurutumakurutumakurutumakurutumakuruudupiudupiudupiudupiudupiuttara kannadauttara kannadauttara kannadauttara kannadauttara kannadavijayapuravijayapuravijayapuravijayapuravijayapurayadgiryadgiryadgiryadgiryadgiralmoraalmoraalmoraalmoraalmorabageshwarbageshwarbageshwarbageshwarbageshwarchamolichamolichamolichamolichamolichampawatchampawatchampawatchampawatchampawatdehradundehradundehradundehradundehradunhardwarhardwarhardwarhardwarhardwarnainitalnainitalnainitalnainitalnainitalpauri garhwalpauri garhwalpauri garhwalpauri garhwalpauri garhwalpithoragarhpithoragarhpithoragarhpithoragarhpithoragarhrudra prayagrudra prayagrudra prayagrudra prayagrudra prayagtehri garhwaltehri garhwaltehri garhwaltehri garhwaltehri garhwaludham singh nagarudham singh nagarudham singh nagarudham singh nagarudham singh nagaruttar kashiuttar kashiuttar kashiuttar kashiuttar kashispsr nellorespsr nellorespsr nellorespsr nellorespsr nellorevisakhapatanamvisakhapatanamvisakhapatanamvisakhapatanamvisakhapatanamparaganas northparaganas northparaganas northparaganas northparaganas northparaganas southparaganas southparaganas southparaganas southparaganas southalipurduaralipurduaralipurduaralipurduaralipurduarbankurabankurabankurabankurabankurabirbhumbirbhumbirbhumbirbhumbirbhumcoochbeharcoochbeharcoochbeharcoochbeharcoochbehardarjeelingdarjeelingdarjeelingdarjeelingdarjeelingdakshin dinajpurdakshin dinajpurdakshin dinajpurdakshin dinajpurdakshin dinajpuruttar dinajpuruttar dinajpuruttar dinajpuruttar dinajpuruttar dinajpurhooghlyhooghlyhooghlyhooghlyhooghlyhowrahhowrahhowrahhowrahhowrahjalpaigurijalpaigurijalpaigurijalpaigurijalpaigurijhargramjhargramjhargramjhargramjhargramkalimpongkalimpongkalimpongkalimpongkalimpongmaldahmaldahmaldahmaldahmaldahmedinipur eastmedinipur eastmedinipur eastmedinipur eastmedinipur eastmedinipur westmedinipur westmedinipur westmedinipur westmedinipur westmurshidabadmurshidabadmurshidabadmurshidabadmurshidabadnadianadianadianadianadiabarddhamanbarddhamanbarddhamanbarddhamanbarddhamanpuruliyapuruliyapuruliyapuruliyapuruliyaalappuzhaalappuzhaalappuzhaalappuzhaalappuzhaernakulamernakulamernakulamernakulamernakulamidukkiidukkiidukkiidukkiidukkikannurkannurkannurkannurkannurkasaragodkasaragodkasaragodkasaragodkasaragodkollamkollamkollamkollamkollamkottayamkottayamkottayamkottayamkottayamkozhikodekozhikodekozhikodekozhikodekozhikodemalappurammalappurammalappurammalappurammalappurampalakkadpalakkadpalakkadpalakkadpalakkadpathanamthittapathanamthittapathanamthittapathanamthittapathanamthittathiruvananthapuramthiruvananthapuramthiruvananthapuramthiruvananthapuramthiruvananthapuramthrissurthrissurthrissurthrissurthrissurwayanadwayanadwayanadwayanadwayanadbagalkotbagalkotbagalkotbagalkotbagalkotchikballapurachikballapurachikballapurachikballapurachikballapurachikkamagaluruchikkamagaluruchikkamagaluruchikkamagaluruchikkamagalurudavanageredavanageredavanageredavanageredavanagereyadagiriyadagiriyadagiriyadagiriyadagiriagraagraagraagraagraaligarhaligarhaligarhaligarhaligarhallahabadallahabadallahabadallahabadallahabadambedkar nagarambedkar nagarambedkar nagarambedkar nagarambedkar nagaramethiamethiamethiamethiamethiamrohaamrohaamrohaamrohaamrohaauraiyaauraiyaauraiyaauraiyaauraiyaazamgarhazamgarhazamgarhazamgarhazamgarhbaghpatbaghpatbaghpatbaghpatbaghpatbahraichbahraichbahraichbahraichbahraichballiaballiaballiaballiaballiabalrampurbalrampurbalrampurbalrampurbalrampurbandabandabandabandabandabarabankibarabankibarabankibarabankibarabankibareillybareillybareillybareillybareillybastibastibastibastibastibijnorbijnorbijnorbijnorbijnorbudaunbudaunbudaunbudaunbudaunbulandshahrbulandshahrbulandshahrbulandshahrbulandshahrchandaulichandaulichandaulichandaulichandaulichitrakootchitrakootchitrakootchitrakootchitrakootdeoriadeoriadeoriadeoriadeoriaetahetahetahetahetahetawahetawahetawahetawahetawahfaizabadfaizabadfaizabadfaizabadfaizabadfarrukhabadfarrukhabadfarrukhabadfarrukhabadfarrukhabadfatehpurfatehpurfatehpurfatehpurfatehpurfirozabadfirozabadfirozabadfirozabadfirozabadkanpur nagarkanpur nagarkanpur nagarkanpur nagarkanpur nagarghaziabadghaziabadghaziabadghaziabadghaziabadghazipurghazipurghazipurghazipurghazipurgondagondagondagondagondagorakhpurgorakhpurgorakhpurgorakhpurgorakhpurhamirpurhamirpurhamirpurhamirpurhamirpurhapurhapurhapurhapurhapurhardoihardoihardoihardoihardoihathrashathrashathrashathrashathrasjalaunjalaunjalaunjalaunjalaunjaunpurjaunpurjaunpurjaunpurjaunpurjhansijhansijhansijhansijhansikannaujkannaujkannaujkannaujkannaujkanpur dehatkanpur dehatkanpur dehatkanpur dehatkanpur dehatkasganjkasganjkasganjkasganjkasganjkaushambikaushambikaushambikaushambikaushambilakhimpur kherilakhimpur kherilakhimpur kherilakhimpur kherilakhimpur kherikushinagarkushinagarkushinagarkushinagarkushinagarlalitpurlalitpurlalitpurlalitpurlalitpurlucknowlucknowlucknowlucknowlucknowmaharajganjmaharajganjmaharajganjmaharajganjmaharajganjmahobamahobamahobamahobamahobamainpurimainpurimainpurimainpurimainpurimathuramathuramathuramathuramathuramaumaumaumaumaumeerutmeerutmeerutmeerutmeerutmirzapurmirzapurmirzapurmirzapurmirzapurmoradabadmoradabadmoradabadmoradabadmoradabadmuzaffarnagarmuzaffarnagarmuzaffarnagarmuzaffarnagarmuzaffarnagarpilibhitpilibhitpilibhitpilibhitpilibhitpratapgarhpratapgarhpratapgarhpratapgarhpratapgarhrae barelirae barelirae barelirae barelirae barelirampurrampurrampurrampurrampursaharanpursaharanpursaharanpursaharanpursaharanpursambhalsambhalsambhalsambhalsambhalsant kabeer nagarsant kabeer nagarsant kabeer nagarsant kabeer nagarsant kabeer nagarsant ravi das nagarsant ravi das nagarsant ravi das nagarsant ravi das nagarsant ravi das nagarshahajahanpurshahajahanpurshahajahanpurshahajahanpurshahajahanpurshamlishamlishamlishamlishamlishravastishravastishravastishravastishravastisiddharth nagarsiddharth nagarsiddharth nagarsiddharth nagarsiddharth nagarsitapursitapursitapursitapursitapursonbhadrasonbhadrasonbhadrasonbhadrasonbhadrasultanpursultanpursultanpursultanpursultanpurunnaounnaounnaounnaounnaovaranasivaranasivaranasivaranasivaranasiahmednagarahmednagarahmednagarahmednagarahmednagaramravatiamravatiamravatiamravatiamravatibeedbeedbeedbeedbeedbhandarabhandarabhandarabhandarabhandarachandrapurchandrapurchandrapurchandrapurchandrapurdhuledhuledhuledhuledhulegadchiroligadchiroligadchiroligadchiroligadchiroligondiagondiagondiagondiagondiakolhapurkolhapurkolhapurkolhapurkolhapurlaturlaturlaturlaturlaturnagpurnagpurnagpurnagpurnagpurnandednandednandednandednandednandurbarnandurbarnandurbarnandurbarnandurbarnashiknashiknashiknashiknashikosmanabadosmanabadosmanabadosmanabadosmanabadpalgharpalgharpalgharpalgharpalgharpunepunepunepunepuneraigadraigadraigadraigadraigadratnagiriratnagiriratnagiriratnagiriratnagirisanglisanglisanglisanglisanglisatarasatarasatarasatarasatarasindhudurgsindhudurgsindhudurgsindhudurgsindhudurgsolapursolapursolapursolapursolapurthanethanethanethanethaneanantnaganantnaganantnaganantnaganantnagbadgambadgambadgambadgambadgambandiporabandiporabandiporabandiporabandiporabaramullabaramullabaramullabaramullabaramulladodadodadodadodadodaganderbalganderbalganderbalganderbalganderbaljammujammujammujammujammukathuakathuakathuakathuakathuakishtwarkishtwarkishtwarkishtwarkishtwarkulgamkulgamkulgamkulgamkulgamkupwarakupwarakupwarakupwarakupwarapoonchpoonchpoonchpoonchpoonchpulwamapulwamapulwamapulwamapulwamarajaurirajaurirajaurirajaurirajaurirambanrambanrambanrambanrambanreasireasireasireasireasisambasambasambasambasambashopianshopianshopianshopianshopiansrinagarsrinagarsrinagarsrinagarsrinagarudhampurudhampurudhampurudhampurudhampurahmadabadahmadabadahmadabadahmadabadahmadabadanandanandanandanandanandaravalliaravalliaravalliaravalliaravallibharuchbharuchbharuchbharuchbharuchchhotaudepurchhotaudepurchhotaudepurchhotaudepurchhotaudepurdangdangdangdangdangdohaddohaddohaddohaddohadgandhinagargandhinagargandhinagargandhinagargandhinagarkhedakhedakhedakhedakhedamahesanamahesanamahesanamahesanamahesanamahisagarmahisagarmahisagarmahisagarmahisagarnarmadanarmadanarmadanarmadanarmadanavsarinavsarinavsarinavsarinavsaripanch mahalspanch mahalspanch mahalspanch mahalspanch mahalssabar kanthasabar kanthasabar kanthasabar kanthasabar kanthasuratsuratsuratsuratsuratsurendranagarsurendranagarsurendranagarsurendranagarsurendranagartapitapitapitapitapivadodaravadodaravadodaravadodaravadodaravalsadvalsadvalsadvalsadvalsadajmerajmerajmerajmerajmeralwaralwaralwaralwaralwarbanswarabanswarabanswarabanswarabanswarabaranbaranbaranbaranbaranbharatpurbharatpurbharatpurbharatpurbharatpurbhilwarabhilwarabhilwarabhilwarabhilwarabundibundibundibundibundichittorgarhchittorgarhchittorgarhchittorgarhchittorgarhdholpurdholpurdholpurdholpurdholpurdungarpurdungarpurdungarpurdungarpurdungarpurganganagarganganagarganganagarganganagarganganagarhanumangarhhanumangarhhanumangarhhanumangarhhanumangarhjhalawarjhalawarjhalawarjhalawarjhalawarkaraulikaraulikaraulikaraulikaraulikotakotakotakotakotarajsamandrajsamandrajsamandrajsamandrajsamandsawai madhopursawai madhopursawai madhopursawai madhopursawai madhopurtonktonktonktonktonkudaipurudaipurudaipurudaipurudaipurarariaarariaarariaarariaarariaarwalarwalarwalarwalarwalaurangabadaurangabadaurangabadaurangabadaurangabadbankabankabankabankabankabegusaraibegusaraibegusaraibegusaraibegusaraibhagalpurbhagalpurbhagalpurbhagalpurbhagalpurbhojpurbhojpurbhojpurbhojpurbhojpurbuxarbuxarbuxarbuxarbuxardarbhangadarbhangadarbhangadarbhangadarbhangagayagayagayagayagayagopalganjgopalganjgopalganjgopalganjgopalganjjamuijamuijamuijamuijamuijehanabadjehanabadjehanabadjehanabadjehanabadkaimurkaimurkaimurkaimurkaimurkatiharkatiharkatiharkatiharkatiharkhagariakhagariakhagariakhagariakhagariakishanganjkishanganjkishanganjkishanganjkishanganjlakhisarailakhisarailakhisarailakhisarailakhisaraimadhepuramadhepuramadhepuramadhepuramadhepuramadhubanimadhubanimadhubanimadhubanimadhubanimungermungermungermungermungermuzaffarpurmuzaffarpurmuzaffarpurmuzaffarpurmuzaffarpurnalandanalandanalandanalandanalandanawadanawadanawadanawadanawadapashchim champaranpashchim champaranpashchim champaranpashchim champaranpashchim champaranpatnapatnapatnapatnapatnapurbi champaranpurbi champaranpurbi champaranpurbi champaranpurbi champaranpurniapurniapurniapurniapurniarohtasrohtasrohtasrohtasrohtassaharsasaharsasaharsasaharsasaharsasamastipursamastipursamastipursamastipursamastipursaransaransaransaransaransheikhpurasheikhpurasheikhpurasheikhpurasheikhpurasheoharsheoharsheoharsheoharsheoharsitamarhisitamarhisitamarhisitamarhisitamarhisiwansiwansiwansiwansiwansupaulsupaulsupaulsupaulsupaulvaishalivaishalivaishalivaishalivaishalidinajpur dakshindinajpur dakshindinajpur dakshindinajpur dakshindinajpur dakshindinajpur uttardinajpur uttardinajpur uttardinajpur uttardinajpur uttarpaschim bardhamanpaschim bardhamanpaschim bardhamanpaschim bardhamanpaschim bardhamanpurba bardhamanpurba bardhamanpurba bardhamanpurba bardhamanpurba bardhamanpuruliapuruliapuruliapuruliapurulianagapattinamnagapattinamnagapattinamnagapattinamnagapattinamvirudunagarvirudunagarvirudunagarvirudunagarvirudunagaranugulanugulanugulanugulanugulbalangirbalangirbalangirbalangirbalangirbaleshwarbaleshwarbaleshwarbaleshwarbaleshwarbargarhbargarhbargarhbargarhbargarhbhadrakbhadrakbhadrakbhadrakbhadrakboudhboudhboudhboudhboudhcuttackcuttackcuttackcuttackcuttackdeogarhdeogarhdeogarhdeogarhdeogarhdhenkanaldhenkanaldhenkanaldhenkanaldhenkanalgajapatigajapatigajapatigajapatigajapatiganjamganjamganjamganjamganjamjagatsinghapurjagatsinghapurjagatsinghapurjagatsinghapurjagatsinghapurjajapurjajapurjajapurjajapurjajapurjharsugudajharsugudajharsugudajharsugudajharsugudakalahandikalahandikalahandikalahandikalahandikandhamalkandhamalkandhamalkandhamalkandhamalkendraparakendraparakendraparakendraparakendraparakendujharkendujharkendujharkendujharkendujharkhordhakhordhakhordhakhordhakhordhakoraputkoraputkoraputkoraputkoraputmalkangirimalkangirimalkangirimalkangirimalkangirimayurbhanjmayurbhanjmayurbhanjmayurbhanjmayurbhanjnabarangpurnabarangpurnabarangpurnabarangpurnabarangpurnayagarhnayagarhnayagarhnayagarhnayagarhnuapadanuapadanuapadanuapadanuapadapuripuripuripuripurirayagadarayagadarayagadarayagadarayagadasambalpursambalpursambalpursambalpursambalpursonepursonepursonepursonepursonepursundargarhsundargarhsundargarhsundargarhsundargarhbaksabaksabaksabaksabaksabarpetabarpetabarpetabarpetabarpetabongaigaonbongaigaonbongaigaonbongaigaonbongaigaoncacharcacharcacharcacharcacharchirangchirangchirangchirangchirangdarrangdarrangdarrangdarrangdarrangdhemajidhemajidhemajidhemajidhemajidhubridhubridhubridhubridhubridibrugarhdibrugarhdibrugarhdibrugarhdibrugarhdima hasaodima hasaodima hasaodima hasaodima hasaogoalparagoalparagoalparagoalparagoalparagolaghatgolaghatgolaghatgolaghatgolaghathailakandihailakandihailakandihailakandihailakandijorhatjorhatjorhatjorhatjorhatkamrupkamrupkamrupkamrupkamrupkarbi anglongkarbi anglongkarbi anglongkarbi anglongkarbi anglongkarimganjkarimganjkarimganjkarimganjkarimganjkokrajharkokrajharkokrajharkokrajharkokrajharlakhimpurlakhimpurlakhimpurlakhimpurlakhimpurmorigaonmorigaonmorigaonmorigaonmorigaonnagaonnagaonnagaonnagaonnagaonnalbarinalbarinalbarinalbarinalbarisivasagarsivasagarsivasagarsivasagarsivasagarsonitpursonitpursonitpursonitpursonitpurtinsukiatinsukiatinsukiatinsukiatinsukiaudalguriudalguriudalguriudalguriudalguribokarobokarobokarobokarobokarochatrachatrachatrachatrachatradeoghardeoghardeoghardeoghardeoghardhanbaddhanbaddhanbaddhanbaddhanbaddumkadumkadumkadumkadumkaeast singhbumeast singhbumeast singhbumeast singhbumeast singhbumgarhwagarhwagarhwagarhwagarhwagiridihgiridihgiridihgiridihgiridihgoddagoddagoddagoddagoddagumlagumlagumlagumlagumlahazaribaghhazaribaghhazaribaghhazaribaghhazaribaghjamtarajamtarajamtarajamtarajamtarakhuntikhuntikhuntikhuntikhuntikodermakodermakodermakodermakodermalateharlateharlateharlateharlateharlohardagalohardagalohardagalohardagalohardagapakurpakurpakurpakurpakurpalamupalamupalamupalamupalamuramgarhramgarhramgarhramgarhramgarhranchiranchiranchiranchiranchisahibganjsahibganjsahibganjsahibganjsahibganjsaraikelakharsawansaraikelakharsawansaraikelakharsawansaraikelakharsawansaraikelakharsawansimdegasimdegasimdegasimdegasimdegawest singhbhumwest singhbhumwest singhbhumwest singhbhumwest singhbhumbilaspurbilaspurbilaspurbilaspurbilaspurchambachambachambachambachambakangrakangrakangrakangrakangrakinnaurkinnaurkinnaurkinnaurkinnaurkullukullukullukullukullumandimandimandimandimandishimlashimlashimlashimlashimlasirmaursirmaursirmaursirmaursirmaursolansolansolansolansolanunaunaunaunaunakaimur (bhabua)kaimur (bhabua)kaimur (bhabua)kaimur (bhabua)kaimur (bhabua)baloda bazarbaloda bazarbaloda bazarbaloda bazarbaloda bazaruttar bastar kankeruttar bastar kankeruttar bastar kankeruttar bastar kankeruttar bastar kankerbemetarabemetarabemetarabemetarabemetarabijapurbijapurbijapurbijapurbijapurdantewadadantewadadantewadadantewadadantewadadhamtaridhamtaridhamtaridhamtaridhamtaridurgdurgdurgdurgdurggariabandgariabandgariabandgariabandgariabandjanjgirchampajanjgirchampajanjgirchampajanjgirchampajanjgirchampajashpurjashpurjashpurjashpurjashpurkabirdhamkabirdhamkabirdhamkabirdhamkabirdhamkondagaonkondagaonkondagaonkondagaonkondagaonkorbakorbakorbakorbakorbakoreakoreakoreakoreakoreamahasamundmahasamundmahasamundmahasamundmahasamundmungelimungelimungelimungelimungelinarayanpurnarayanpurnarayanpurnarayanpurnarayanpurraigarhraigarhraigarhraigarhraigarhraipurraipurraipurraipurraipurrajnandgaonrajnandgaonrajnandgaonrajnandgaonrajnandgaonsukmasukmasukmasukmasukmasurajpursurajpursurajpursurajpursurajpursurgujasurgujasurgujasurgujasurgujalahul and spitilahul and spitilahul and spitilahul and spitilahul and spitiarvalliarvalliarvalliarvalliarvallibanas kanthabanas kanthabanas kanthabanas kanthabanas kanthadevbhumi dwarkadevbhumi dwarkadevbhumi dwarkadevbhumi dwarkadevbhumi dwarkakachchhkachchhkachchhkachchhkachchhpatanpatanpatanpatanpatanrajkotrajkotrajkotrajkotrajkotahmadnagarahmadnagarahmadnagarahmadnagarahmadnagarakolaakolaakolaakolaakolabuldhanabuldhanabuldhanabuldhanabuldhanahingolihingolihingolihingolihingolijalgaonjalgaonjalgaonjalgaonjalgaonjalnajalnajalnajalnajalnaparbhaniparbhaniparbhaniparbhaniparbhaniwashimwashimwashimwashimwashimyavatmalyavatmalyavatmalyavatmalyavatmalagar malwaagar malwaagar malwaagar malwaagar malwaalirajpuralirajpuralirajpuralirajpuralirajpuranuppuranuppuranuppuranuppuranuppurashoknagarashoknagarashoknagarashoknagarashoknagarbalaghatbalaghatbalaghatbalaghatbalaghatbarwanibarwanibarwanibarwanibarwanibetulbetulbetulbetulbetulbhopalbhopalbhopalbhopalbhopalburhanpurburhanpurburhanpurburhanpurburhanpurchhatarpurchhatarpurchhatarpurchhatarpurchhatarpurchhindwarachhindwarachhindwarachhindwarachhindwaradamohdamohdamohdamohdamohdatiadatiadatiadatiadatiadewasdewasdewasdewasdewasdhardhardhardhardhardindoridindoridindoridindoridindorigunagunagunagunagunagwaliorgwaliorgwaliorgwaliorgwaliorhardahardahardahardahardahoshangabadhoshangabadhoshangabadhoshangabadhoshangabadindoreindoreindoreindoreindorejabalpurjabalpurjabalpurjabalpurjabalpurjhabuajhabuajhabuajhabuajhabuakatnikatnikatnikatnikatnikhandwakhandwakhandwakhandwakhandwakhargonekhargonekhargonekhargonekhargonemandlamandlamandlamandlamandlamandsaurmandsaurmandsaurmandsaurmandsaurmorenamorenamorenamorenamorenanarsinghpurnarsinghpurnarsinghpurnarsinghpurnarsinghpurneemuchneemuchneemuchneemuchneemuchpannapannapannapannapannaraisenraisenraisenraisenraisenrajgarhrajgarhrajgarhrajgarhrajgarhratlamratlamratlamratlamratlamrewarewarewarewarewasagarsagarsagarsagarsagarsatnasatnasatnasatnasatnasehoresehoresehoresehoresehoreseoniseoniseoniseoniseonishahdolshahdolshahdolshahdolshahdolshajapurshajapurshajapurshajapurshajapursheopursheopursheopursheopursheopurshivpurishivpurishivpurishivpurishivpurisidhisidhisidhisidhisidhisingraulisingraulisingraulisingraulisingraulitikamgarhtikamgarhtikamgarhtikamgarhtikamgarhujjainujjainujjainujjainujjainumariaumariaumariaumariaumariavidishavidishavidishavidishavidishabarmerbarmerbarmerbarmerbarmerchittaurgarhchittaurgarhchittaurgarhchittaurgarhchittaurgarhchuruchuruchuruchuruchurudausadausadausadausadausajaipurjaipurjaipurjaipurjaipurjalorejalorejalorejalorejalorejodhpurjodhpurjodhpurjodhpurjodhpurnagaurnagaurnagaurnagaurnagaurpalipalipalipalipalisikarsikarsikarsikarsikarsirohisirohisirohisirohisirohiharidwarharidwarharidwarharidwarharidwarudam singh nagarudam singh nagarudam singh nagarudam singh nagarudam singh nagarkanchipuramkanchipuramkanchipuramkanchipuramkanchipuramvillupuramvillupuramvillupuramvillupuramvillupurambhindbhindbhindbhindbhindbagalkotebagalkotebagalkotebagalkotebagalkotebuldanabuldanabuldanabuldanabuldanawardhawardhawardhawardhawardhasahebganjsahebganjsahebganjsahebganjsahebganjsaraikela kharsawansaraikela kharsawansaraikela kharsawansaraikela kharsawansaraikela kharsawangautam buddha nagargautam buddha nagargautam buddha nagargautam buddha nagargautam buddha nagarkherikherikherikherikherikushi nagarkushi nagarkushi nagarkushi nagarkushi nagarsant ravidas nagarsant ravidas nagarsant ravidas nagarsant ravidas nagarsant ravidas nagarmahendragarhmahendragarhmahendragarhmahendragarhmahendragarhjamnagarjamnagarjamnagarjamnagarjamnagarchamrajnagarchamrajnagarchamrajnagarchamrajnagarchamrajnagartumkurtumkurtumkurtumkurtumkurbalodbalodbalodbalodbalodbastarbastarbastarbastarbastargariyabandgariyabandgariyabandgariyabandgariyabandjanjgir-champajanjgir-champajanjgir-champajanjgir-champajanjgir-champakankerkankerkankerkankerkankeramreliamreliamreliamreliamrelibhavnagarbhavnagarbhavnagarbhavnagarbhavnagarbotadbotadbotadbotadbotadgir somnathgir somnathgir somnathgir somnathgir somnathjunagadhjunagadhjunagadhjunagadhjunagadhmorbimorbimorbimorbimorbikamrup metrokamrup metrokamrup metrokamrup metrokamrup metromarigaonmarigaonmarigaonmarigaonmarigaonbikanerbikanerbikanerbikanerbikanerjaisalmerjaisalmerjaisalmerjaisalmerjaisalmerjhunjhununjhunjhununjhunjhununjhunjhununjhunjhununshahjahanpurshahjahanpurshahjahanpurshahjahanpurshahjahanpurnicobarsnicobarsnicobarsnicobarsnicobarsnorth and middle andamannorth and middle andamannorth and middle andamannorth and middle andamannorth and middle andamansouth andamanssouth andamanssouth andamanssouth andamanssouth andamansanjawanjawanjawanjawanjawchanglangchanglangchanglangchanglangchanglangdibang valleydibang valleydibang valleydibang valleydibang valleyeast kamengeast kamengeast kamengeast kamengeast kamengeast siangeast siangeast siangeast siangeast siangkra daadikra daadikra daadikra daadikra daadikurung kumeykurung kumeykurung kumeykurung kumeykurung kumeylohitlohitlohitlohitlohitlongdinglongdinglongdinglongdinglongdinglower dibang valleylower dibang valleylower dibang valleylower dibang valleylower dibang valleylower subansirilower subansirilower subansirilower subansirilower subansirinamsainamsainamsainamsainamsaipapum parepapum parepapum parepapum parepapum paresiangsiangsiangsiangsiangtawangtawangtawangtawangtawangtiraptiraptiraptiraptirapupper siangupper siangupper siangupper siangupper siangupper subansiriupper subansiriupper subansiriupper subansiriupper subansiriwest kamengwest kamengwest kamengwest kamengwest kamengwest siangwest siangwest siangwest siangwest siangchandigarhchandigarhchandigarhchandigarhchandigarhdadra and nagar havelidadra and nagar havelidadra and nagar havelidadra and nagar havelidadra and nagar havelibishnupurbishnupurbishnupurbishnupurbishnupurchandelchandelchandelchandelchandelchurachandpurchurachandpurchurachandpurchurachandpurchurachandpurimphal eastimphal eastimphal eastimphal eastimphal eastimphal westimphal westimphal westimphal westimphal westsenapatisenapatisenapatisenapatisenapatitamenglongtamenglongtamenglongtamenglongtamenglongthoubalthoubalthoubalthoubalthoubalukhrulukhrulukhrulukhrulukhruleast garo hillseast garo hillseast garo hillseast garo hillseast garo hillseast jaintia hillseast jaintia hillseast jaintia hillseast jaintia hillseast jaintia hillseast khasi hillseast khasi hillseast khasi hillseast khasi hillseast khasi hillsnorth garo hillsnorth garo hillsnorth garo hillsnorth garo hillsnorth garo hillsri bhoiri bhoiri bhoiri bhoiri bhoisouth garo hillssouth garo hillssouth garo hillssouth garo hillssouth garo hillssouth west garo hillssouth west garo hillssouth west garo hillssouth west garo hillssouth west garo hillssouth west khasi hillssouth west khasi hillssouth west khasi hillssouth west khasi hillssouth west khasi hillswest garo hillswest garo hillswest garo hillswest garo hillswest garo hillswest jaintia hillswest jaintia hillswest jaintia hillswest jaintia hillswest jaintia hillswest khasi hillswest khasi hillswest khasi hillswest khasi hillswest khasi hillsaizawlaizawlaizawlaizawlaizawlchamphaichamphaichamphaichamphaichamphaikolasibkolasibkolasibkolasibkolasiblawngtlailawngtlailawngtlailawngtlailawngtlailungleilungleilungleilungleilungleimamitmamitmamitmamitmamitsaihasaihasaihasaihasaihaserchhipserchhipserchhipserchhipserchhipdimapurdimapurdimapurdimapurdimapurkiphirekiphirekiphirekiphirekiphirekohimakohimakohimakohimakohimalonglenglonglenglonglenglonglenglonglengmokokchungmokokchungmokokchungmokokchungmokokchungmonmonmonmonmonperenperenperenperenperenphekphekphekphekphektuensangtuensangtuensangtuensangtuensangwokhawokhawokhawokhawokhazunhebotozunhebotozunhebotozunhebotozunhebotokaraikalkaraikalkaraikalkaraikalkaraikalpondicherrypondicherrypondicherrypondicherrypondicherryyanamyanamyanamyanamyanameast districteast districteast districteast districteast districtnorth districtnorth districtnorth districtnorth districtnorth districtsouth districtsouth districtsouth districtsouth districtsouth districtwest districtwest districtwest districtwest districtwest districtadilabadadilabadadilabadadilabadadilabadbhadradribhadradribhadradribhadradribhadradrihanumakondahanumakondahanumakondahanumakondahanumakondajagitialjagitialjagitialjagitialjagitialjangoanjangoanjangoanjangoanjangoanjayashankarjayashankarjayashankarjayashankarjayashankarjogulambajogulambajogulambajogulambajogulambakamareddykamareddykamareddykamareddykamareddykarimnagarkarimnagarkarimnagarkarimnagarkarimnagarkhammamkhammamkhammamkhammamkhammamkomaram bheem asifabadkomaram bheem asifabadkomaram bheem asifabadkomaram bheem asifabadkomaram bheem asifabadmahabubabadmahabubabadmahabubabadmahabubabadmahabubabadmahbubnagarmahbubnagarmahbubnagarmahbubnagarmahbubnagarmancherialmancherialmancherialmancherialmancherialmedakmedakmedakmedakmedakmedchal malkajgirimedchal malkajgirimedchal malkajgirimedchal malkajgirimedchal malkajgirinagarkurnoolnagarkurnoolnagarkurnoolnagarkurnoolnagarkurnoolnalgondanalgondanalgondanalgondanalgondanirmalnirmalnirmalnirmalnirmalnizamabadnizamabadnizamabadnizamabadnizamabadpeddapallipeddapallipeddapallipeddapallipeddapallirajannarajannarajannarajannarajannarangareddirangareddirangareddirangareddirangareddisangareddysangareddysangareddysangareddysangareddysiddipetsiddipetsiddipetsiddipetsiddipetsuryapetsuryapetsuryapetsuryapetsuryapetvikarabadvikarabadvikarabadvikarabadvikarabadwanaparthywanaparthywanaparthywanaparthywanaparthywarangalwarangalwarangalwarangalwarangalyadadriyadadriyadadriyadadriyadadridhalaidhalaidhalaidhalaidhalaigomatigomatigomatigomatigomatikhowaikhowaikhowaikhowaikhowainorth tripuranorth tripuranorth tripuranorth tripuranorth tripurasepahijalasepahijalasepahijalasepahijalasepahijalasouth tripurasouth tripurasouth tripurasouth tripurasouth tripuraunakotiunakotiunakotiunakotiunakotiwest tripurawest tripurawest tripurawest tripurawest tripura,ricemaizebajraragijowarricemaizebajraragijowarricemaizebajraragijowarricemaizebajraragijowarricemaizebajraragijowarricemaizebajraragijowarricemaizebajraragijowarricemaizebajraragijowarricemaizebajraragijowarricemaizebajraragijowarricemaizebajraragijowarricemaizebajraragijowarricemaizebajraragijowarricemaizebajraragijowarricemaizebajraragijowarricemaizebajraragijowarricemaizebajraragijowarricemaizebajraragijowarricemaizebajraragijowarricemaizebajraragijowarricemaizebajraragijowarricemaizebajraragijowarricemaizebajraragijowarricemaizebajraragijowarricemaizebajraragijowarricemaizebajraragijowarricemaizebajraragijowarricemaizebajraragijowarricemaizebajraragijowarricemaizebajraragijowarricemaizebajraragijowarricemaizebajraragijowarricemaizebajraragijowarricemaizebajraragijowarricemaizebajraragijowarricemaizebajraragijowarricemaizebajraragijowarricemaizebajraragijowarricemaizebajraragijowarricemaizebajraragijowarricemaizebajraragijowarricemaizebajraragijowarricemaizebajraragijowarricemaizebajraragijowarricemaizebajraragijowarricemaizebajraragijowarricemaizebajraragijowarricemaizebajraragijowarricemaizebajraragijowarricemaizebajraragijowarricemaizebajraragijowarricemaizebajraragijowarricemaizebajraragijowarricemaizebajraragijowarricemaizebajraragijowarricemaizebajraragijowarricemaizebajraragijowarricemaizebajraragijowarricemaizebajraragijowarricemaizebajraragijowarricemaizebajraragijowarricemaizebajraragijowarricemaizebajraragijowarricemaizebajraragijowarricemaizebajraragijowarricemaizebajraragijowarricemaizebajraragijowarricemaizebajraragijowarricemaizebajraragijowarricemaizebajraragijowarricemaizebajraragijowarricemaizebajraragijowarricemaizebajraragijowarricemaizebajraragijowarricemaizebajraragijowarricemaizebajraragijowarricemaizebajraragijowarricemaizebajraragijowarricemaizebajraragijowarricemaizebajraragijowarricemaizebajraragijowarricemaizebajraragijowarricemaizebajraragijowarricemaizebajraragijowarricemaizebajraragijowarricemaizebajraragijowarricemaizebajraragijowarricemaizebajraragijowarricemaizebajraragijowarricemaizebajraragijowarricemaizebajraragijowarricemaizebajraragijowarricemaizebajraragijowarricemaizebajraragijowarricemaizebajraragijowarricemaizebajraragijowarricemaizebajraragijowarricemaizebajraragijowarricemaizebajraragijowarricemaizebajraragijowarricemaizebajraragijowarricemaizebajraragijowarricemaizebajraragijowarricemaizebajraragijowarricemaizebajraragijowarricemaizebajraragijowarricemaizebajraragijowarricemaizebajraragijowarricemaizebajraragijowarricemaizebajraragijowarricemaizebajraragijowarricemaizebajraragijowarricemaizebajraragijowarricemaizebajraragijowarricemaizebajraragijowarricemaizebajraragijowarricemaizebajraragijowarricemaizebajraragijowarricemaizebajraragijowarricemaizebajraragijowarricemaizebajraragijowarricemaizebajraragijowarricemaizebajraragijowarricemaizebajraragijowarricemaizebajraragijowarricemaizebajraragijowarricemaizebajraragijowarricemaizebajraragijowarricemaizebajraragijowarricemaizebajraragijowarricemaizebajraragijowarricemaizebajraragijowarricemaizebajraragijowarricemaizebajraragijowarricemaizebajraragijowarricemaizebajraragijowarricemaizebajraragijowarricemaizebajraragijowarricemaizebajraragijowarricemaizebajraragijowarricemaizebajraragijowarricemaizebajraragijowarricemaizebajraragijowarricemaizebajraragijowarricemaizebajraragijowarricemaizebajraragijowarricemaizebajraragijowarricemaizebajraragijowarricemaizebajraragijowarricemaizebajraragijowarricemaizebajraragijowarricemaizebajraragijowarricemaizebajraragijowarricemaizebajraragijowarricemaizebajraragijowarricemaizebajraragijowarricemaizebajraragijowarricemaizebajraragijowarricemaizebajraragijowarricemaizebajraragijowarricemaizebajraragijowarricemaizebajraragijowarricemaizebajraragijowarricemaizebajraragijowarricemaizebajraragijowarricemaizebajraragijowarricemaizebajraragijowarricemaizebajraragijowarricemaizebajraragijowarricemaizebajraragijowarricemaizebajraragijowarricemaizebajraragijowarricemaizebajraragijowarricemaizebajraragijowarricemaizebajraragijowarricemaizebajraragijowarricemaizebajraragijowarricemaizebajraragijowarricemaizebajraragijowarricemaizebajraragijowarricemaizebajraragijowarricemaizebajraragijowarricemaizebajraragijowarricemaizebajraragijowarricemaizebajraragijowarricemaizebajraragijowarricemaizebajraragijowarricemaizebajraragijowarricemaizebajraragijowarricemaizebajraragijowarricemaizebajraragijowarricemaizebajraragijowarricemaizebajraragijowarricemaizebajraragijowarricemaizebajraragijowarricemaizebajraragijowarricemaizebajraragijowarricemaizebajraragijowarricemaizebajraragijowarricemaizebajraragijowarricemaizebajraragijowarricemaizebajraragijowarricemaizebajraragijowarricemaizebajraragijowarricemaizebajraragijowarricemaizebajraragijowarricemaizebajraragijowarricemaizebajraragijowarricemaizebajraragijowarricemaizebajraragijowarricemaizebajraragijowarricemaizebajraragijowarricemaizebajraragijowarricemaizebajraragijowarricemaizebajraragijowarricemaizebajraragijowarricemaizebajraragijowarricemaizebajraragijowarricemaizebajraragijowarricemaizebajraragijowarricemaizebajraragijowarricemaizebajraragijowarricemaizebajraragijowarricemaizebajraragijowarricemaizebajraragijowarricemaizebajraragijowarricemaizebajraragijowarricemaizebajraragijowarricemaizebajraragijowarricemaizebajraragijowarricemaizebajraragijowarricemaizebajraragijowarricemaizebajraragijowarricemaizebajraragijowarricemaizebajraragijowarricemaizebajraragijowarricemaizebajraragijowarricemaizebajraragijowarricemaizebajraragijowarricemaizebajraragijowarricemaizebajraragijowarricemaizebajraragijowarricemaizebajraragijowarricemaizebajraragijowarricemaizebajraragijowarricemaizebajraragijowarricemaizebajraragijowarricemaizebajraragijowarricemaizebajraragijowarricemaizebajraragijowarricemaizebajraragijowarricemaizebajraragijowarricemaizebajraragijowarricemaizebajraragijowarricemaizebajraragijowarricemaizebajraragijowarricemaizebajraragijowarricemaizebajraragijowarricemaizebajraragijowarricemaizebajraragijowarricemaizebajraragijowarricemaizebajraragijowarricemaizebajraragijowarricemaizebajraragijowarricemaizebajraragijowarricemaizebajraragijowarricemaizebajraragijowarricemaizebajraragijowarricemaizebajraragijowarricemaizebajraragijowarricemaizebajraragijowarricemaizebajraragijowarricemaizebajraragijowarricemaizebajraragijowarricemaizebajraragijowarricemaizebajraragijowarricemaizebajraragijowarricemaizebajraragijowarricemaizebajraragijowarricemaizebajraragijowarricemaizebajraragijowarricemaizebajraragijowarricemaizebajraragijowarricemaizebajraragijowarricemaizebajraragijowarricemaizebajraragijowarricemaizebajraragijowarricemaizebajraragijowarricemaizebajraragijowarricemaizebajraragijowarricemaizebajraragijowarricemaizebajraragijowarricemaizebajraragijowarricemaizebajraragijowarricemaizebajraragijowarricemaizebajraragijowarricemaizebajraragijowarricemaizebajraragijowarricemaizebajraragijowarricemaizebajraragijowarricemaizebajraragijowarricemaizebajraragijowarricemaizebajraragijowarricemaizebajraragijowarricemaizebajraragijowarricemaizebajraragijowarricemaizebajraragijowarricemaizebajraragijowarricemaizebajraragijowarricemaizebajraragijowarricemaizebajraragijowarricemaizebajraragijowarricemaizebajraragijowarricemaizebajraragijowarricemaizebajraragijowarricemaizebajraragijowarricemaizebajraragijowarricemaizebajraragijowarricemaizebajraragijowarricemaizebajraragijowarricemaizebajraragijowarricemaizebajraragijowarricemaizebajraragijowarricemaizebajraragijowarricemaizebajraragijowarricemaizebajraragijowarricemaizebajraragijowarricemaizebajraragijowarricemaizebajraragijowarricemaizebajraragijowarricemaizebajraragijowarricemaizebajraragijowarricemaizebajraragijowarricemaizebajraragijowarricemaizebajraragijowarricemaizebajraragijowarricemaizebajraragijowarricemaizebajraragijowarricemaizebajraragijowarricemaizebajraragijowarricemaizebajraragijowarricemaizebajraragijowarricemaizebajraragijowarricemaizebajraragijowarricemaizebajraragijowarricemaizebajraragijowarricemaizebajraragijowarricemaizebajraragijowarricemaizebajraragijowarricemaizebajraragijowarricemaizebajraragijowarricemaizebajraragijowarricemaizebajraragijowarricemaizebajraragijowarricemaizebajraragijowarricemaizebajraragijowarricemaizebajraragijowarricemaizebajraragijowarricemaizebajraragijowarricemaizebajraragijowarricemaizebajraragijowarricemaizebajraragijowarricemaizebajraragijowarricemaizebajraragijowarricemaizebajraragijowarricemaizebajraragijowarricemaizebajraragijowarricemaizebajraragijowarricemaizebajraragijowarricemaizebajraragijowarricemaizebajraragijowarricemaizebajraragijowarricemaizebajraragijowarricemaizebajraragijowarricemaizebajraragijowarricemaizebajraragijowarricemaizebajraragijowarricemaizebajraragijowarricemaizebajraragijowarricemaizebajraragijowarricemaizebajraragijowarricemaizebajraragijowarricemaizebajraragijowarricemaizebajraragijowarricemaizebajraragijowarricemaizebajraragijowarricemaizebajraragijowarricemaizebajraragijowarricemaizebajraragijowarricemaizebajraragijowarricemaizebajraragijowarricemaizebajraragijowarricemaizebajraragijowarricemaizebajraragijowarricemaizebajraragijowarricemaizebajraragijowarricemaizebajraragijowarricemaizebajraragijowarricemaizebajraragijowarricemaizebajraragijowarricemaizebajraragijowarricemaizebajraragijowarricemaizebajraragijowarricemaizebajraragijowarricemaizebajraragijowarricemaizebajraragijowarricemaizebajraragijowarricemaizebajraragijowarricemaizebajraragijowarricemaizebajraragijowarricemaizebajraragijowarricemaizebajraragijowarricemaizebajraragijowarricemaizebajraragijowarricemaizebajraragijowarricemaizebajraragijowarricemaizebajraragijowarricemaizebajraragijowarricemaizebajraragijowarricemaizebajraragijowarricemaizebajraragijowarricemaizebajraragijowarricemaizebajraragijowarricemaizebajraragijowarricemaizebajraragijowarricemaizebajraragijowarricemaizebajraragijowarricemaizebajraragijowarricemaizebajraragijowarricemaizebajraragijowarricemaizebajraragijowarricemaizebajraragijowarricemaizebajraragijowarricemaizebajraragijowarricemaizebajraragijowarricemaizebajraragijowarricemaizebajraragijowarricemaizebajraragijowarricemaizebajraragijowarricemaizebajraragijowarricemaizebajraragijowarricemaizebajraragijowarricemaizebajraragijowarricemaizebajraragijowarricemaizebajraragijowarricemaizebajraragijowarricemaizebajraragijowarricemaizebajraragijowarricemaizebajraragijowarricemaizebajraragijowarricemaizebajraragijowarricemaizebajraragijowarricemaizebajraragijowarricemaizebajraragijowarricemaizebajraragijowarricemaizebajraragijowarricemaizebajraragijowarricemaizebajraragijowarricemaizebajraragijowarricemaizebajraragijowarricemaizebajraragijowarricemaizebajraragijowarricemaizebajraragijowarricemaizebajraragijowarricemaizebajraragijowarricemaizebajraragijowarricemaizebajraragijowarricemaizebajraragijowarricemaizebajraragijowarricemaizebajraragijowarricemaizebajraragijowarricemaizebajraragijowarricemaizebajraragijowarricemaizebajraragijowarricemaizebajraragijowarricemaizebajraragijowarricemaizebajraragijowarricemaizebajraragijowarricemaizebajraragijowarricemaizebajraragijowarricemaizebajraragijowarricemaizebajraragijowarricemaizebajraragijowarricemaizebajraragijowarricemaizebajraragijowarricemaizebajraragijowarricemaizebajraragijowarricemaizebajraragijowarricemaizebajraragijowarricemaizebajraragijowarricemaizebajraragijowarricemaizebajraragijowarricemaizebajraragijowarricemaizebajraragijowarricemaizebajraragijowarricemaizebajraragijowarricemaizebajraragijowarricemaizebajraragijowarricemaizebajraragijowarricemaizebajraragijowarricemaizebajraragijowarricemaizebajraragijowarricemaizebajraragijowarricemaizebajraragijowarricemaizebajraragijowarricemaizebajraragijowarricemaizebajraragijowarricemaizebajraragijowarricemaizebajraragijowarricemaizebajraragijowarricemaizebajraragijowarricemaizebajraragijowarricemaizebajraragijowarricemaizebajraragijowarricemaizebajraragijowarricemaizebajraragijowarricemaizebajraragijowarricemaizebajraragijowarricemaizebajraragijowarricemaizebajraragijowarricemaizebajraragijowarricemaizebajraragijowarricemaizebajraragijowarricemaizebajraragijowarricemaizebajraragijowarricemaizebajraragijowarricemaizebajraragijowarricemaizebajraragijowarricemaizebajraragijowarricemaizebajraragijowarricemaizebajraragijowarricemaizebajraragijowarricemaizebajraragijowarricemaizebajraragijowarricemaizebajraragijowarricemaizebajraragijowarricemaizebajraragijowarricemaizebajraragijowarricemaizebajraragijowarricemaizebajraragijowarricemaizebajraragijowarricemaizebajraragijowarricemaizebajraragijowarricemaizebajraragijowarricemaizebajraragijowarricemaizebajraragijowarricemaizebajraragijowarricemaizebajraragijowarricemaizebajraragijowarricemaizebajraragijowarricemaizebajraragijowarricemaizebajraragijowarricemaizebajraragijowarricemaizebajraragijowarricemaizebajraragijowarricemaizebajraragijowarricemaizebajraragijowarricemaizebajraragijowarricemaizebajraragijowarricemaizebajraragijowarricemaizebajraragijowarricemaizebajraragijowarricemaizebajraragijowarricemaizebajraragijowarricemaizebajraragijowarricemaizebajraragijowarricemaizebajraragijowarricemaizebajraragijowarricemaizebajraragijowarricemaizebajraragijowarricemaizebajraragijowarricemaizebajraragijowarricemaizebajraragijowarricemaizebajraragijowarricemaizebajraragijowarricemaizebajraragijowarricemaizebajraragijowarricemaizebajraragijowarricemaizebajraragijowarricemaizebajraragijowarricemaizebajraragijowarricemaizebajraragijowarricemaizebajraragijowarricemaizebajraragijowarricemaizebajraragijowarricemaizebajraragijowarricemaizebajraragijowarricemaizebajraragijowarricemaizebajraragijowarricemaizebajraragijowarricemaizebajraragijowarricemaizebajraragijowarricemaizebajraragijowarricemaizebajraragijowarricemaizebajraragijowarricemaizebajraragijowarricemaizebajraragijowarricemaizebajraragijowarricemaizebajraragijowarricemaizebajraragijowarricemaizebajraragijowarricemaizebajraragijowarricemaizebajraragijowarricemaizebajraragijowarricemaizebajraragijowarricemaizebajraragijowarricemaizebajraragijowarricemaizebajraragijowarricemaizebajraragijowarricemaizebajraragijowarricemaizebajraragijowarricemaizebajraragijowarricemaizebajraragijowarricemaizebajraragijowarricemaizebajraragijowarricemaizebajraragijowarricemaizebajraragijowarricemaizebajraragijowarricemaizebajraragijowarricemaizebajraragijowarricemaizebajraragijowarricemaizebajraragijowarricemaizebajraragijowarricemaizebajraragijowarricemaizebajraragijowarricemaizebajraragijowarricemaizebajraragijowarricemaizebajraragijowarricemaizebajraragijowarricemaizebajraragijowarricemaizebajraragijowarricemaizebajraragijowarricemaizebajraragijowarricemaizebajraragijowarricemaizebajraragijowarricemaizebajraragijowarricemaizebajraragijowarricemaizebajraragijowarricemaizebajraragijowarricemaizebajraragijowarricemaizebajraragijowarricemaizebajraragijowarricemaizebajraragijowarricemaizebajraragijowarricemaizebajraragijowarricemaizebajraragijowarricemaizebajraragijowarricemaizebajraragijowarricemaizebajraragijowarricemaizebajraragijowarricemaizebajraragijowarricemaizebajraragijowarricemaizebajraragijowarricemaizebajraragijowarricemaizebajraragijowarricemaizebajraragijowarricemaizebajraragijowarricemaizebajraragijowarricemaizebajraragijowarricemaizebajraragijowarricemaizebajraragijowarricemaizebajraragijowarricemaizebajraragijowarricemaizebajraragijowarricemaizebajraragijowarricemaizebajraragijowarricemaizebajraragijowarricemaizebajraragijowarricemaizebajraragijowarricemaizebajraragijowarricemaizebajraragijowarricemaizebajraragijowarricemaizebajraragijowarricemaizebajraragijowarricemaizebajraragijowarricemaizebajraragijowarricemaizebajraragijowarricemaizebajraragijowarricemaizebajraragijowarricemaizebajraragijowarricemaizebajraragijowarricemaizebajraragijowarricemaizebajraragijowarricemaizebajraragijowarricemaizebajraragijowarricemaizebajraragijowarricemaizebajraragijowarricemaizebajraragijowarricemaizebajraragijowarricemaizebajraragijowarricemaizebajraragijowarricemaizebajraragijowarricemaizebajraragijowarricemaizebajraragijowarricemaizebajraragijowarricemaizebajraragijowarricemaizebajraragijowarricemaizebajraragijowarricemaizebajraragijowarricemaizebajraragijowarricemaizebajraragijowarricemaizebajraragijowarricemaizebajraragijowarricemaizebajraragijowarricemaizebajraragijowarricemaizebajraragijowarricemaizebajraragijowar,588847.0,588847.0,83394.251717,1219382419.4343235,1217489792.026007,66128488.715339966,72522168.1097435,23121006.59072697,26673134.877213053,50326007.654803045,57033102.67261898,19296900.251440555,22925857.779538628,4257155550891.3477,4257155551611.9146,2118195.264511982,2517636.20818108,26496643.0302538,30027928.55713389,1278280.5944319973,1448640.807884522,2205560613.971748,2958719728.3358316,195399722.7309389,157839410.85583788,588847.0,25.455574826876465,11.760003758371614,15.829102505106372,8.816172435341926,13.31725086997808,1.692601752027635e-08,-23.796535777370977,15.865713337419889,11.760003758371615,11.760003758371615
12,jharkhand,ariyalurariyalurariyalurariyalurariyalurcoimbatorecoimbatorecoimbatorecoimbatorecoimbatorecuddalorecuddalorecuddalorecuddalorecuddaloredharmapuridharmapuridharmapuridharmapuridharmapuridindiguldindiguldindiguldindiguldindigulerodeerodeerodeerodeerodekancheepuramkancheepuramkancheepuramkancheepuramkancheepuramkanniyakumarikanniyakumarikanniyakumarikanniyakumarikanniyakumarikarurkarurkarurkarurkarurkrishnagirikrishnagirikrishnagirikrishnagirikrishnagirimaduraimaduraimaduraimaduraimadurainagappattinamnagappattinamnagappattinamnagappattinamnagappattinamnamakkalnamakkalnamakkalnamakkalnamakkalperambalurperambalurperambalurperambalurperambalurpudukkottaipudukkottaipudukkottaipudukkottaipudukkottairamanathapuramramanathapuramramanathapuramramanathapuramramanathapuramsalemsalemsalemsalemsalemsivagangasivagangasivagangasivagangasivagangathanjavurthanjavurthanjavurthanjavurthanjavurthe nilgiristhe nilgiristhe nilgiristhe nilgiristhe nilgiristhenithenithenithenithenithiruvallurthiruvallurthiruvallurthiruvallurthiruvallurthiruvarurthiruvarurthiruvarurthiruvarurthiruvarurtiruchirappallitiruchirappallitiruchirappallitiruchirappallitiruchirappallitirunelvelitirunelvelitirunelvelitirunelvelitirunelvelitiruppurtiruppurtiruppurtiruppurtiruppurtiruvannamalaitiruvannamalaitiruvannamalaitiruvannamalaitiruvannamalaituticorintuticorintuticorintuticorintuticorinvellorevellorevellorevellorevelloreviluppuramviluppuramviluppuramviluppuramviluppuramvirudhunagarvirudhunagarvirudhunagarvirudhunagarvirudhunagaramritsaramritsaramritsaramritsaramritsarbarnalabarnalabarnalabarnalabarnalabathindabathindabathindabathindabathindafaridkotfaridkotfaridkotfaridkotfaridkotfatehgarh sahibfatehgarh sahibfatehgarh sahibfatehgarh sahibfatehgarh sahibfazilkafazilkafazilkafazilkafazilkafirozpurfirozpurfirozpurfirozpurfirozpurgurdaspurgurdaspurgurdaspurgurdaspurgurdaspurhoshiarpurhoshiarpurhoshiarpurhoshiarpurhoshiarpurjalandharjalandharjalandharjalandharjalandharkapurthalakapurthalakapurthalakapurthalakapurthalaludhianaludhianaludhianaludhianaludhianamansamansamansamansamansamogamogamogamogamogamuktsarmuktsarmuktsarmuktsarmuktsarpathankotpathankotpathankotpathankotpathankotpatialapatialapatialapatialapatialarupnagarrupnagarrupnagarrupnagarrupnagarsangrursangrursangrursangrursangrurshahid bhagat singh nagarshahid bhagat singh nagarshahid bhagat singh nagarshahid bhagat singh nagarshahid bhagat singh nagartarn tarantarn tarantarn tarantarn tarantarn taranambalaambalaambalaambalaambalabhiwanibhiwanibhiwanibhiwanibhiwanicharki dadricharki dadricharki dadricharki dadricharki dadrifaridabadfaridabadfaridabadfaridabadfaridabadfatehabadfatehabadfatehabadfatehabadfatehabadgurgaongurgaongurgaongurgaongurgaonhisarhisarhisarhisarhisarjhajjarjhajjarjhajjarjhajjarjhajjarjindjindjindjindjindkaithalkaithalkaithalkaithalkaithalkarnalkarnalkarnalkarnalkarnalkurukshetrakurukshetrakurukshetrakurukshetrakurukshetramewatmewatmewatmewatmewatpalwalpalwalpalwalpalwalpalwalpanchkulapanchkulapanchkulapanchkulapanchkulapanipatpanipatpanipatpanipatpanipatrewarirewarirewarirewarirewarirohtakrohtakrohtakrohtakrohtaksirsasirsasirsasirsasirsasonipatsonipatsonipatsonipatsonipatyamunanagaryamunanagaryamunanagaryamunanagaryamunanagaranantapuranantapuranantapuranantapuranantapurchittoorchittoorchittoorchittoorchittooreast godavarieast godavarieast godavarieast godavarieast godavarigunturgunturgunturgunturgunturkadapakadapakadapakadapakadapakrishnakrishnakrishnakrishnakrishnakurnoolkurnoolkurnoolkurnoolkurnoolprakasamprakasamprakasamprakasamprakasamnellorenellorenellorenellorenelloresrikakulamsrikakulamsrikakulamsrikakulamsrikakulamvisakhapatnamvisakhapatnamvisakhapatnamvisakhapatnamvisakhapatnamvizianagaramvizianagaramvizianagaramvizianagaramvizianagaramwest godavariwest godavariwest godavariwest godavariwest godavariballariballariballariballariballaribangalore ruralbangalore ruralbangalore ruralbangalore ruralbangalore ruralbelagavibelagavibelagavibelagavibelagavibengaluru urbanbengaluru urbanbengaluru urbanbengaluru urbanbengaluru urbanbidarbidarbidarbidarbidarchamarajanagarachamarajanagarachamarajanagarachamarajanagarachamarajanagarachikkaballapurachikkaballapurachikkaballapurachikkaballapurachikkaballapurachikmagalurchikmagalurchikmagalurchikmagalurchikmagalurchitradurgachitradurgachitradurgachitradurgachitradurgadakshina kannadadakshina kannadadakshina kannadadakshina kannadadakshina kannadadavangeredavangeredavangeredavangeredavangeredharwaddharwaddharwaddharwaddharwadgadaggadaggadaggadaggadaghassanhassanhassanhassanhassanhaverihaverihaverihaverihaverikalaburagikalaburagikalaburagikalaburagikalaburagikodagukodagukodagukodagukodagukolarkolarkolarkolarkolarkoppalkoppalkoppalkoppalkoppalmandyamandyamandyamandyamandyamysurumysurumysurumysurumysururaichurraichurraichurraichurraichurramanagararamanagararamanagararamanagararamanagarashivamoggashivamoggashivamoggashivamoggashivamoggatumakurutumakurutumakurutumakurutumakuruudupiudupiudupiudupiudupiuttara kannadauttara kannadauttara kannadauttara kannadauttara kannadavijayapuravijayapuravijayapuravijayapuravijayapurayadgiryadgiryadgiryadgiryadgiralmoraalmoraalmoraalmoraalmorabageshwarbageshwarbageshwarbageshwarbageshwarchamolichamolichamolichamolichamolichampawatchampawatchampawatchampawatchampawatdehradundehradundehradundehradundehradunhardwarhardwarhardwarhardwarhardwarnainitalnainitalnainitalnainitalnainitalpauri garhwalpauri garhwalpauri garhwalpauri garhwalpauri garhwalpithoragarhpithoragarhpithoragarhpithoragarhpithoragarhrudra prayagrudra prayagrudra prayagrudra prayagrudra prayagtehri garhwaltehri garhwaltehri garhwaltehri garhwaltehri garhwaludham singh nagarudham singh nagarudham singh nagarudham singh nagarudham singh nagaruttar kashiuttar kashiuttar kashiuttar kashiuttar kashispsr nellorespsr nellorespsr nellorespsr nellorespsr nellorevisakhapatanamvisakhapatanamvisakhapatanamvisakhapatanamvisakhapatanamparaganas northparaganas northparaganas northparaganas northparaganas northparaganas southparaganas southparaganas southparaganas southparaganas southalipurduaralipurduaralipurduaralipurduaralipurduarbankurabankurabankurabankurabankurabirbhumbirbhumbirbhumbirbhumbirbhumcoochbeharcoochbeharcoochbeharcoochbeharcoochbehardarjeelingdarjeelingdarjeelingdarjeelingdarjeelingdakshin dinajpurdakshin dinajpurdakshin dinajpurdakshin dinajpurdakshin dinajpuruttar dinajpuruttar dinajpuruttar dinajpuruttar dinajpuruttar dinajpurhooghlyhooghlyhooghlyhooghlyhooghlyhowrahhowrahhowrahhowrahhowrahjalpaigurijalpaigurijalpaigurijalpaigurijalpaigurijhargramjhargramjhargramjhargramjhargramkalimpongkalimpongkalimpongkalimpongkalimpongmaldahmaldahmaldahmaldahmaldahmedinipur eastmedinipur eastmedinipur eastmedinipur eastmedinipur eastmedinipur westmedinipur westmedinipur westmedinipur westmedinipur westmurshidabadmurshidabadmurshidabadmurshidabadmurshidabadnadianadianadianadianadiabarddhamanbarddhamanbarddhamanbarddhamanbarddhamanpuruliyapuruliyapuruliyapuruliyapuruliyaalappuzhaalappuzhaalappuzhaalappuzhaalappuzhaernakulamernakulamernakulamernakulamernakulamidukkiidukkiidukkiidukkiidukkikannurkannurkannurkannurkannurkasaragodkasaragodkasaragodkasaragodkasaragodkollamkollamkollamkollamkollamkottayamkottayamkottayamkottayamkottayamkozhikodekozhikodekozhikodekozhikodekozhikodemalappurammalappurammalappurammalappurammalappurampalakkadpalakkadpalakkadpalakkadpalakkadpathanamthittapathanamthittapathanamthittapathanamthittapathanamthittathiruvananthapuramthiruvananthapuramthiruvananthapuramthiruvananthapuramthiruvananthapuramthrissurthrissurthrissurthrissurthrissurwayanadwayanadwayanadwayanadwayanadbagalkotbagalkotbagalkotbagalkotbagalkotchikballapurachikballapurachikballapurachikballapurachikballapurachikkamagaluruchikkamagaluruchikkamagaluruchikkamagaluruchikkamagalurudavanageredavanageredavanageredavanageredavanagereyadagiriyadagiriyadagiriyadagiriyadagiriagraagraagraagraagraaligarhaligarhaligarhaligarhaligarhallahabadallahabadallahabadallahabadallahabadambedkar nagarambedkar nagarambedkar nagarambedkar nagarambedkar nagaramethiamethiamethiamethiamethiamrohaamrohaamrohaamrohaamrohaauraiyaauraiyaauraiyaauraiyaauraiyaazamgarhazamgarhazamgarhazamgarhazamgarhbaghpatbaghpatbaghpatbaghpatbaghpatbahraichbahraichbahraichbahraichbahraichballiaballiaballiaballiaballiabalrampurbalrampurbalrampurbalrampurbalrampurbandabandabandabandabandabarabankibarabankibarabankibarabankibarabankibareillybareillybareillybareillybareillybastibastibastibastibastibijnorbijnorbijnorbijnorbijnorbudaunbudaunbudaunbudaunbudaunbulandshahrbulandshahrbulandshahrbulandshahrbulandshahrchandaulichandaulichandaulichandaulichandaulichitrakootchitrakootchitrakootchitrakootchitrakootdeoriadeoriadeoriadeoriadeoriaetahetahetahetahetahetawahetawahetawahetawahetawahfaizabadfaizabadfaizabadfaizabadfaizabadfarrukhabadfarrukhabadfarrukhabadfarrukhabadfarrukhabadfatehpurfatehpurfatehpurfatehpurfatehpurfirozabadfirozabadfirozabadfirozabadfirozabadkanpur nagarkanpur nagarkanpur nagarkanpur nagarkanpur nagarghaziabadghaziabadghaziabadghaziabadghaziabadghazipurghazipurghazipurghazipurghazipurgondagondagondagondagondagorakhpurgorakhpurgorakhpurgorakhpurgorakhpurhamirpurhamirpurhamirpurhamirpurhamirpurhapurhapurhapurhapurhapurhardoihardoihardoihardoihardoihathrashathrashathrashathrashathrasjalaunjalaunjalaunjalaunjalaunjaunpurjaunpurjaunpurjaunpurjaunpurjhansijhansijhansijhansijhansikannaujkannaujkannaujkannaujkannaujkanpur dehatkanpur dehatkanpur dehatkanpur dehatkanpur dehatkasganjkasganjkasganjkasganjkasganjkaushambikaushambikaushambikaushambikaushambilakhimpur kherilakhimpur kherilakhimpur kherilakhimpur kherilakhimpur kherikushinagarkushinagarkushinagarkushinagarkushinagarlalitpurlalitpurlalitpurlalitpurlalitpurlucknowlucknowlucknowlucknowlucknowmaharajganjmaharajganjmaharajganjmaharajganjmaharajganjmahobamahobamahobamahobamahobamainpurimainpurimainpurimainpurimainpurimathuramathuramathuramathuramathuramaumaumaumaumaumeerutmeerutmeerutmeerutmeerutmirzapurmirzapurmirzapurmirzapurmirzapurmoradabadmoradabadmoradabadmoradabadmoradabadmuzaffarnagarmuzaffarnagarmuzaffarnagarmuzaffarnagarmuzaffarnagarpilibhitpilibhitpilibhitpilibhitpilibhitpratapgarhpratapgarhpratapgarhpratapgarhpratapgarhrae barelirae barelirae barelirae barelirae barelirampurrampurrampurrampurrampursaharanpursaharanpursaharanpursaharanpursaharanpursambhalsambhalsambhalsambhalsambhalsant kabeer nagarsant kabeer nagarsant kabeer nagarsant kabeer nagarsant kabeer nagarsant ravi das nagarsant ravi das nagarsant ravi das nagarsant ravi das nagarsant ravi das nagarshahajahanpurshahajahanpurshahajahanpurshahajahanpurshahajahanpurshamlishamlishamlishamlishamlishravastishravastishravastishravastishravastisiddharth nagarsiddharth nagarsiddharth nagarsiddharth nagarsiddharth nagarsitapursitapursitapursitapursitapursonbhadrasonbhadrasonbhadrasonbhadrasonbhadrasultanpursultanpursultanpursultanpursultanpurunnaounnaounnaounnaounnaovaranasivaranasivaranasivaranasivaranasiahmednagarahmednagarahmednagarahmednagarahmednagaramravatiamravatiamravatiamravatiamravatibeedbeedbeedbeedbeedbhandarabhandarabhandarabhandarabhandarachandrapurchandrapurchandrapurchandrapurchandrapurdhuledhuledhuledhuledhulegadchiroligadchiroligadchiroligadchiroligadchiroligondiagondiagondiagondiagondiakolhapurkolhapurkolhapurkolhapurkolhapurlaturlaturlaturlaturlaturnagpurnagpurnagpurnagpurnagpurnandednandednandednandednandednandurbarnandurbarnandurbarnandurbarnandurbarnashiknashiknashiknashiknashikosmanabadosmanabadosmanabadosmanabadosmanabadpalgharpalgharpalgharpalgharpalgharpunepunepunepunepuneraigadraigadraigadraigadraigadratnagiriratnagiriratnagiriratnagiriratnagirisanglisanglisanglisanglisanglisatarasatarasatarasatarasatarasindhudurgsindhudurgsindhudurgsindhudurgsindhudurgsolapursolapursolapursolapursolapurthanethanethanethanethaneanantnaganantnaganantnaganantnaganantnagbadgambadgambadgambadgambadgambandiporabandiporabandiporabandiporabandiporabaramullabaramullabaramullabaramullabaramulladodadodadodadodadodaganderbalganderbalganderbalganderbalganderbaljammujammujammujammujammukathuakathuakathuakathuakathuakishtwarkishtwarkishtwarkishtwarkishtwarkulgamkulgamkulgamkulgamkulgamkupwarakupwarakupwarakupwarakupwarapoonchpoonchpoonchpoonchpoonchpulwamapulwamapulwamapulwamapulwamarajaurirajaurirajaurirajaurirajaurirambanrambanrambanrambanrambanreasireasireasireasireasisambasambasambasambasambashopianshopianshopianshopianshopiansrinagarsrinagarsrinagarsrinagarsrinagarudhampurudhampurudhampurudhampurudhampurahmadabadahmadabadahmadabadahmadabadahmadabadanandanandanandanandanandaravalliaravalliaravalliaravalliaravallibharuchbharuchbharuchbharuchbharuchchhotaudepurchhotaudepurchhotaudepurchhotaudepurchhotaudepurdangdangdangdangdangdohaddohaddohaddohaddohadgandhinagargandhinagargandhinagargandhinagargandhinagarkhedakhedakhedakhedakhedamahesanamahesanamahesanamahesanamahesanamahisagarmahisagarmahisagarmahisagarmahisagarnarmadanarmadanarmadanarmadanarmadanavsarinavsarinavsarinavsarinavsaripanch mahalspanch mahalspanch mahalspanch mahalspanch mahalssabar kanthasabar kanthasabar kanthasabar kanthasabar kanthasuratsuratsuratsuratsuratsurendranagarsurendranagarsurendranagarsurendranagarsurendranagartapitapitapitapitapivadodaravadodaravadodaravadodaravadodaravalsadvalsadvalsadvalsadvalsadajmerajmerajmerajmerajmeralwaralwaralwaralwaralwarbanswarabanswarabanswarabanswarabanswarabaranbaranbaranbaranbaranbharatpurbharatpurbharatpurbharatpurbharatpurbhilwarabhilwarabhilwarabhilwarabhilwarabundibundibundibundibundichittorgarhchittorgarhchittorgarhchittorgarhchittorgarhdholpurdholpurdholpurdholpurdholpurdungarpurdungarpurdungarpurdungarpurdungarpurganganagarganganagarganganagarganganagarganganagarhanumangarhhanumangarhhanumangarhhanumangarhhanumangarhjhalawarjhalawarjhalawarjhalawarjhalawarkaraulikaraulikaraulikaraulikaraulikotakotakotakotakotarajsamandrajsamandrajsamandrajsamandrajsamandsawai madhopursawai madhopursawai madhopursawai madhopursawai madhopurtonktonktonktonktonkudaipurudaipurudaipurudaipurudaipurarariaarariaarariaarariaarariaarwalarwalarwalarwalarwalaurangabadaurangabadaurangabadaurangabadaurangabadbankabankabankabankabankabegusaraibegusaraibegusaraibegusaraibegusaraibhagalpurbhagalpurbhagalpurbhagalpurbhagalpurbhojpurbhojpurbhojpurbhojpurbhojpurbuxarbuxarbuxarbuxarbuxardarbhangadarbhangadarbhangadarbhangadarbhangagayagayagayagayagayagopalganjgopalganjgopalganjgopalganjgopalganjjamuijamuijamuijamuijamuijehanabadjehanabadjehanabadjehanabadjehanabadkaimurkaimurkaimurkaimurkaimurkatiharkatiharkatiharkatiharkatiharkhagariakhagariakhagariakhagariakhagariakishanganjkishanganjkishanganjkishanganjkishanganjlakhisarailakhisarailakhisarailakhisarailakhisaraimadhepuramadhepuramadhepuramadhepuramadhepuramadhubanimadhubanimadhubanimadhubanimadhubanimungermungermungermungermungermuzaffarpurmuzaffarpurmuzaffarpurmuzaffarpurmuzaffarpurnalandanalandanalandanalandanalandanawadanawadanawadanawadanawadapashchim champaranpashchim champaranpashchim champaranpashchim champaranpashchim champaranpatnapatnapatnapatnapatnapurbi champaranpurbi champaranpurbi champaranpurbi champaranpurbi champaranpurniapurniapurniapurniapurniarohtasrohtasrohtasrohtasrohtassaharsasaharsasaharsasaharsasaharsasamastipursamastipursamastipursamastipursamastipursaransaransaransaransaransheikhpurasheikhpurasheikhpurasheikhpurasheikhpurasheoharsheoharsheoharsheoharsheoharsitamarhisitamarhisitamarhisitamarhisitamarhisiwansiwansiwansiwansiwansupaulsupaulsupaulsupaulsupaulvaishalivaishalivaishalivaishalivaishalidinajpur dakshindinajpur dakshindinajpur dakshindinajpur dakshindinajpur dakshindinajpur uttardinajpur uttardinajpur uttardinajpur uttardinajpur uttarpaschim bardhamanpaschim bardhamanpaschim bardhamanpaschim bardhamanpaschim bardhamanpurba bardhamanpurba bardhamanpurba bardhamanpurba bardhamanpurba bardhamanpuruliapuruliapuruliapuruliapurulianagapattinamnagapattinamnagapattinamnagapattinamnagapattinamvirudunagarvirudunagarvirudunagarvirudunagarvirudunagaranugulanugulanugulanugulanugulbalangirbalangirbalangirbalangirbalangirbaleshwarbaleshwarbaleshwarbaleshwarbaleshwarbargarhbargarhbargarhbargarhbargarhbhadrakbhadrakbhadrakbhadrakbhadrakboudhboudhboudhboudhboudhcuttackcuttackcuttackcuttackcuttackdeogarhdeogarhdeogarhdeogarhdeogarhdhenkanaldhenkanaldhenkanaldhenkanaldhenkanalgajapatigajapatigajapatigajapatigajapatiganjamganjamganjamganjamganjamjagatsinghapurjagatsinghapurjagatsinghapurjagatsinghapurjagatsinghapurjajapurjajapurjajapurjajapurjajapurjharsugudajharsugudajharsugudajharsugudajharsugudakalahandikalahandikalahandikalahandikalahandikandhamalkandhamalkandhamalkandhamalkandhamalkendraparakendraparakendraparakendraparakendraparakendujharkendujharkendujharkendujharkendujharkhordhakhordhakhordhakhordhakhordhakoraputkoraputkoraputkoraputkoraputmalkangirimalkangirimalkangirimalkangirimalkangirimayurbhanjmayurbhanjmayurbhanjmayurbhanjmayurbhanjnabarangpurnabarangpurnabarangpurnabarangpurnabarangpurnayagarhnayagarhnayagarhnayagarhnayagarhnuapadanuapadanuapadanuapadanuapadapuripuripuripuripurirayagadarayagadarayagadarayagadarayagadasambalpursambalpursambalpursambalpursambalpursonepursonepursonepursonepursonepursundargarhsundargarhsundargarhsundargarhsundargarhbaksabaksabaksabaksabaksabarpetabarpetabarpetabarpetabarpetabongaigaonbongaigaonbongaigaonbongaigaonbongaigaoncacharcacharcacharcacharcacharchirangchirangchirangchirangchirangdarrangdarrangdarrangdarrangdarrangdhemajidhemajidhemajidhemajidhemajidhubridhubridhubridhubridhubridibrugarhdibrugarhdibrugarhdibrugarhdibrugarhdima hasaodima hasaodima hasaodima hasaodima hasaogoalparagoalparagoalparagoalparagoalparagolaghatgolaghatgolaghatgolaghatgolaghathailakandihailakandihailakandihailakandihailakandijorhatjorhatjorhatjorhatjorhatkamrupkamrupkamrupkamrupkamrupkarbi anglongkarbi anglongkarbi anglongkarbi anglongkarbi anglongkarimganjkarimganjkarimganjkarimganjkarimganjkokrajharkokrajharkokrajharkokrajharkokrajharlakhimpurlakhimpurlakhimpurlakhimpurlakhimpurmorigaonmorigaonmorigaonmorigaonmorigaonnagaonnagaonnagaonnagaonnagaonnalbarinalbarinalbarinalbarinalbarisivasagarsivasagarsivasagarsivasagarsivasagarsonitpursonitpursonitpursonitpursonitpurtinsukiatinsukiatinsukiatinsukiatinsukiaudalguriudalguriudalguriudalguriudalguribokarobokarobokarobokarobokarochatrachatrachatrachatrachatradeoghardeoghardeoghardeoghardeoghardhanbaddhanbaddhanbaddhanbaddhanbaddumkadumkadumkadumkadumkaeast singhbumeast singhbumeast singhbumeast singhbumeast singhbumgarhwagarhwagarhwagarhwagarhwagiridihgiridihgiridihgiridihgiridihgoddagoddagoddagoddagoddagumlagumlagumlagumlagumlahazaribaghhazaribaghhazaribaghhazaribaghhazaribaghjamtarajamtarajamtarajamtarajamtarakhuntikhuntikhuntikhuntikhuntikodermakodermakodermakodermakodermalateharlateharlateharlateharlateharlohardagalohardagalohardagalohardagalohardagapakurpakurpakurpakurpakurpalamupalamupalamupalamupalamuramgarhramgarhramgarhramgarhramgarhranchiranchiranchiranchiranchisahibganjsahibganjsahibganjsahibganjsahibganjsaraikelakharsawansaraikelakharsawansaraikelakharsawansaraikelakharsawansaraikelakharsawansimdegasimdegasimdegasimdegasimdegawest singhbhumwest singhbhumwest singhbhumwest singhbhumwest singhbhumbilaspurbilaspurbilaspurbilaspurbilaspurchambachambachambachambachambakangrakangrakangrakangrakangrakinnaurkinnaurkinnaurkinnaurkinnaurkullukullukullukullukullumandimandimandimandimandishimlashimlashimlashimlashimlasirmaursirmaursirmaursirmaursirmaursolansolansolansolansolanunaunaunaunaunakaimur (bhabua)kaimur (bhabua)kaimur (bhabua)kaimur (bhabua)kaimur (bhabua)baloda bazarbaloda bazarbaloda bazarbaloda bazarbaloda bazaruttar bastar kankeruttar bastar kankeruttar bastar kankeruttar bastar kankeruttar bastar kankerbemetarabemetarabemetarabemetarabemetarabijapurbijapurbijapurbijapurbijapurdantewadadantewadadantewadadantewadadantewadadhamtaridhamtaridhamtaridhamtaridhamtaridurgdurgdurgdurgdurggariabandgariabandgariabandgariabandgariabandjanjgirchampajanjgirchampajanjgirchampajanjgirchampajanjgirchampajashpurjashpurjashpurjashpurjashpurkabirdhamkabirdhamkabirdhamkabirdhamkabirdhamkondagaonkondagaonkondagaonkondagaonkondagaonkorbakorbakorbakorbakorbakoreakoreakoreakoreakoreamahasamundmahasamundmahasamundmahasamundmahasamundmungelimungelimungelimungelimungelinarayanpurnarayanpurnarayanpurnarayanpurnarayanpurraigarhraigarhraigarhraigarhraigarhraipurraipurraipurraipurraipurrajnandgaonrajnandgaonrajnandgaonrajnandgaonrajnandgaonsukmasukmasukmasukmasukmasurajpursurajpursurajpursurajpursurajpursurgujasurgujasurgujasurgujasurgujalahul and spitilahul and spitilahul and spitilahul and spitilahul and spitiarvalliarvalliarvalliarvalliarvallibanas kanthabanas kanthabanas kanthabanas kanthabanas kanthadevbhumi dwarkadevbhumi dwarkadevbhumi dwarkadevbhumi dwarkadevbhumi dwarkakachchhkachchhkachchhkachchhkachchhpatanpatanpatanpatanpatanrajkotrajkotrajkotrajkotrajkotahmadnagarahmadnagarahmadnagarahmadnagarahmadnagarakolaakolaakolaakolaakolabuldhanabuldhanabuldhanabuldhanabuldhanahingolihingolihingolihingolihingolijalgaonjalgaonjalgaonjalgaonjalgaonjalnajalnajalnajalnajalnaparbhaniparbhaniparbhaniparbhaniparbhaniwashimwashimwashimwashimwashimyavatmalyavatmalyavatmalyavatmalyavatmalagar malwaagar malwaagar malwaagar malwaagar malwaalirajpuralirajpuralirajpuralirajpuralirajpuranuppuranuppuranuppuranuppuranuppurashoknagarashoknagarashoknagarashoknagarashoknagarbalaghatbalaghatbalaghatbalaghatbalaghatbarwanibarwanibarwanibarwanibarwanibetulbetulbetulbetulbetulbhopalbhopalbhopalbhopalbhopalburhanpurburhanpurburhanpurburhanpurburhanpurchhatarpurchhatarpurchhatarpurchhatarpurchhatarpurchhindwarachhindwarachhindwarachhindwarachhindwaradamohdamohdamohdamohdamohdatiadatiadatiadatiadatiadewasdewasdewasdewasdewasdhardhardhardhardhardindoridindoridindoridindoridindorigunagunagunagunagunagwaliorgwaliorgwaliorgwaliorgwaliorhardahardahardahardahardahoshangabadhoshangabadhoshangabadhoshangabadhoshangabadindoreindoreindoreindoreindorejabalpurjabalpurjabalpurjabalpurjabalpurjhabuajhabuajhabuajhabuajhabuakatnikatnikatnikatnikatnikhandwakhandwakhandwakhandwakhandwakhargonekhargonekhargonekhargonekhargonemandlamandlamandlamandlamandlamandsaurmandsaurmandsaurmandsaurmandsaurmorenamorenamorenamorenamorenanarsinghpurnarsinghpurnarsinghpurnarsinghpurnarsinghpurneemuchneemuchneemuchneemuchneemuchpannapannapannapannapannaraisenraisenraisenraisenraisenrajgarhrajgarhrajgarhrajgarhrajgarhratlamratlamratlamratlamratlamrewarewarewarewarewasagarsagarsagarsagarsagarsatnasatnasatnasatnasatnasehoresehoresehoresehoresehoreseoniseoniseoniseoniseonishahdolshahdolshahdolshahdolshahdolshajapurshajapurshajapurshajapurshajapursheopursheopursheopursheopursheopurshivpurishivpurishivpurishivpurishivpurisidhisidhisidhisidhisidhisingraulisingraulisingraulisingraulisingraulitikamgarhtikamgarhtikamgarhtikamgarhtikamgarhujjainujjainujjainujjainujjainumariaumariaumariaumariaumariavidishavidishavidishavidishavidishabarmerbarmerbarmerbarmerbarmerchittaurgarhchittaurgarhchittaurgarhchittaurgarhchittaurgarhchuruchuruchuruchuruchurudausadausadausadausadausajaipurjaipurjaipurjaipurjaipurjalorejalorejalorejalorejalorejodhpurjodhpurjodhpurjodhpurjodhpurnagaurnagaurnagaurnagaurnagaurpalipalipalipalipalisikarsikarsikarsikarsikarsirohisirohisirohisirohisirohiharidwarharidwarharidwarharidwarharidwarudam singh nagarudam singh nagarudam singh nagarudam singh nagarudam singh nagarkanchipuramkanchipuramkanchipuramkanchipuramkanchipuramvillupuramvillupuramvillupuramvillupuramvillupurambhindbhindbhindbhindbhindbagalkotebagalkotebagalkotebagalkotebagalkotebuldanabuldanabuldanabuldanabuldanawardhawardhawardhawardhawardhasahebganjsahebganjsahebganjsahebganjsahebganjsaraikela kharsawansaraikela kharsawansaraikela kharsawansaraikela kharsawansaraikela kharsawangautam buddha nagargautam buddha nagargautam buddha nagargautam buddha nagargautam buddha nagarkherikherikherikherikherikushi nagarkushi nagarkushi nagarkushi nagarkushi nagarsant ravidas nagarsant ravidas nagarsant ravidas nagarsant ravidas nagarsant ravidas nagarmahendragarhmahendragarhmahendragarhmahendragarhmahendragarhjamnagarjamnagarjamnagarjamnagarjamnagarchamrajnagarchamrajnagarchamrajnagarchamrajnagarchamrajnagartumkurtumkurtumkurtumkurtumkurbalodbalodbalodbalodbalodbastarbastarbastarbastarbastargariyabandgariyabandgariyabandgariyabandgariyabandjanjgir-champajanjgir-champajanjgir-champajanjgir-champajanjgir-champakankerkankerkankerkankerkankeramreliamreliamreliamreliamrelibhavnagarbhavnagarbhavnagarbhavnagarbhavnagarbotadbotadbotadbotadbotadgir somnathgir somnathgir somnathgir somnathgir somnathjunagadhjunagadhjunagadhjunagadhjunagadhmorbimorbimorbimorbimorbikamrup metrokamrup metrokamrup metrokamrup metrokamrup metromarigaonmarigaonmarigaonmarigaonmarigaonbikanerbikanerbikanerbikanerbikanerjaisalmerjaisalmerjaisalmerjaisalmerjaisalmerjhunjhununjhunjhununjhunjhununjhunjhununjhunjhununshahjahanpurshahjahanpurshahjahanpurshahjahanpurshahjahanpurnicobarsnicobarsnicobarsnicobarsnicobarsnorth and middle andamannorth and middle andamannorth and middle andamannorth and middle andamannorth and middle andamansouth andamanssouth andamanssouth andamanssouth andamanssouth andamansanjawanjawanjawanjawanjawchanglangchanglangchanglangchanglangchanglangdibang valleydibang valleydibang valleydibang valleydibang valleyeast kamengeast kamengeast kamengeast kamengeast kamengeast siangeast siangeast siangeast siangeast siangkra daadikra daadikra daadikra daadikra daadikurung kumeykurung kumeykurung kumeykurung kumeykurung kumeylohitlohitlohitlohitlohitlongdinglongdinglongdinglongdinglongdinglower dibang valleylower dibang valleylower dibang valleylower dibang valleylower dibang valleylower subansirilower subansirilower subansirilower subansirilower subansirinamsainamsainamsainamsainamsaipapum parepapum parepapum parepapum parepapum paresiangsiangsiangsiangsiangtawangtawangtawangtawangtawangtiraptiraptiraptiraptirapupper siangupper siangupper siangupper siangupper siangupper subansiriupper subansiriupper subansiriupper subansiriupper subansiriwest kamengwest kamengwest kamengwest kamengwest kamengwest siangwest siangwest siangwest siangwest siangchandigarhchandigarhchandigarhchandigarhchandigarhdadra and nagar havelidadra and nagar havelidadra and nagar havelidadra and nagar havelidadra and nagar havelibishnupurbishnupurbishnupurbishnupurbishnupurchandelchandelchandelchandelchandelchurachandpurchurachandpurchurachandpurchurachandpurchurachandpurimphal eastimphal eastimphal eastimphal eastimphal eastimphal westimphal westimphal westimphal westimphal westsenapatisenapatisenapatisenapatisenapatitamenglongtamenglongtamenglongtamenglongtamenglongthoubalthoubalthoubalthoubalthoubalukhrulukhrulukhrulukhrulukhruleast garo hillseast garo hillseast garo hillseast garo hillseast garo hillseast jaintia hillseast jaintia hillseast jaintia hillseast jaintia hillseast jaintia hillseast khasi hillseast khasi hillseast khasi hillseast khasi hillseast khasi hillsnorth garo hillsnorth garo hillsnorth garo hillsnorth garo hillsnorth garo hillsri bhoiri bhoiri bhoiri bhoiri bhoisouth garo hillssouth garo hillssouth garo hillssouth garo hillssouth garo hillssouth west garo hillssouth west garo hillssouth west garo hillssouth west garo hillssouth west garo hillssouth west khasi hillssouth west khasi hillssouth west khasi hillssouth west khasi hillssouth west khasi hillswest garo hillswest garo hillswest garo hillswest garo hillswest garo hillswest jaintia hillswest jaintia hillswest jaintia hillswest jaintia hillswest jaintia hillswest khasi hillswest khasi hillswest khasi hillswest khasi hillswest khasi hillsaizawlaizawlaizawlaizawlaizawlchamphaichamphaichamphaichamphaichamphaikolasibkolasibkolasibkolasibkolasiblawngtlailawngtlailawngtlailawngtlailawngtlailungleilungleilungleilungleilungleimamitmamitmamitmamitmamitsaihasaihasaihasaihasaihaserchhipserchhipserchhipserchhipserchhipdimapurdimapurdimapurdimapurdimapurkiphirekiphirekiphirekiphirekiphirekohimakohimakohimakohimakohimalonglenglonglenglonglenglonglenglonglengmokokchungmokokchungmokokchungmokokchungmokokchungmonmonmonmonmonperenperenperenperenperenphekphekphekphekphektuensangtuensangtuensangtuensangtuensangwokhawokhawokhawokhawokhazunhebotozunhebotozunhebotozunhebotozunhebotokaraikalkaraikalkaraikalkaraikalkaraikalpondicherrypondicherrypondicherrypondicherrypondicherryyanamyanamyanamyanamyanameast districteast districteast districteast districteast districtnorth districtnorth districtnorth districtnorth districtnorth districtsouth districtsouth districtsouth districtsouth districtsouth districtwest districtwest districtwest districtwest districtwest districtadilabadadilabadadilabadadilabadadilabadbhadradribhadradribhadradribhadradribhadradrihanumakondahanumakondahanumakondahanumakondahanumakondajagitialjagitialjagitialjagitialjagitialjangoanjangoanjangoanjangoanjangoanjayashankarjayashankarjayashankarjayashankarjayashankarjogulambajogulambajogulambajogulambajogulambakamareddykamareddykamareddykamareddykamareddykarimnagarkarimnagarkarimnagarkarimnagarkarimnagarkhammamkhammamkhammamkhammamkhammamkomaram bheem asifabadkomaram bheem asifabadkomaram bheem asifabadkomaram bheem asifabadkomaram bheem asifabadmahabubabadmahabubabadmahabubabadmahabubabadmahabubabadmahbubnagarmahbubnagarmahbubnagarmahbubnagarmahbubnagarmancherialmancherialmancherialmancherialmancherialmedakmedakmedakmedakmedakmedchal malkajgirimedchal malkajgirimedchal malkajgirimedchal malkajgirimedchal malkajgirinagarkurnoolnagarkurnoolnagarkurnoolnagarkurnoolnagarkurnoolnalgondanalgondanalgondanalgondanalgondanirmalnirmalnirmalnirmalnirmalnizamabadnizamabadnizamabadnizamabadnizamabadpeddapallipeddapallipeddapallipeddapallipeddapallirajannarajannarajannarajannarajannarangareddirangareddirangareddirangareddirangareddisangareddysangareddysangareddysangareddysangareddysiddipetsiddipetsiddipetsiddipetsiddipetsuryapetsuryapetsuryapetsuryapetsuryapetvikarabadvikarabadvikarabadvikarabadvikarabadwanaparthywanaparthywanaparthywanaparthywanaparthywarangalwarangalwarangalwarangalwarangalyadadriyadadriyadadriyadadriyadadridhalaidhalaidhalaidhalaidhalaigomatigomatigomatigomatigomatikhowaikhowaikhowaikhowaikhowainorth tripuranorth tripuranorth tripuranorth tripuranorth tripurasepahijalasepahijalasepahijalasepahijalasepahijalasouth tripurasouth tripurasouth tripurasouth tripurasouth tripuraunakotiunakotiunakotiunakotiunakotiwest tripurawest tripurawest tripurawest tripurawest tripura,ricemaizebajraragijowarricemaizebajraragijowarricemaizebajraragijowarricemaizebajraragijowarricemaizebajraragijowarricemaizebajraragijowarricemaizebajraragijowarricemaizebajraragijowarricemaizebajraragijowarricemaizebajraragijowarricemaizebajraragijowarricemaizebajraragijowarricemaizebajraragijowarricemaizebajraragijowarricemaizebajraragijowarricemaizebajraragijowarricemaizebajraragijowarricemaizebajraragijowarricemaizebajraragijowarricemaizebajraragijowarricemaizebajraragijowarricemaizebajraragijowarricemaizebajraragijowarricemaizebajraragijowarricemaizebajraragijowarricemaizebajraragijowarricemaizebajraragijowarricemaizebajraragijowarricemaizebajraragijowarricemaizebajraragijowarricemaizebajraragijowarricemaizebajraragijowarricemaizebajraragijowarricemaizebajraragijowarricemaizebajraragijowarricemaizebajraragijowarricemaizebajraragijowarricemaizebajraragijowarricemaizebajraragijowarricemaizebajraragijowarricemaizebajraragijowarricemaizebajraragijowarricemaizebajraragijowarricemaizebajraragijowarricemaizebajraragijowarricemaizebajraragijowarricemaizebajraragijowarricemaizebajraragijowarricemaizebajraragijowarricemaizebajraragijowarricemaizebajraragijowarricemaizebajraragijowarricemaizebajraragijowarricemaizebajraragijowarricemaizebajraragijowarricemaizebajraragijowarricemaizebajraragijowarricemaizebajraragijowarricemaizebajraragijowarricemaizebajraragijowarricemaizebajraragijowarricemaizebajraragijowarricemaizebajraragijowarricemaizebajraragijowarricemaizebajraragijowarricemaizebajraragijowarricemaizebajraragijowarricemaizebajraragijowarricemaizebajraragijowarricemaizebajraragijowarricemaizebajraragijowarricemaizebajraragijowarricemaizebajraragijowarricemaizebajraragijowarricemaizebajraragijowarricemaizebajraragijowarricemaizebajraragijowarricemaizebajraragijowarricemaizebajraragijowarricemaizebajraragijowarricemaizebajraragijowarricemaizebajraragijowarricemaizebajraragijowarricemaizebajraragijowarricemaizebajraragijowarricemaizebajraragijowarricemaizebajraragijowarricemaizebajraragijowarricemaizebajraragijowarricemaizebajraragijowarricemaizebajraragijowarricemaizebajraragijowarricemaizebajraragijowarricemaizebajraragijowarricemaizebajraragijowarricemaizebajraragijowarricemaizebajraragijowarricemaizebajraragijowarricemaizebajraragijowarricemaizebajraragijowarricemaizebajraragijowarricemaizebajraragijowarricemaizebajraragijowarricemaizebajraragijowarricemaizebajraragijowarricemaizebajraragijowarricemaizebajraragijowarricemaizebajraragijowarricemaizebajraragijowarricemaizebajraragijowarricemaizebajraragijowarricemaizebajraragijowarricemaizebajraragijowarricemaizebajraragijowarricemaizebajraragijowarricemaizebajraragijowarricemaizebajraragijowarricemaizebajraragijowarricemaizebajraragijowarricemaizebajraragijowarricemaizebajraragijowarricemaizebajraragijowarricemaizebajraragijowarricemaizebajraragijowarricemaizebajraragijowarricemaizebajraragijowarricemaizebajraragijowarricemaizebajraragijowarricemaizebajraragijowarricemaizebajraragijowarricemaizebajraragijowarricemaizebajraragijowarricemaizebajraragijowarricemaizebajraragijowarricemaizebajraragijowarricemaizebajraragijowarricemaizebajraragijowarricemaizebajraragijowarricemaizebajraragijowarricemaizebajraragijowarricemaizebajraragijowarricemaizebajraragijowarricemaizebajraragijowarricemaizebajraragijowarricemaizebajraragijowarricemaizebajraragijowarricemaizebajraragijowarricemaizebajraragijowarricemaizebajraragijowarricemaizebajraragijowarricemaizebajraragijowarricemaizebajraragijowarricemaizebajraragijowarricemaizebajraragijowarricemaizebajraragijowarricemaizebajraragijowarricemaizebajraragijowarricemaizebajraragijowarricemaizebajraragijowarricemaizebajraragijowarricemaizebajraragijowarricemaizebajraragijowarricemaizebajraragijowarricemaizebajraragijowarricemaizebajraragijowarricemaizebajraragijowarricemaizebajraragijowarricemaizebajraragijowarricemaizebajraragijowarricemaizebajraragijowarricemaizebajraragijowarricemaizebajraragijowarricemaizebajraragijowarricemaizebajraragijowarricemaizebajraragijowarricemaizebajraragijowarricemaizebajraragijowarricemaizebajraragijowarricemaizebajraragijowarricemaizebajraragijowarricemaizebajraragijowarricemaizebajraragijowarricemaizebajraragijowarricemaizebajraragijowarricemaizebajraragijowarricemaizebajraragijowarricemaizebajraragijowarricemaizebajraragijowarricemaizebajraragijowarricemaizebajraragijowarricemaizebajraragijowarricemaizebajraragijowarricemaizebajraragijowarricemaizebajraragijowarricemaizebajraragijowarricemaizebajraragijowarricemaizebajraragijowarricemaizebajraragijowarricemaizebajraragijowarricemaizebajraragijowarricemaizebajraragijowarricemaizebajraragijowarricemaizebajraragijowarricemaizebajraragijowarricemaizebajraragijowarricemaizebajraragijowarricemaizebajraragijowarricemaizebajraragijowarricemaizebajraragijowarricemaizebajraragijowarricemaizebajraragijowarricemaizebajraragijowarricemaizebajraragijowarricemaizebajraragijowarricemaizebajraragijowarricemaizebajraragijowarricemaizebajraragijowarricemaizebajraragijowarricemaizebajraragijowarricemaizebajraragijowarricemaizebajraragijowarricemaizebajraragijowarricemaizebajraragijowarricemaizebajraragijowarricemaizebajraragijowarricemaizebajraragijowarricemaizebajraragijowarricemaizebajraragijowarricemaizebajraragijowarricemaizebajraragijowarricemaizebajraragijowarricemaizebajraragijowarricemaizebajraragijowarricemaizebajraragijowarricemaizebajraragijowarricemaizebajraragijowarricemaizebajraragijowarricemaizebajraragijowarricemaizebajraragijowarricemaizebajraragijowarricemaizebajraragijowarricemaizebajraragijowarricemaizebajraragijowarricemaizebajraragijowarricemaizebajraragijowarricemaizebajraragijowarricemaizebajraragijowarricemaizebajraragijowarricemaizebajraragijowarricemaizebajraragijowarricemaizebajraragijowarricemaizebajraragijowarricemaizebajraragijowarricemaizebajraragijowarricemaizebajraragijowarricemaizebajraragijowarricemaizebajraragijowarricemaizebajraragijowarricemaizebajraragijowarricemaizebajraragijowarricemaizebajraragijowarricemaizebajraragijowarricemaizebajraragijowarricemaizebajraragijowarricemaizebajraragijowarricemaizebajraragijowarricemaizebajraragijowarricemaizebajraragijowarricemaizebajraragijowarricemaizebajraragijowarricemaizebajraragijowarricemaizebajraragijowarricemaizebajraragijowarricemaizebajraragijowarricemaizebajraragijowarricemaizebajraragijowarricemaizebajraragijowarricemaizebajraragijowarricemaizebajraragijowarricemaizebajraragijowarricemaizebajraragijowarricemaizebajraragijowarricemaizebajraragijowarricemaizebajraragijowarricemaizebajraragijowarricemaizebajraragijowarricemaizebajraragijowarricemaizebajraragijowarricemaizebajraragijowarricemaizebajraragijowarricemaizebajraragijowarricemaizebajraragijowarricemaizebajraragijowarricemaizebajraragijowarricemaizebajraragijowarricemaizebajraragijowarricemaizebajraragijowarricemaizebajraragijowarricemaizebajraragijowarricemaizebajraragijowarricemaizebajraragijowarricemaizebajraragijowarricemaizebajraragijowarricemaizebajraragijowarricemaizebajraragijowarricemaizebajraragijowarricemaizebajraragijowarricemaizebajraragijowarricemaizebajraragijowarricemaizebajraragijowarricemaizebajraragijowarricemaizebajraragijowarricemaizebajraragijowarricemaizebajraragijowarricemaizebajraragijowarricemaizebajraragijowarricemaizebajraragijowarricemaizebajraragijowarricemaizebajraragijowarricemaizebajraragijowarricemaizebajraragijowarricemaizebajraragijowarricemaizebajraragijowarricemaizebajraragijowarricemaizebajraragijowarricemaizebajraragijowarricemaizebajraragijowarricemaizebajraragijowarricemaizebajraragijowarricemaizebajraragijowarricemaizebajraragijowarricemaizebajraragijowarricemaizebajraragijowarricemaizebajraragijowarricemaizebajraragijowarricemaizebajraragijowarricemaizebajraragijowarricemaizebajraragijowarricemaizebajraragijowarricemaizebajraragijowarricemaizebajraragijowarricemaizebajraragijowarricemaizebajraragijowarricemaizebajraragijowarricemaizebajraragijowarricemaizebajraragijowarricemaizebajraragijowarricemaizebajraragijowarricemaizebajraragijowarricemaizebajraragijowarricemaizebajraragijowarricemaizebajraragijowarricemaizebajraragijowarricemaizebajraragijowarricemaizebajraragijowarricemaizebajraragijowarricemaizebajraragijowarricemaizebajraragijowarricemaizebajraragijowarricemaizebajraragijowarricemaizebajraragijowarricemaizebajraragijowarricemaizebajraragijowarricemaizebajraragijowarricemaizebajraragijowarricemaizebajraragijowarricemaizebajraragijowarricemaizebajraragijowarricemaizebajraragijowarricemaizebajraragijowarricemaizebajraragijowarricemaizebajraragijowarricemaizebajraragijowarricemaizebajraragijowarricemaizebajraragijowarricemaizebajraragijowarricemaizebajraragijowarricemaizebajraragijowarricemaizebajraragijowarricemaizebajraragijowarricemaizebajraragijowarricemaizebajraragijowarricemaizebajraragijowarricemaizebajraragijowarricemaizebajraragijowarricemaizebajraragijowarricemaizebajraragijowarricemaizebajraragijowarricemaizebajraragijowarricemaizebajraragijowarricemaizebajraragijowarricemaizebajraragijowarricemaizebajraragijowarricemaizebajraragijowarricemaizebajraragijowarricemaizebajraragijowarricemaizebajraragijowarricemaizebajraragijowarricemaizebajraragijowarricemaizebajraragijowarricemaizebajraragijowarricemaizebajraragijowarricemaizebajraragijowarricemaizebajraragijowarricemaizebajraragijowarricemaizebajraragijowarricemaizebajraragijowarricemaizebajraragijowarricemaizebajraragijowarricemaizebajraragijowarricemaizebajraragijowarricemaizebajraragijowarricemaizebajraragijowarricemaizebajraragijowarricemaizebajraragijowarricemaizebajraragijowarricemaizebajraragijowarricemaizebajraragijowarricemaizebajraragijowarricemaizebajraragijowarricemaizebajraragijowarricemaizebajraragijowarricemaizebajraragijowarricemaizebajraragijowarricemaizebajraragijowarricemaizebajraragijowarricemaizebajraragijowarricemaizebajraragijowarricemaizebajraragijowarricemaizebajraragijowarricemaizebajraragijowarricemaizebajraragijowarricemaizebajraragijowarricemaizebajraragijowarricemaizebajraragijowarricemaizebajraragijowarricemaizebajraragijowarricemaizebajraragijowarricemaizebajraragijowarricemaizebajraragijowarricemaizebajraragijowarricemaizebajraragijowarricemaizebajraragijowarricemaizebajraragijowarricemaizebajraragijowarricemaizebajraragijowarricemaizebajraragijowarricemaizebajraragijowarricemaizebajraragijowarricemaizebajraragijowarricemaizebajraragijowarricemaizebajraragijowarricemaizebajraragijowarricemaizebajraragijowarricemaizebajraragijowarricemaizebajraragijowarricemaizebajraragijowarricemaizebajraragijowarricemaizebajraragijowarricemaizebajraragijowarricemaizebajraragijowarricemaizebajraragijowarricemaizebajraragijowarricemaizebajraragijowarricemaizebajraragijowarricemaizebajraragijowarricemaizebajraragijowarricemaizebajraragijowarricemaizebajraragijowarricemaizebajraragijowarricemaizebajraragijowarricemaizebajraragijowarricemaizebajraragijowarricemaizebajraragijowarricemaizebajraragijowarricemaizebajraragijowarricemaizebajraragijowarricemaizebajraragijowarricemaizebajraragijowarricemaizebajraragijowarricemaizebajraragijowarricemaizebajraragijowarricemaizebajraragijowarricemaizebajraragijowarricemaizebajraragijowarricemaizebajraragijowarricemaizebajraragijowarricemaizebajraragijowarricemaizebajraragijowarricemaizebajraragijowarricemaizebajraragijowarricemaizebajraragijowarricemaizebajraragijowarricemaizebajraragijowarricemaizebajraragijowarricemaizebajraragijowarricemaizebajraragijowarricemaizebajraragijowarricemaizebajraragijowarricemaizebajraragijowarricemaizebajraragijowarricemaizebajraragijowarricemaizebajraragijowarricemaizebajraragijowarricemaizebajraragijowarricemaizebajraragijowarricemaizebajraragijowarricemaizebajraragijowarricemaizebajraragijowarricemaizebajraragijowarricemaizebajraragijowarricemaizebajraragijowarricemaizebajraragijowarricemaizebajraragijowarricemaizebajraragijowarricemaizebajraragijowarricemaizebajraragijowarricemaizebajraragijowarricemaizebajraragijowarricemaizebajraragijowarricemaizebajraragijowarricemaizebajraragijowarricemaizebajraragijowarricemaizebajraragijowarricemaizebajraragijowarricemaizebajraragijowarricemaizebajraragijowarricemaizebajraragijowarricemaizebajraragijowarricemaizebajraragijowarricemaizebajraragijowarricemaizebajraragijowarricemaizebajraragijowarricemaizebajraragijowarricemaizebajraragijowarricemaizebajraragijowarricemaizebajraragijowarricemaizebajraragijowarricemaizebajraragijowarricemaizebajraragijowarricemaizebajraragijowarricemaizebajraragijowarricemaizebajraragijowarricemaizebajraragijowarricemaizebajraragijowarricemaizebajraragijowarricemaizebajraragijowarricemaizebajraragijowarricemaizebajraragijowarricemaizebajraragijowarricemaizebajraragijowarricemaizebajraragijowarricemaizebajraragijowarricemaizebajraragijowarricemaizebajraragijowarricemaizebajraragijowarricemaizebajraragijowarricemaizebajraragijowarricemaizebajraragijowarricemaizebajraragijowarricemaizebajraragijowarricemaizebajraragijowarricemaizebajraragijowarricemaizebajraragijowarricemaizebajraragijowarricemaizebajraragijowarricemaizebajraragijowarricemaizebajraragijowarricemaizebajraragijowarricemaizebajraragijowarricemaizebajraragijowarricemaizebajraragijowarricemaizebajraragijowarricemaizebajraragijowarricemaizebajraragijowarricemaizebajraragijowarricemaizebajraragijowarricemaizebajraragijowarricemaizebajraragijowarricemaizebajraragijowarricemaizebajraragijowarricemaizebajraragijowarricemaizebajraragijowarricemaizebajraragijowarricemaizebajraragijowarricemaizebajraragijowarricemaizebajraragijowarricemaizebajraragijowarricemaizebajraragijowarricemaizebajraragijowarricemaizebajraragijowarricemaizebajraragijowarricemaizebajraragijowarricemaizebajraragijowarricemaizebajraragijowarricemaizebajraragijowarricemaizebajraragijowarricemaizebajraragijowarricemaizebajraragijowarricemaizebajraragijowarricemaizebajraragijowarricemaizebajraragijowarricemaizebajraragijowarricemaizebajraragijowarricemaizebajraragijowarricemaizebajraragijowarricemaizebajraragijowarricemaizebajraragijowarricemaizebajraragijowarricemaizebajraragijowarricemaizebajraragijowarricemaizebajraragijowarricemaizebajraragijowarricemaizebajraragijowarricemaizebajraragijowarricemaizebajraragijowarricemaizebajraragijowarricemaizebajraragijowarricemaizebajraragijowarricemaizebajraragijowarricemaizebajraragijowarricemaizebajraragijowarricemaizebajraragijowarricemaizebajraragijowarricemaizebajraragijowarricemaizebajraragijowarricemaizebajraragijowarricemaizebajraragijowarricemaizebajraragijowarricemaizebajraragijowarricemaizebajraragijowarricemaizebajraragijowarricemaizebajraragijowarricemaizebajraragijowarricemaizebajraragijowarricemaizebajraragijowarricemaizebajraragijowarricemaizebajraragijowarricemaizebajraragijowarricemaizebajraragijowarricemaizebajraragijowarricemaizebajraragijowarricemaizebajraragijowarricemaizebajraragijowarricemaizebajraragijowarricemaizebajraragijowarricemaizebajraragijowarricemaizebajraragijowarricemaizebajraragijowarricemaizebajraragijowarricemaizebajraragijowarricemaizebajraragijowarricemaizebajraragijowarricemaizebajraragijowarricemaizebajraragijowarricemaizebajraragijowarricemaizebajraragijowarricemaizebajraragijowarricemaizebajraragijowarricemaizebajraragijowarricemaizebajraragijowarricemaizebajraragijowarricemaizebajraragijowarricemaizebajraragijowarricemaizebajraragijowarricemaizebajraragijowarricemaizebajraragijowarricemaizebajraragijowarricemaizebajraragijowarricemaizebajraragijowarricemaizebajraragijowarricemaizebajraragijowarricemaizebajraragijowarricemaizebajraragijowarricemaizebajraragijowarricemaizebajraragijowarricemaizebajraragijowarricemaizebajraragijowarricemaizebajraragijowarricemaizebajraragijowarricemaizebajraragijowarricemaizebajraragijowarricemaizebajraragijowarricemaizebajraragijowarricemaizebajraragijowarricemaizebajraragijowarricemaizebajraragijowarricemaizebajraragijowarricemaizebajraragijowarricemaizebajraragijowarricemaizebajraragijowarricemaizebajraragijowarricemaizebajraragijowarricemaizebajraragijowarricemaizebajraragijowarricemaizebajraragijowarricemaizebajraragijowarricemaizebajraragijowarricemaizebajraragijowarricemaizebajraragijowarricemaizebajraragijowarricemaizebajraragijowarricemaizebajraragijowarricemaizebajraragijowarricemaizebajraragijowarricemaizebajraragijowarricemaizebajraragijowar,2042932.0,2042932.0,132284.806284,4188317199.010579,4018455000.015801,248365858.51028895,226199126.60436407,85920478.67677228,73174794.4109008,194954244.67572168,174504084.104172,72288785.65612166,61547297.010844536,14520993846695.074,14218054110053.516,6437655.6548874695,14510189.247447425,105918641.13231958,94808068.89379664,6862389.412585403,6142543.760466854,5572776069.938275,8429814722.556973,9340071758.969631,9340071758.831074,2042932.0,33.892069359171956,-11.719015446848655,-17.45241329344567,-9.799654065285512,-17.418134712207355,-2.1306694593836957,-1.4834729074862264e-09,55.633551395479174,-11.719015446848653,-11.71901544684866
13,karnataka,ariyalurariyalurariyalurariyalurariyalurcoimbatorecoimbatorecoimbatorecoimbatorecoimbatorecuddalorecuddalorecuddalorecuddalorecuddaloredharmapuridharmapuridharmapuridharmapuridharmapuridindiguldindiguldindiguldindiguldindigulerodeerodeerodeerodeerodekancheepuramkancheepuramkancheepuramkancheepuramkancheepuramkanniyakumarikanniyakumarikanniyakumarikanniyakumarikanniyakumarikarurkarurkarurkarurkarurkrishnagirikrishnagirikrishnagirikrishnagirikrishnagirimaduraimaduraimaduraimaduraimadurainagappattinamnagappattinamnagappattinamnagappattinamnagappattinamnamakkalnamakkalnamakkalnamakkalnamakkalperambalurperambalurperambalurperambalurperambalurpudukkottaipudukkottaipudukkottaipudukkottaipudukkottairamanathapuramramanathapuramramanathapuramramanathapuramramanathapuramsalemsalemsalemsalemsalemsivagangasivagangasivagangasivagangasivagangathanjavurthanjavurthanjavurthanjavurthanjavurthe nilgiristhe nilgiristhe nilgiristhe nilgiristhe nilgiristhenithenithenithenithenithiruvallurthiruvallurthiruvallurthiruvallurthiruvallurthiruvarurthiruvarurthiruvarurthiruvarurthiruvarurtiruchirappallitiruchirappallitiruchirappallitiruchirappallitiruchirappallitirunelvelitirunelvelitirunelvelitirunelvelitirunelvelitiruppurtiruppurtiruppurtiruppurtiruppurtiruvannamalaitiruvannamalaitiruvannamalaitiruvannamalaitiruvannamalaituticorintuticorintuticorintuticorintuticorinvellorevellorevellorevellorevelloreviluppuramviluppuramviluppuramviluppuramviluppuramvirudhunagarvirudhunagarvirudhunagarvirudhunagarvirudhunagaramritsaramritsaramritsaramritsaramritsarbarnalabarnalabarnalabarnalabarnalabathindabathindabathindabathindabathindafaridkotfaridkotfaridkotfaridkotfaridkotfatehgarh sahibfatehgarh sahibfatehgarh sahibfatehgarh sahibfatehgarh sahibfazilkafazilkafazilkafazilkafazilkafirozpurfirozpurfirozpurfirozpurfirozpurgurdaspurgurdaspurgurdaspurgurdaspurgurdaspurhoshiarpurhoshiarpurhoshiarpurhoshiarpurhoshiarpurjalandharjalandharjalandharjalandharjalandharkapurthalakapurthalakapurthalakapurthalakapurthalaludhianaludhianaludhianaludhianaludhianamansamansamansamansamansamogamogamogamogamogamuktsarmuktsarmuktsarmuktsarmuktsarpathankotpathankotpathankotpathankotpathankotpatialapatialapatialapatialapatialarupnagarrupnagarrupnagarrupnagarrupnagarsangrursangrursangrursangrursangrurshahid bhagat singh nagarshahid bhagat singh nagarshahid bhagat singh nagarshahid bhagat singh nagarshahid bhagat singh nagartarn tarantarn tarantarn tarantarn tarantarn taranambalaambalaambalaambalaambalabhiwanibhiwanibhiwanibhiwanibhiwanicharki dadricharki dadricharki dadricharki dadricharki dadrifaridabadfaridabadfaridabadfaridabadfaridabadfatehabadfatehabadfatehabadfatehabadfatehabadgurgaongurgaongurgaongurgaongurgaonhisarhisarhisarhisarhisarjhajjarjhajjarjhajjarjhajjarjhajjarjindjindjindjindjindkaithalkaithalkaithalkaithalkaithalkarnalkarnalkarnalkarnalkarnalkurukshetrakurukshetrakurukshetrakurukshetrakurukshetramewatmewatmewatmewatmewatpalwalpalwalpalwalpalwalpalwalpanchkulapanchkulapanchkulapanchkulapanchkulapanipatpanipatpanipatpanipatpanipatrewarirewarirewarirewarirewarirohtakrohtakrohtakrohtakrohtaksirsasirsasirsasirsasirsasonipatsonipatsonipatsonipatsonipatyamunanagaryamunanagaryamunanagaryamunanagaryamunanagaranantapuranantapuranantapuranantapuranantapurchittoorchittoorchittoorchittoorchittooreast godavarieast godavarieast godavarieast godavarieast godavarigunturgunturgunturgunturgunturkadapakadapakadapakadapakadapakrishnakrishnakrishnakrishnakrishnakurnoolkurnoolkurnoolkurnoolkurnoolprakasamprakasamprakasamprakasamprakasamnellorenellorenellorenellorenelloresrikakulamsrikakulamsrikakulamsrikakulamsrikakulamvisakhapatnamvisakhapatnamvisakhapatnamvisakhapatnamvisakhapatnamvizianagaramvizianagaramvizianagaramvizianagaramvizianagaramwest godavariwest godavariwest godavariwest godavariwest godavariballariballariballariballariballaribangalore ruralbangalore ruralbangalore ruralbangalore ruralbangalore ruralbelagavibelagavibelagavibelagavibelagavibengaluru urbanbengaluru urbanbengaluru urbanbengaluru urbanbengaluru urbanbidarbidarbidarbidarbidarchamarajanagarachamarajanagarachamarajanagarachamarajanagarachamarajanagarachikkaballapurachikkaballapurachikkaballapurachikkaballapurachikkaballapurachikmagalurchikmagalurchikmagalurchikmagalurchikmagalurchitradurgachitradurgachitradurgachitradurgachitradurgadakshina kannadadakshina kannadadakshina kannadadakshina kannadadakshina kannadadavangeredavangeredavangeredavangeredavangeredharwaddharwaddharwaddharwaddharwadgadaggadaggadaggadaggadaghassanhassanhassanhassanhassanhaverihaverihaverihaverihaverikalaburagikalaburagikalaburagikalaburagikalaburagikodagukodagukodagukodagukodagukolarkolarkolarkolarkolarkoppalkoppalkoppalkoppalkoppalmandyamandyamandyamandyamandyamysurumysurumysurumysurumysururaichurraichurraichurraichurraichurramanagararamanagararamanagararamanagararamanagarashivamoggashivamoggashivamoggashivamoggashivamoggatumakurutumakurutumakurutumakurutumakuruudupiudupiudupiudupiudupiuttara kannadauttara kannadauttara kannadauttara kannadauttara kannadavijayapuravijayapuravijayapuravijayapuravijayapurayadgiryadgiryadgiryadgiryadgiralmoraalmoraalmoraalmoraalmorabageshwarbageshwarbageshwarbageshwarbageshwarchamolichamolichamolichamolichamolichampawatchampawatchampawatchampawatchampawatdehradundehradundehradundehradundehradunhardwarhardwarhardwarhardwarhardwarnainitalnainitalnainitalnainitalnainitalpauri garhwalpauri garhwalpauri garhwalpauri garhwalpauri garhwalpithoragarhpithoragarhpithoragarhpithoragarhpithoragarhrudra prayagrudra prayagrudra prayagrudra prayagrudra prayagtehri garhwaltehri garhwaltehri garhwaltehri garhwaltehri garhwaludham singh nagarudham singh nagarudham singh nagarudham singh nagarudham singh nagaruttar kashiuttar kashiuttar kashiuttar kashiuttar kashispsr nellorespsr nellorespsr nellorespsr nellorespsr nellorevisakhapatanamvisakhapatanamvisakhapatanamvisakhapatanamvisakhapatanamparaganas northparaganas northparaganas northparaganas northparaganas northparaganas southparaganas southparaganas southparaganas southparaganas southalipurduaralipurduaralipurduaralipurduaralipurduarbankurabankurabankurabankurabankurabirbhumbirbhumbirbhumbirbhumbirbhumcoochbeharcoochbeharcoochbeharcoochbeharcoochbehardarjeelingdarjeelingdarjeelingdarjeelingdarjeelingdakshin dinajpurdakshin dinajpurdakshin dinajpurdakshin dinajpurdakshin dinajpuruttar dinajpuruttar dinajpuruttar dinajpuruttar dinajpuruttar dinajpurhooghlyhooghlyhooghlyhooghlyhooghlyhowrahhowrahhowrahhowrahhowrahjalpaigurijalpaigurijalpaigurijalpaigurijalpaigurijhargramjhargramjhargramjhargramjhargramkalimpongkalimpongkalimpongkalimpongkalimpongmaldahmaldahmaldahmaldahmaldahmedinipur eastmedinipur eastmedinipur eastmedinipur eastmedinipur eastmedinipur westmedinipur westmedinipur westmedinipur westmedinipur westmurshidabadmurshidabadmurshidabadmurshidabadmurshidabadnadianadianadianadianadiabarddhamanbarddhamanbarddhamanbarddhamanbarddhamanpuruliyapuruliyapuruliyapuruliyapuruliyaalappuzhaalappuzhaalappuzhaalappuzhaalappuzhaernakulamernakulamernakulamernakulamernakulamidukkiidukkiidukkiidukkiidukkikannurkannurkannurkannurkannurkasaragodkasaragodkasaragodkasaragodkasaragodkollamkollamkollamkollamkollamkottayamkottayamkottayamkottayamkottayamkozhikodekozhikodekozhikodekozhikodekozhikodemalappurammalappurammalappurammalappurammalappurampalakkadpalakkadpalakkadpalakkadpalakkadpathanamthittapathanamthittapathanamthittapathanamthittapathanamthittathiruvananthapuramthiruvananthapuramthiruvananthapuramthiruvananthapuramthiruvananthapuramthrissurthrissurthrissurthrissurthrissurwayanadwayanadwayanadwayanadwayanadbagalkotbagalkotbagalkotbagalkotbagalkotchikballapurachikballapurachikballapurachikballapurachikballapurachikkamagaluruchikkamagaluruchikkamagaluruchikkamagaluruchikkamagalurudavanageredavanageredavanageredavanageredavanagereyadagiriyadagiriyadagiriyadagiriyadagiriagraagraagraagraagraaligarhaligarhaligarhaligarhaligarhallahabadallahabadallahabadallahabadallahabadambedkar nagarambedkar nagarambedkar nagarambedkar nagarambedkar nagaramethiamethiamethiamethiamethiamrohaamrohaamrohaamrohaamrohaauraiyaauraiyaauraiyaauraiyaauraiyaazamgarhazamgarhazamgarhazamgarhazamgarhbaghpatbaghpatbaghpatbaghpatbaghpatbahraichbahraichbahraichbahraichbahraichballiaballiaballiaballiaballiabalrampurbalrampurbalrampurbalrampurbalrampurbandabandabandabandabandabarabankibarabankibarabankibarabankibarabankibareillybareillybareillybareillybareillybastibastibastibastibastibijnorbijnorbijnorbijnorbijnorbudaunbudaunbudaunbudaunbudaunbulandshahrbulandshahrbulandshahrbulandshahrbulandshahrchandaulichandaulichandaulichandaulichandaulichitrakootchitrakootchitrakootchitrakootchitrakootdeoriadeoriadeoriadeoriadeoriaetahetahetahetahetahetawahetawahetawahetawahetawahfaizabadfaizabadfaizabadfaizabadfaizabadfarrukhabadfarrukhabadfarrukhabadfarrukhabadfarrukhabadfatehpurfatehpurfatehpurfatehpurfatehpurfirozabadfirozabadfirozabadfirozabadfirozabadkanpur nagarkanpur nagarkanpur nagarkanpur nagarkanpur nagarghaziabadghaziabadghaziabadghaziabadghaziabadghazipurghazipurghazipurghazipurghazipurgondagondagondagondagondagorakhpurgorakhpurgorakhpurgorakhpurgorakhpurhamirpurhamirpurhamirpurhamirpurhamirpurhapurhapurhapurhapurhapurhardoihardoihardoihardoihardoihathrashathrashathrashathrashathrasjalaunjalaunjalaunjalaunjalaunjaunpurjaunpurjaunpurjaunpurjaunpurjhansijhansijhansijhansijhansikannaujkannaujkannaujkannaujkannaujkanpur dehatkanpur dehatkanpur dehatkanpur dehatkanpur dehatkasganjkasganjkasganjkasganjkasganjkaushambikaushambikaushambikaushambikaushambilakhimpur kherilakhimpur kherilakhimpur kherilakhimpur kherilakhimpur kherikushinagarkushinagarkushinagarkushinagarkushinagarlalitpurlalitpurlalitpurlalitpurlalitpurlucknowlucknowlucknowlucknowlucknowmaharajganjmaharajganjmaharajganjmaharajganjmaharajganjmahobamahobamahobamahobamahobamainpurimainpurimainpurimainpurimainpurimathuramathuramathuramathuramathuramaumaumaumaumaumeerutmeerutmeerutmeerutmeerutmirzapurmirzapurmirzapurmirzapurmirzapurmoradabadmoradabadmoradabadmoradabadmoradabadmuzaffarnagarmuzaffarnagarmuzaffarnagarmuzaffarnagarmuzaffarnagarpilibhitpilibhitpilibhitpilibhitpilibhitpratapgarhpratapgarhpratapgarhpratapgarhpratapgarhrae barelirae barelirae barelirae barelirae barelirampurrampurrampurrampurrampursaharanpursaharanpursaharanpursaharanpursaharanpursambhalsambhalsambhalsambhalsambhalsant kabeer nagarsant kabeer nagarsant kabeer nagarsant kabeer nagarsant kabeer nagarsant ravi das nagarsant ravi das nagarsant ravi das nagarsant ravi das nagarsant ravi das nagarshahajahanpurshahajahanpurshahajahanpurshahajahanpurshahajahanpurshamlishamlishamlishamlishamlishravastishravastishravastishravastishravastisiddharth nagarsiddharth nagarsiddharth nagarsiddharth nagarsiddharth nagarsitapursitapursitapursitapursitapursonbhadrasonbhadrasonbhadrasonbhadrasonbhadrasultanpursultanpursultanpursultanpursultanpurunnaounnaounnaounnaounnaovaranasivaranasivaranasivaranasivaranasiahmednagarahmednagarahmednagarahmednagarahmednagaramravatiamravatiamravatiamravatiamravatibeedbeedbeedbeedbeedbhandarabhandarabhandarabhandarabhandarachandrapurchandrapurchandrapurchandrapurchandrapurdhuledhuledhuledhuledhulegadchiroligadchiroligadchiroligadchiroligadchiroligondiagondiagondiagondiagondiakolhapurkolhapurkolhapurkolhapurkolhapurlaturlaturlaturlaturlaturnagpurnagpurnagpurnagpurnagpurnandednandednandednandednandednandurbarnandurbarnandurbarnandurbarnandurbarnashiknashiknashiknashiknashikosmanabadosmanabadosmanabadosmanabadosmanabadpalgharpalgharpalgharpalgharpalgharpunepunepunepunepuneraigadraigadraigadraigadraigadratnagiriratnagiriratnagiriratnagiriratnagirisanglisanglisanglisanglisanglisatarasatarasatarasatarasatarasindhudurgsindhudurgsindhudurgsindhudurgsindhudurgsolapursolapursolapursolapursolapurthanethanethanethanethaneanantnaganantnaganantnaganantnaganantnagbadgambadgambadgambadgambadgambandiporabandiporabandiporabandiporabandiporabaramullabaramullabaramullabaramullabaramulladodadodadodadodadodaganderbalganderbalganderbalganderbalganderbaljammujammujammujammujammukathuakathuakathuakathuakathuakishtwarkishtwarkishtwarkishtwarkishtwarkulgamkulgamkulgamkulgamkulgamkupwarakupwarakupwarakupwarakupwarapoonchpoonchpoonchpoonchpoonchpulwamapulwamapulwamapulwamapulwamarajaurirajaurirajaurirajaurirajaurirambanrambanrambanrambanrambanreasireasireasireasireasisambasambasambasambasambashopianshopianshopianshopianshopiansrinagarsrinagarsrinagarsrinagarsrinagarudhampurudhampurudhampurudhampurudhampurahmadabadahmadabadahmadabadahmadabadahmadabadanandanandanandanandanandaravalliaravalliaravalliaravalliaravallibharuchbharuchbharuchbharuchbharuchchhotaudepurchhotaudepurchhotaudepurchhotaudepurchhotaudepurdangdangdangdangdangdohaddohaddohaddohaddohadgandhinagargandhinagargandhinagargandhinagargandhinagarkhedakhedakhedakhedakhedamahesanamahesanamahesanamahesanamahesanamahisagarmahisagarmahisagarmahisagarmahisagarnarmadanarmadanarmadanarmadanarmadanavsarinavsarinavsarinavsarinavsaripanch mahalspanch mahalspanch mahalspanch mahalspanch mahalssabar kanthasabar kanthasabar kanthasabar kanthasabar kanthasuratsuratsuratsuratsuratsurendranagarsurendranagarsurendranagarsurendranagarsurendranagartapitapitapitapitapivadodaravadodaravadodaravadodaravadodaravalsadvalsadvalsadvalsadvalsadajmerajmerajmerajmerajmeralwaralwaralwaralwaralwarbanswarabanswarabanswarabanswarabanswarabaranbaranbaranbaranbaranbharatpurbharatpurbharatpurbharatpurbharatpurbhilwarabhilwarabhilwarabhilwarabhilwarabundibundibundibundibundichittorgarhchittorgarhchittorgarhchittorgarhchittorgarhdholpurdholpurdholpurdholpurdholpurdungarpurdungarpurdungarpurdungarpurdungarpurganganagarganganagarganganagarganganagarganganagarhanumangarhhanumangarhhanumangarhhanumangarhhanumangarhjhalawarjhalawarjhalawarjhalawarjhalawarkaraulikaraulikaraulikaraulikaraulikotakotakotakotakotarajsamandrajsamandrajsamandrajsamandrajsamandsawai madhopursawai madhopursawai madhopursawai madhopursawai madhopurtonktonktonktonktonkudaipurudaipurudaipurudaipurudaipurarariaarariaarariaarariaarariaarwalarwalarwalarwalarwalaurangabadaurangabadaurangabadaurangabadaurangabadbankabankabankabankabankabegusaraibegusaraibegusaraibegusaraibegusaraibhagalpurbhagalpurbhagalpurbhagalpurbhagalpurbhojpurbhojpurbhojpurbhojpurbhojpurbuxarbuxarbuxarbuxarbuxardarbhangadarbhangadarbhangadarbhangadarbhangagayagayagayagayagayagopalganjgopalganjgopalganjgopalganjgopalganjjamuijamuijamuijamuijamuijehanabadjehanabadjehanabadjehanabadjehanabadkaimurkaimurkaimurkaimurkaimurkatiharkatiharkatiharkatiharkatiharkhagariakhagariakhagariakhagariakhagariakishanganjkishanganjkishanganjkishanganjkishanganjlakhisarailakhisarailakhisarailakhisarailakhisaraimadhepuramadhepuramadhepuramadhepuramadhepuramadhubanimadhubanimadhubanimadhubanimadhubanimungermungermungermungermungermuzaffarpurmuzaffarpurmuzaffarpurmuzaffarpurmuzaffarpurnalandanalandanalandanalandanalandanawadanawadanawadanawadanawadapashchim champaranpashchim champaranpashchim champaranpashchim champaranpashchim champaranpatnapatnapatnapatnapatnapurbi champaranpurbi champaranpurbi champaranpurbi champaranpurbi champaranpurniapurniapurniapurniapurniarohtasrohtasrohtasrohtasrohtassaharsasaharsasaharsasaharsasaharsasamastipursamastipursamastipursamastipursamastipursaransaransaransaransaransheikhpurasheikhpurasheikhpurasheikhpurasheikhpurasheoharsheoharsheoharsheoharsheoharsitamarhisitamarhisitamarhisitamarhisitamarhisiwansiwansiwansiwansiwansupaulsupaulsupaulsupaulsupaulvaishalivaishalivaishalivaishalivaishalidinajpur dakshindinajpur dakshindinajpur dakshindinajpur dakshindinajpur dakshindinajpur uttardinajpur uttardinajpur uttardinajpur uttardinajpur uttarpaschim bardhamanpaschim bardhamanpaschim bardhamanpaschim bardhamanpaschim bardhamanpurba bardhamanpurba bardhamanpurba bardhamanpurba bardhamanpurba bardhamanpuruliapuruliapuruliapuruliapurulianagapattinamnagapattinamnagapattinamnagapattinamnagapattinamvirudunagarvirudunagarvirudunagarvirudunagarvirudunagaranugulanugulanugulanugulanugulbalangirbalangirbalangirbalangirbalangirbaleshwarbaleshwarbaleshwarbaleshwarbaleshwarbargarhbargarhbargarhbargarhbargarhbhadrakbhadrakbhadrakbhadrakbhadrakboudhboudhboudhboudhboudhcuttackcuttackcuttackcuttackcuttackdeogarhdeogarhdeogarhdeogarhdeogarhdhenkanaldhenkanaldhenkanaldhenkanaldhenkanalgajapatigajapatigajapatigajapatigajapatiganjamganjamganjamganjamganjamjagatsinghapurjagatsinghapurjagatsinghapurjagatsinghapurjagatsinghapurjajapurjajapurjajapurjajapurjajapurjharsugudajharsugudajharsugudajharsugudajharsugudakalahandikalahandikalahandikalahandikalahandikandhamalkandhamalkandhamalkandhamalkandhamalkendraparakendraparakendraparakendraparakendraparakendujharkendujharkendujharkendujharkendujharkhordhakhordhakhordhakhordhakhordhakoraputkoraputkoraputkoraputkoraputmalkangirimalkangirimalkangirimalkangirimalkangirimayurbhanjmayurbhanjmayurbhanjmayurbhanjmayurbhanjnabarangpurnabarangpurnabarangpurnabarangpurnabarangpurnayagarhnayagarhnayagarhnayagarhnayagarhnuapadanuapadanuapadanuapadanuapadapuripuripuripuripurirayagadarayagadarayagadarayagadarayagadasambalpursambalpursambalpursambalpursambalpursonepursonepursonepursonepursonepursundargarhsundargarhsundargarhsundargarhsundargarhbaksabaksabaksabaksabaksabarpetabarpetabarpetabarpetabarpetabongaigaonbongaigaonbongaigaonbongaigaonbongaigaoncacharcacharcacharcacharcacharchirangchirangchirangchirangchirangdarrangdarrangdarrangdarrangdarrangdhemajidhemajidhemajidhemajidhemajidhubridhubridhubridhubridhubridibrugarhdibrugarhdibrugarhdibrugarhdibrugarhdima hasaodima hasaodima hasaodima hasaodima hasaogoalparagoalparagoalparagoalparagoalparagolaghatgolaghatgolaghatgolaghatgolaghathailakandihailakandihailakandihailakandihailakandijorhatjorhatjorhatjorhatjorhatkamrupkamrupkamrupkamrupkamrupkarbi anglongkarbi anglongkarbi anglongkarbi anglongkarbi anglongkarimganjkarimganjkarimganjkarimganjkarimganjkokrajharkokrajharkokrajharkokrajharkokrajharlakhimpurlakhimpurlakhimpurlakhimpurlakhimpurmorigaonmorigaonmorigaonmorigaonmorigaonnagaonnagaonnagaonnagaonnagaonnalbarinalbarinalbarinalbarinalbarisivasagarsivasagarsivasagarsivasagarsivasagarsonitpursonitpursonitpursonitpursonitpurtinsukiatinsukiatinsukiatinsukiatinsukiaudalguriudalguriudalguriudalguriudalguribokarobokarobokarobokarobokarochatrachatrachatrachatrachatradeoghardeoghardeoghardeoghardeoghardhanbaddhanbaddhanbaddhanbaddhanbaddumkadumkadumkadumkadumkaeast singhbumeast singhbumeast singhbumeast singhbumeast singhbumgarhwagarhwagarhwagarhwagarhwagiridihgiridihgiridihgiridihgiridihgoddagoddagoddagoddagoddagumlagumlagumlagumlagumlahazaribaghhazaribaghhazaribaghhazaribaghhazaribaghjamtarajamtarajamtarajamtarajamtarakhuntikhuntikhuntikhuntikhuntikodermakodermakodermakodermakodermalateharlateharlateharlateharlateharlohardagalohardagalohardagalohardagalohardagapakurpakurpakurpakurpakurpalamupalamupalamupalamupalamuramgarhramgarhramgarhramgarhramgarhranchiranchiranchiranchiranchisahibganjsahibganjsahibganjsahibganjsahibganjsaraikelakharsawansaraikelakharsawansaraikelakharsawansaraikelakharsawansaraikelakharsawansimdegasimdegasimdegasimdegasimdegawest singhbhumwest singhbhumwest singhbhumwest singhbhumwest singhbhumbilaspurbilaspurbilaspurbilaspurbilaspurchambachambachambachambachambakangrakangrakangrakangrakangrakinnaurkinnaurkinnaurkinnaurkinnaurkullukullukullukullukullumandimandimandimandimandishimlashimlashimlashimlashimlasirmaursirmaursirmaursirmaursirmaursolansolansolansolansolanunaunaunaunaunakaimur (bhabua)kaimur (bhabua)kaimur (bhabua)kaimur (bhabua)kaimur (bhabua)baloda bazarbaloda bazarbaloda bazarbaloda bazarbaloda bazaruttar bastar kankeruttar bastar kankeruttar bastar kankeruttar bastar kankeruttar bastar kankerbemetarabemetarabemetarabemetarabemetarabijapurbijapurbijapurbijapurbijapurdantewadadantewadadantewadadantewadadantewadadhamtaridhamtaridhamtaridhamtaridhamtaridurgdurgdurgdurgdurggariabandgariabandgariabandgariabandgariabandjanjgirchampajanjgirchampajanjgirchampajanjgirchampajanjgirchampajashpurjashpurjashpurjashpurjashpurkabirdhamkabirdhamkabirdhamkabirdhamkabirdhamkondagaonkondagaonkondagaonkondagaonkondagaonkorbakorbakorbakorbakorbakoreakoreakoreakoreakoreamahasamundmahasamundmahasamundmahasamundmahasamundmungelimungelimungelimungelimungelinarayanpurnarayanpurnarayanpurnarayanpurnarayanpurraigarhraigarhraigarhraigarhraigarhraipurraipurraipurraipurraipurrajnandgaonrajnandgaonrajnandgaonrajnandgaonrajnandgaonsukmasukmasukmasukmasukmasurajpursurajpursurajpursurajpursurajpursurgujasurgujasurgujasurgujasurgujalahul and spitilahul and spitilahul and spitilahul and spitilahul and spitiarvalliarvalliarvalliarvalliarvallibanas kanthabanas kanthabanas kanthabanas kanthabanas kanthadevbhumi dwarkadevbhumi dwarkadevbhumi dwarkadevbhumi dwarkadevbhumi dwarkakachchhkachchhkachchhkachchhkachchhpatanpatanpatanpatanpatanrajkotrajkotrajkotrajkotrajkotahmadnagarahmadnagarahmadnagarahmadnagarahmadnagarakolaakolaakolaakolaakolabuldhanabuldhanabuldhanabuldhanabuldhanahingolihingolihingolihingolihingolijalgaonjalgaonjalgaonjalgaonjalgaonjalnajalnajalnajalnajalnaparbhaniparbhaniparbhaniparbhaniparbhaniwashimwashimwashimwashimwashimyavatmalyavatmalyavatmalyavatmalyavatmalagar malwaagar malwaagar malwaagar malwaagar malwaalirajpuralirajpuralirajpuralirajpuralirajpuranuppuranuppuranuppuranuppuranuppurashoknagarashoknagarashoknagarashoknagarashoknagarbalaghatbalaghatbalaghatbalaghatbalaghatbarwanibarwanibarwanibarwanibarwanibetulbetulbetulbetulbetulbhopalbhopalbhopalbhopalbhopalburhanpurburhanpurburhanpurburhanpurburhanpurchhatarpurchhatarpurchhatarpurchhatarpurchhatarpurchhindwarachhindwarachhindwarachhindwarachhindwaradamohdamohdamohdamohdamohdatiadatiadatiadatiadatiadewasdewasdewasdewasdewasdhardhardhardhardhardindoridindoridindoridindoridindorigunagunagunagunagunagwaliorgwaliorgwaliorgwaliorgwaliorhardahardahardahardahardahoshangabadhoshangabadhoshangabadhoshangabadhoshangabadindoreindoreindoreindoreindorejabalpurjabalpurjabalpurjabalpurjabalpurjhabuajhabuajhabuajhabuajhabuakatnikatnikatnikatnikatnikhandwakhandwakhandwakhandwakhandwakhargonekhargonekhargonekhargonekhargonemandlamandlamandlamandlamandlamandsaurmandsaurmandsaurmandsaurmandsaurmorenamorenamorenamorenamorenanarsinghpurnarsinghpurnarsinghpurnarsinghpurnarsinghpurneemuchneemuchneemuchneemuchneemuchpannapannapannapannapannaraisenraisenraisenraisenraisenrajgarhrajgarhrajgarhrajgarhrajgarhratlamratlamratlamratlamratlamrewarewarewarewarewasagarsagarsagarsagarsagarsatnasatnasatnasatnasatnasehoresehoresehoresehoresehoreseoniseoniseoniseoniseonishahdolshahdolshahdolshahdolshahdolshajapurshajapurshajapurshajapurshajapursheopursheopursheopursheopursheopurshivpurishivpurishivpurishivpurishivpurisidhisidhisidhisidhisidhisingraulisingraulisingraulisingraulisingraulitikamgarhtikamgarhtikamgarhtikamgarhtikamgarhujjainujjainujjainujjainujjainumariaumariaumariaumariaumariavidishavidishavidishavidishavidishabarmerbarmerbarmerbarmerbarmerchittaurgarhchittaurgarhchittaurgarhchittaurgarhchittaurgarhchuruchuruchuruchuruchurudausadausadausadausadausajaipurjaipurjaipurjaipurjaipurjalorejalorejalorejalorejalorejodhpurjodhpurjodhpurjodhpurjodhpurnagaurnagaurnagaurnagaurnagaurpalipalipalipalipalisikarsikarsikarsikarsikarsirohisirohisirohisirohisirohiharidwarharidwarharidwarharidwarharidwarudam singh nagarudam singh nagarudam singh nagarudam singh nagarudam singh nagarkanchipuramkanchipuramkanchipuramkanchipuramkanchipuramvillupuramvillupuramvillupuramvillupuramvillupurambhindbhindbhindbhindbhindbagalkotebagalkotebagalkotebagalkotebagalkotebuldanabuldanabuldanabuldanabuldanawardhawardhawardhawardhawardhasahebganjsahebganjsahebganjsahebganjsahebganjsaraikela kharsawansaraikela kharsawansaraikela kharsawansaraikela kharsawansaraikela kharsawangautam buddha nagargautam buddha nagargautam buddha nagargautam buddha nagargautam buddha nagarkherikherikherikherikherikushi nagarkushi nagarkushi nagarkushi nagarkushi nagarsant ravidas nagarsant ravidas nagarsant ravidas nagarsant ravidas nagarsant ravidas nagarmahendragarhmahendragarhmahendragarhmahendragarhmahendragarhjamnagarjamnagarjamnagarjamnagarjamnagarchamrajnagarchamrajnagarchamrajnagarchamrajnagarchamrajnagartumkurtumkurtumkurtumkurtumkurbalodbalodbalodbalodbalodbastarbastarbastarbastarbastargariyabandgariyabandgariyabandgariyabandgariyabandjanjgir-champajanjgir-champajanjgir-champajanjgir-champajanjgir-champakankerkankerkankerkankerkankeramreliamreliamreliamreliamrelibhavnagarbhavnagarbhavnagarbhavnagarbhavnagarbotadbotadbotadbotadbotadgir somnathgir somnathgir somnathgir somnathgir somnathjunagadhjunagadhjunagadhjunagadhjunagadhmorbimorbimorbimorbimorbikamrup metrokamrup metrokamrup metrokamrup metrokamrup metromarigaonmarigaonmarigaonmarigaonmarigaonbikanerbikanerbikanerbikanerbikanerjaisalmerjaisalmerjaisalmerjaisalmerjaisalmerjhunjhununjhunjhununjhunjhununjhunjhununjhunjhununshahjahanpurshahjahanpurshahjahanpurshahjahanpurshahjahanpurnicobarsnicobarsnicobarsnicobarsnicobarsnorth and middle andamannorth and middle andamannorth and middle andamannorth and middle andamannorth and middle andamansouth andamanssouth andamanssouth andamanssouth andamanssouth andamansanjawanjawanjawanjawanjawchanglangchanglangchanglangchanglangchanglangdibang valleydibang valleydibang valleydibang valleydibang valleyeast kamengeast kamengeast kamengeast kamengeast kamengeast siangeast siangeast siangeast siangeast siangkra daadikra daadikra daadikra daadikra daadikurung kumeykurung kumeykurung kumeykurung kumeykurung kumeylohitlohitlohitlohitlohitlongdinglongdinglongdinglongdinglongdinglower dibang valleylower dibang valleylower dibang valleylower dibang valleylower dibang valleylower subansirilower subansirilower subansirilower subansirilower subansirinamsainamsainamsainamsainamsaipapum parepapum parepapum parepapum parepapum paresiangsiangsiangsiangsiangtawangtawangtawangtawangtawangtiraptiraptiraptiraptirapupper siangupper siangupper siangupper siangupper siangupper subansiriupper subansiriupper subansiriupper subansiriupper subansiriwest kamengwest kamengwest kamengwest kamengwest kamengwest siangwest siangwest siangwest siangwest siangchandigarhchandigarhchandigarhchandigarhchandigarhdadra and nagar havelidadra and nagar havelidadra and nagar havelidadra and nagar havelidadra and nagar havelibishnupurbishnupurbishnupurbishnupurbishnupurchandelchandelchandelchandelchandelchurachandpurchurachandpurchurachandpurchurachandpurchurachandpurimphal eastimphal eastimphal eastimphal eastimphal eastimphal westimphal westimphal westimphal westimphal westsenapatisenapatisenapatisenapatisenapatitamenglongtamenglongtamenglongtamenglongtamenglongthoubalthoubalthoubalthoubalthoubalukhrulukhrulukhrulukhrulukhruleast garo hillseast garo hillseast garo hillseast garo hillseast garo hillseast jaintia hillseast jaintia hillseast jaintia hillseast jaintia hillseast jaintia hillseast khasi hillseast khasi hillseast khasi hillseast khasi hillseast khasi hillsnorth garo hillsnorth garo hillsnorth garo hillsnorth garo hillsnorth garo hillsri bhoiri bhoiri bhoiri bhoiri bhoisouth garo hillssouth garo hillssouth garo hillssouth garo hillssouth garo hillssouth west garo hillssouth west garo hillssouth west garo hillssouth west garo hillssouth west garo hillssouth west khasi hillssouth west khasi hillssouth west khasi hillssouth west khasi hillssouth west khasi hillswest garo hillswest garo hillswest garo hillswest garo hillswest garo hillswest jaintia hillswest jaintia hillswest jaintia hillswest jaintia hillswest jaintia hillswest khasi hillswest khasi hillswest khasi hillswest khasi hillswest khasi hillsaizawlaizawlaizawlaizawlaizawlchamphaichamphaichamphaichamphaichamphaikolasibkolasibkolasibkolasibkolasiblawngtlailawngtlailawngtlailawngtlailawngtlailungleilungleilungleilungleilungleimamitmamitmamitmamitmamitsaihasaihasaihasaihasaihaserchhipserchhipserchhipserchhipserchhipdimapurdimapurdimapurdimapurdimapurkiphirekiphirekiphirekiphirekiphirekohimakohimakohimakohimakohimalonglenglonglenglonglenglonglenglonglengmokokchungmokokchungmokokchungmokokchungmokokchungmonmonmonmonmonperenperenperenperenperenphekphekphekphekphektuensangtuensangtuensangtuensangtuensangwokhawokhawokhawokhawokhazunhebotozunhebotozunhebotozunhebotozunhebotokaraikalkaraikalkaraikalkaraikalkaraikalpondicherrypondicherrypondicherrypondicherrypondicherryyanamyanamyanamyanamyanameast districteast districteast districteast districteast districtnorth districtnorth districtnorth districtnorth districtnorth districtsouth districtsouth districtsouth districtsouth districtsouth districtwest districtwest districtwest districtwest districtwest districtadilabadadilabadadilabadadilabadadilabadbhadradribhadradribhadradribhadradribhadradrihanumakondahanumakondahanumakondahanumakondahanumakondajagitialjagitialjagitialjagitialjagitialjangoanjangoanjangoanjangoanjangoanjayashankarjayashankarjayashankarjayashankarjayashankarjogulambajogulambajogulambajogulambajogulambakamareddykamareddykamareddykamareddykamareddykarimnagarkarimnagarkarimnagarkarimnagarkarimnagarkhammamkhammamkhammamkhammamkhammamkomaram bheem asifabadkomaram bheem asifabadkomaram bheem asifabadkomaram bheem asifabadkomaram bheem asifabadmahabubabadmahabubabadmahabubabadmahabubabadmahabubabadmahbubnagarmahbubnagarmahbubnagarmahbubnagarmahbubnagarmancherialmancherialmancherialmancherialmancherialmedakmedakmedakmedakmedakmedchal malkajgirimedchal malkajgirimedchal malkajgirimedchal malkajgirimedchal malkajgirinagarkurnoolnagarkurnoolnagarkurnoolnagarkurnoolnagarkurnoolnalgondanalgondanalgondanalgondanalgondanirmalnirmalnirmalnirmalnirmalnizamabadnizamabadnizamabadnizamabadnizamabadpeddapallipeddapallipeddapallipeddapallipeddapallirajannarajannarajannarajannarajannarangareddirangareddirangareddirangareddirangareddisangareddysangareddysangareddysangareddysangareddysiddipetsiddipetsiddipetsiddipetsiddipetsuryapetsuryapetsuryapetsuryapetsuryapetvikarabadvikarabadvikarabadvikarabadvikarabadwanaparthywanaparthywanaparthywanaparthywanaparthywarangalwarangalwarangalwarangalwarangalyadadriyadadriyadadriyadadriyadadridhalaidhalaidhalaidhalaidhalaigomatigomatigomatigomatigomatikhowaikhowaikhowaikhowaikhowainorth tripuranorth tripuranorth tripuranorth tripuranorth tripurasepahijalasepahijalasepahijalasepahijalasepahijalasouth tripurasouth tripurasouth tripurasouth tripurasouth tripuraunakotiunakotiunakotiunakotiunakotiwest tripurawest tripurawest tripurawest tripurawest tripura,ricemaizebajraragijowarricemaizebajraragijowarricemaizebajraragijowarricemaizebajraragijowarricemaizebajraragijowarricemaizebajraragijowarricemaizebajraragijowarricemaizebajraragijowarricemaizebajraragijowarricemaizebajraragijowarricemaizebajraragijowarricemaizebajraragijowarricemaizebajraragijowarricemaizebajraragijowarricemaizebajraragijowarricemaizebajraragijowarricemaizebajraragijowarricemaizebajraragijowarricemaizebajraragijowarricemaizebajraragijowarricemaizebajraragijowarricemaizebajraragijowarricemaizebajraragijowarricemaizebajraragijowarricemaizebajraragijowarricemaizebajraragijowarricemaizebajraragijowarricemaizebajraragijowarricemaizebajraragijowarricemaizebajraragijowarricemaizebajraragijowarricemaizebajraragijowarricemaizebajraragijowarricemaizebajraragijowarricemaizebajraragijowarricemaizebajraragijowarricemaizebajraragijowarricemaizebajraragijowarricemaizebajraragijowarricemaizebajraragijowarricemaizebajraragijowarricemaizebajraragijowarricemaizebajraragijowarricemaizebajraragijowarricemaizebajraragijowarricemaizebajraragijowarricemaizebajraragijowarricemaizebajraragijowarricemaizebajraragijowarricemaizebajraragijowarricemaizebajraragijowarricemaizebajraragijowarricemaizebajraragijowarricemaizebajraragijowarricemaizebajraragijowarricemaizebajraragijowarricemaizebajraragijowarricemaizebajraragijowarricemaizebajraragijowarricemaizebajraragijowarricemaizebajraragijowarricemaizebajraragijowarricemaizebajraragijowarricemaizebajraragijowarricemaizebajraragijowarricemaizebajraragijowarricemaizebajraragijowarricemaizebajraragijowarricemaizebajraragijowarricemaizebajraragijowarricemaizebajraragijowarricemaizebajraragijowarricemaizebajraragijowarricemaizebajraragijowarricemaizebajraragijowarricemaizebajraragijowarricemaizebajraragijowarricemaizebajraragijowarricemaizebajraragijowarricemaizebajraragijowarricemaizebajraragijowarricemaizebajraragijowarricemaizebajraragijowarricemaizebajraragijowarricemaizebajraragijowarricemaizebajraragijowarricemaizebajraragijowarricemaizebajraragijowarricemaizebajraragijowarricemaizebajraragijowarricemaizebajraragijowarricemaizebajraragijowarricemaizebajraragijowarricemaizebajraragijowarricemaizebajraragijowarricemaizebajraragijowarricemaizebajraragijowarricemaizebajraragijowarricemaizebajraragijowarricemaizebajraragijowarricemaizebajraragijowarricemaizebajraragijowarricemaizebajraragijowarricemaizebajraragijowarricemaizebajraragijowarricemaizebajraragijowarricemaizebajraragijowarricemaizebajraragijowarricemaizebajraragijowarricemaizebajraragijowarricemaizebajraragijowarricemaizebajraragijowarricemaizebajraragijowarricemaizebajraragijowarricemaizebajraragijowarricemaizebajraragijowarricemaizebajraragijowarricemaizebajraragijowarricemaizebajraragijowarricemaizebajraragijowarricemaizebajraragijowarricemaizebajraragijowarricemaizebajraragijowarricemaizebajraragijowarricemaizebajraragijowarricemaizebajraragijowarricemaizebajraragijowarricemaizebajraragijowarricemaizebajraragijowarricemaizebajraragijowarricemaizebajraragijowarricemaizebajraragijowarricemaizebajraragijowarricemaizebajraragijowarricemaizebajraragijowarricemaizebajraragijowarricemaizebajraragijowarricemaizebajraragijowarricemaizebajraragijowarricemaizebajraragijowarricemaizebajraragijowarricemaizebajraragijowarricemaizebajraragijowarricemaizebajraragijowarricemaizebajraragijowarricemaizebajraragijowarricemaizebajraragijowarricemaizebajraragijowarricemaizebajraragijowarricemaizebajraragijowarricemaizebajraragijowarricemaizebajraragijowarricemaizebajraragijowarricemaizebajraragijowarricemaizebajraragijowarricemaizebajraragijowarricemaizebajraragijowarricemaizebajraragijowarricemaizebajraragijowarricemaizebajraragijowarricemaizebajraragijowarricemaizebajraragijowarricemaizebajraragijowarricemaizebajraragijowarricemaizebajraragijowarricemaizebajraragijowarricemaizebajraragijowarricemaizebajraragijowarricemaizebajraragijowarricemaizebajraragijowarricemaizebajraragijowarricemaizebajraragijowarricemaizebajraragijowarricemaizebajraragijowarricemaizebajraragijowarricemaizebajraragijowarricemaizebajraragijowarricemaizebajraragijowarricemaizebajraragijowarricemaizebajraragijowarricemaizebajraragijowarricemaizebajraragijowarricemaizebajraragijowarricemaizebajraragijowarricemaizebajraragijowarricemaizebajraragijowarricemaizebajraragijowarricemaizebajraragijowarricemaizebajraragijowarricemaizebajraragijowarricemaizebajraragijowarricemaizebajraragijowarricemaizebajraragijowarricemaizebajraragijowarricemaizebajraragijowarricemaizebajraragijowarricemaizebajraragijowarricemaizebajraragijowarricemaizebajraragijowarricemaizebajraragijowarricemaizebajraragijowarricemaizebajraragijowarricemaizebajraragijowarricemaizebajraragijowarricemaizebajraragijowarricemaizebajraragijowarricemaizebajraragijowarricemaizebajraragijowarricemaizebajraragijowarricemaizebajraragijowarricemaizebajraragijowarricemaizebajraragijowarricemaizebajraragijowarricemaizebajraragijowarricemaizebajraragijowarricemaizebajraragijowarricemaizebajraragijowarricemaizebajraragijowarricemaizebajraragijowarricemaizebajraragijowarricemaizebajraragijowarricemaizebajraragijowarricemaizebajraragijowarricemaizebajraragijowarricemaizebajraragijowarricemaizebajraragijowarricemaizebajraragijowarricemaizebajraragijowarricemaizebajraragijowarricemaizebajraragijowarricemaizebajraragijowarricemaizebajraragijowarricemaizebajraragijowarricemaizebajraragijowarricemaizebajraragijowarricemaizebajraragijowarricemaizebajraragijowarricemaizebajraragijowarricemaizebajraragijowarricemaizebajraragijowarricemaizebajraragijowarricemaizebajraragijowarricemaizebajraragijowarricemaizebajraragijowarricemaizebajraragijowarricemaizebajraragijowarricemaizebajraragijowarricemaizebajraragijowarricemaizebajraragijowarricemaizebajraragijowarricemaizebajraragijowarricemaizebajraragijowarricemaizebajraragijowarricemaizebajraragijowarricemaizebajraragijowarricemaizebajraragijowarricemaizebajraragijowarricemaizebajraragijowarricemaizebajraragijowarricemaizebajraragijowarricemaizebajraragijowarricemaizebajraragijowarricemaizebajraragijowarricemaizebajraragijowarricemaizebajraragijowarricemaizebajraragijowarricemaizebajraragijowarricemaizebajraragijowarricemaizebajraragijowarricemaizebajraragijowarricemaizebajraragijowarricemaizebajraragijowarricemaizebajraragijowarricemaizebajraragijowarricemaizebajraragijowarricemaizebajraragijowarricemaizebajraragijowarricemaizebajraragijowarricemaizebajraragijowarricemaizebajraragijowarricemaizebajraragijowarricemaizebajraragijowarricemaizebajraragijowarricemaizebajraragijowarricemaizebajraragijowarricemaizebajraragijowarricemaizebajraragijowarricemaizebajraragijowarricemaizebajraragijowarricemaizebajraragijowarricemaizebajraragijowarricemaizebajraragijowarricemaizebajraragijowarricemaizebajraragijowarricemaizebajraragijowarricemaizebajraragijowarricemaizebajraragijowarricemaizebajraragijowarricemaizebajraragijowarricemaizebajraragijowarricemaizebajraragijowarricemaizebajraragijowarricemaizebajraragijowarricemaizebajraragijowarricemaizebajraragijowarricemaizebajraragijowarricemaizebajraragijowarricemaizebajraragijowarricemaizebajraragijowarricemaizebajraragijowarricemaizebajraragijowarricemaizebajraragijowarricemaizebajraragijowarricemaizebajraragijowarricemaizebajraragijowarricemaizebajraragijowarricemaizebajraragijowarricemaizebajraragijowarricemaizebajraragijowarricemaizebajraragijowarricemaizebajraragijowarricemaizebajraragijowarricemaizebajraragijowarricemaizebajraragijowarricemaizebajraragijowarricemaizebajraragijowarricemaizebajraragijowarricemaizebajraragijowarricemaizebajraragijowarricemaizebajraragijowarricemaizebajraragijowarricemaizebajraragijowarricemaizebajraragijowarricemaizebajraragijowarricemaizebajraragijowarricemaizebajraragijowarricemaizebajraragijowarricemaizebajraragijowarricemaizebajraragijowarricemaizebajraragijowarricemaizebajraragijowarricemaizebajraragijowarricemaizebajraragijowarricemaizebajraragijowarricemaizebajraragijowarricemaizebajraragijowarricemaizebajraragijowarricemaizebajraragijowarricemaizebajraragijowarricemaizebajraragijowarricemaizebajraragijowarricemaizebajraragijowarricemaizebajraragijowarricemaizebajraragijowarricemaizebajraragijowarricemaizebajraragijowarricemaizebajraragijowarricemaizebajraragijowarricemaizebajraragijowarricemaizebajraragijowarricemaizebajraragijowarricemaizebajraragijowarricemaizebajraragijowarricemaizebajraragijowarricemaizebajraragijowarricemaizebajraragijowarricemaizebajraragijowarricemaizebajraragijowarricemaizebajraragijowarricemaizebajraragijowarricemaizebajraragijowarricemaizebajraragijowarricemaizebajraragijowarricemaizebajraragijowarricemaizebajraragijowarricemaizebajraragijowarricemaizebajraragijowarricemaizebajraragijowarricemaizebajraragijowarricemaizebajraragijowarricemaizebajraragijowarricemaizebajraragijowarricemaizebajraragijowarricemaizebajraragijowarricemaizebajraragijowarricemaizebajraragijowarricemaizebajraragijowarricemaizebajraragijowarricemaizebajraragijowarricemaizebajraragijowarricemaizebajraragijowarricemaizebajraragijowarricemaizebajraragijowarricemaizebajraragijowarricemaizebajraragijowarricemaizebajraragijowarricemaizebajraragijowarricemaizebajraragijowarricemaizebajraragijowarricemaizebajraragijowarricemaizebajraragijowarricemaizebajraragijowarricemaizebajraragijowarricemaizebajraragijowarricemaizebajraragijowarricemaizebajraragijowarricemaizebajraragijowarricemaizebajraragijowarricemaizebajraragijowarricemaizebajraragijowarricemaizebajraragijowarricemaizebajraragijowarricemaizebajraragijowarricemaizebajraragijowarricemaizebajraragijowarricemaizebajraragijowarricemaizebajraragijowarricemaizebajraragijowarricemaizebajraragijowarricemaizebajraragijowarricemaizebajraragijowarricemaizebajraragijowarricemaizebajraragijowarricemaizebajraragijowarricemaizebajraragijowarricemaizebajraragijowarricemaizebajraragijowarricemaizebajraragijowarricemaizebajraragijowarricemaizebajraragijowarricemaizebajraragijowarricemaizebajraragijowarricemaizebajraragijowarricemaizebajraragijowarricemaizebajraragijowarricemaizebajraragijowarricemaizebajraragijowarricemaizebajraragijowarricemaizebajraragijowarricemaizebajraragijowarricemaizebajraragijowarricemaizebajraragijowarricemaizebajraragijowarricemaizebajraragijowarricemaizebajraragijowarricemaizebajraragijowarricemaizebajraragijowarricemaizebajraragijowarricemaizebajraragijowarricemaizebajraragijowarricemaizebajraragijowarricemaizebajraragijowarricemaizebajraragijowarricemaizebajraragijowarricemaizebajraragijowarricemaizebajraragijowarricemaizebajraragijowarricemaizebajraragijowarricemaizebajraragijowarricemaizebajraragijowarricemaizebajraragijowarricemaizebajraragijowarricemaizebajraragijowarricemaizebajraragijowarricemaizebajraragijowarricemaizebajraragijowarricemaizebajraragijowarricemaizebajraragijowarricemaizebajraragijowarricemaizebajraragijowarricemaizebajraragijowarricemaizebajraragijowarricemaizebajraragijowarricemaizebajraragijowarricemaizebajraragijowarricemaizebajraragijowarricemaizebajraragijowarricemaizebajraragijowarricemaizebajraragijowarricemaizebajraragijowarricemaizebajraragijowarricemaizebajraragijowarricemaizebajraragijowarricemaizebajraragijowarricemaizebajraragijowarricemaizebajraragijowarricemaizebajraragijowarricemaizebajraragijowarricemaizebajraragijowarricemaizebajraragijowarricemaizebajraragijowarricemaizebajraragijowarricemaizebajraragijowarricemaizebajraragijowarricemaizebajraragijowarricemaizebajraragijowarricemaizebajraragijowarricemaizebajraragijowarricemaizebajraragijowarricemaizebajraragijowarricemaizebajraragijowarricemaizebajraragijowarricemaizebajraragijowarricemaizebajraragijowarricemaizebajraragijowarricemaizebajraragijowarricemaizebajraragijowarricemaizebajraragijowarricemaizebajraragijowarricemaizebajraragijowarricemaizebajraragijowarricemaizebajraragijowarricemaizebajraragijowarricemaizebajraragijowarricemaizebajraragijowarricemaizebajraragijowarricemaizebajraragijowarricemaizebajraragijowarricemaizebajraragijowarricemaizebajraragijowarricemaizebajraragijowarricemaizebajraragijowarricemaizebajraragijowarricemaizebajraragijowarricemaizebajraragijowarricemaizebajraragijowarricemaizebajraragijowarricemaizebajraragijowarricemaizebajraragijowarricemaizebajraragijowarricemaizebajraragijowarricemaizebajraragijowarricemaizebajraragijowarricemaizebajraragijowarricemaizebajraragijowarricemaizebajraragijowarricemaizebajraragijowarricemaizebajraragijowarricemaizebajraragijowarricemaizebajraragijowarricemaizebajraragijowarricemaizebajraragijowarricemaizebajraragijowarricemaizebajraragijowarricemaizebajraragijowarricemaizebajraragijowarricemaizebajraragijowarricemaizebajraragijowarricemaizebajraragijowarricemaizebajraragijowarricemaizebajraragijowarricemaizebajraragijowarricemaizebajraragijowarricemaizebajraragijowarricemaizebajraragijowarricemaizebajraragijowarricemaizebajraragijowarricemaizebajraragijowarricemaizebajraragijowarricemaizebajraragijowarricemaizebajraragijowarricemaizebajraragijowarricemaizebajraragijowarricemaizebajraragijowarricemaizebajraragijowarricemaizebajraragijowarricemaizebajraragijowarricemaizebajraragijowarricemaizebajraragijowarricemaizebajraragijowarricemaizebajraragijowarricemaizebajraragijowarricemaizebajraragijowarricemaizebajraragijowarricemaizebajraragijowarricemaizebajraragijowarricemaizebajraragijowarricemaizebajraragijowarricemaizebajraragijowarricemaizebajraragijowarricemaizebajraragijowarricemaizebajraragijowarricemaizebajraragijowarricemaizebajraragijowarricemaizebajraragijowarricemaizebajraragijowarricemaizebajraragijowarricemaizebajraragijowarricemaizebajraragijowarricemaizebajraragijowarricemaizebajraragijowarricemaizebajraragijowarricemaizebajraragijowarricemaizebajraragijowarricemaizebajraragijowarricemaizebajraragijowarricemaizebajraragijowarricemaizebajraragijowarricemaizebajraragijowarricemaizebajraragijowarricemaizebajraragijowarricemaizebajraragijowarricemaizebajraragijowarricemaizebajraragijowarricemaizebajraragijowarricemaizebajraragijowarricemaizebajraragijowarricemaizebajraragijowarricemaizebajraragijowarricemaizebajraragijowarricemaizebajraragijowarricemaizebajraragijowarricemaizebajraragijowarricemaizebajraragijowarricemaizebajraragijowarricemaizebajraragijowarricemaizebajraragijowarricemaizebajraragijowarricemaizebajraragijowarricemaizebajraragijowarricemaizebajraragijowarricemaizebajraragijowarricemaizebajraragijowarricemaizebajraragijowarricemaizebajraragijowarricemaizebajraragijowarricemaizebajraragijowarricemaizebajraragijowarricemaizebajraragijowarricemaizebajraragijowarricemaizebajraragijowarricemaizebajraragijowarricemaizebajraragijowarricemaizebajraragijowarricemaizebajraragijowarricemaizebajraragijowarricemaizebajraragijowarricemaizebajraragijowarricemaizebajraragijowarricemaizebajraragijowarricemaizebajraragijowarricemaizebajraragijowarricemaizebajraragijowarricemaizebajraragijowarricemaizebajraragijowarricemaizebajraragijowarricemaizebajraragijowarricemaizebajraragijowarricemaizebajraragijowarricemaizebajraragijowarricemaizebajraragijowarricemaizebajraragijowarricemaizebajraragijowarricemaizebajraragijowarricemaizebajraragijowarricemaizebajraragijowarricemaizebajraragijowarricemaizebajraragijowarricemaizebajraragijowarricemaizebajraragijowarricemaizebajraragijowarricemaizebajraragijowarricemaizebajraragijowarricemaizebajraragijowarricemaizebajraragijowarricemaizebajraragijowarricemaizebajraragijowarricemaizebajraragijowarricemaizebajraragijowarricemaizebajraragijowarricemaizebajraragijowarricemaizebajraragijowarricemaizebajraragijowarricemaizebajraragijowarricemaizebajraragijowarricemaizebajraragijowarricemaizebajraragijowarricemaizebajraragijowarricemaizebajraragijowarricemaizebajraragijowarricemaizebajraragijowarricemaizebajraragijowarricemaizebajraragijowarricemaizebajraragijowarricemaizebajraragijowarricemaizebajraragijowarricemaizebajraragijowarricemaizebajraragijowarricemaizebajraragijowarricemaizebajraragijowarricemaizebajraragijowarricemaizebajraragijowarricemaizebajraragijowarricemaizebajraragijowarricemaizebajraragijowarricemaizebajraragijowarricemaizebajraragijowarricemaizebajraragijowarricemaizebajraragijowarricemaizebajraragijowarricemaizebajraragijowarricemaizebajraragijowarricemaizebajraragijowarricemaizebajraragijowarricemaizebajraragijowarricemaizebajraragijowarricemaizebajraragijowar,2967377.0,2967377.0,300769.678235,9261374645.155205,9275368999.847818,312769000.51655084,405268737.67398494,154327969.4007046,213400133.52453738,194393674.01397625,274065638.6758267,122967590.78442648,181490386.624977,31716232098416.96,31716232099454.824,2959372.8051002473,7219548.330119421,43660819.18353907,61555142.446590684,7639671.388749267,10770779.59995999,5897603629.985532,12233981926.824791,-8331157528.821888,-24152535972.16049,2967377.0,51.79326187286434,29.07039534280652,32.245672582911624,22.82429621597034,27.681409166991216,3.272341046047018e-09,65.50607547619502,59.00889266501669,29.070395342806513,29.070395342806517
14,kerala,ariyalurariyalurariyalurariyalurariyalurcoimbatorecoimbatorecoimbatorecoimbatorecoimbatorecuddalorecuddalorecuddalorecuddalorecuddaloredharmapuridharmapuridharmapuridharmapuridharmapuridindiguldindiguldindiguldindiguldindigulerodeerodeerodeerodeerodekancheepuramkancheepuramkancheepuramkancheepuramkancheepuramkanniyakumarikanniyakumarikanniyakumarikanniyakumarikanniyakumarikarurkarurkarurkarurkarurkrishnagirikrishnagirikrishnagirikrishnagirikrishnagirimaduraimaduraimaduraimaduraimadurainagappattinamnagappattinamnagappattinamnagappattinamnagappattinamnamakkalnamakkalnamakkalnamakkalnamakkalperambalurperambalurperambalurperambalurperambalurpudukkottaipudukkottaipudukkottaipudukkottaipudukkottairamanathapuramramanathapuramramanathapuramramanathapuramramanathapuramsalemsalemsalemsalemsalemsivagangasivagangasivagangasivagangasivagangathanjavurthanjavurthanjavurthanjavurthanjavurthe nilgiristhe nilgiristhe nilgiristhe nilgiristhe nilgiristhenithenithenithenithenithiruvallurthiruvallurthiruvallurthiruvallurthiruvallurthiruvarurthiruvarurthiruvarurthiruvarurthiruvarurtiruchirappallitiruchirappallitiruchirappallitiruchirappallitiruchirappallitirunelvelitirunelvelitirunelvelitirunelvelitirunelvelitiruppurtiruppurtiruppurtiruppurtiruppurtiruvannamalaitiruvannamalaitiruvannamalaitiruvannamalaitiruvannamalaituticorintuticorintuticorintuticorintuticorinvellorevellorevellorevellorevelloreviluppuramviluppuramviluppuramviluppuramviluppuramvirudhunagarvirudhunagarvirudhunagarvirudhunagarvirudhunagaramritsaramritsaramritsaramritsaramritsarbarnalabarnalabarnalabarnalabarnalabathindabathindabathindabathindabathindafaridkotfaridkotfaridkotfaridkotfaridkotfatehgarh sahibfatehgarh sahibfatehgarh sahibfatehgarh sahibfatehgarh sahibfazilkafazilkafazilkafazilkafazilkafirozpurfirozpurfirozpurfirozpurfirozpurgurdaspurgurdaspurgurdaspurgurdaspurgurdaspurhoshiarpurhoshiarpurhoshiarpurhoshiarpurhoshiarpurjalandharjalandharjalandharjalandharjalandharkapurthalakapurthalakapurthalakapurthalakapurthalaludhianaludhianaludhianaludhianaludhianamansamansamansamansamansamogamogamogamogamogamuktsarmuktsarmuktsarmuktsarmuktsarpathankotpathankotpathankotpathankotpathankotpatialapatialapatialapatialapatialarupnagarrupnagarrupnagarrupnagarrupnagarsangrursangrursangrursangrursangrurshahid bhagat singh nagarshahid bhagat singh nagarshahid bhagat singh nagarshahid bhagat singh nagarshahid bhagat singh nagartarn tarantarn tarantarn tarantarn tarantarn taranambalaambalaambalaambalaambalabhiwanibhiwanibhiwanibhiwanibhiwanicharki dadricharki dadricharki dadricharki dadricharki dadrifaridabadfaridabadfaridabadfaridabadfaridabadfatehabadfatehabadfatehabadfatehabadfatehabadgurgaongurgaongurgaongurgaongurgaonhisarhisarhisarhisarhisarjhajjarjhajjarjhajjarjhajjarjhajjarjindjindjindjindjindkaithalkaithalkaithalkaithalkaithalkarnalkarnalkarnalkarnalkarnalkurukshetrakurukshetrakurukshetrakurukshetrakurukshetramewatmewatmewatmewatmewatpalwalpalwalpalwalpalwalpalwalpanchkulapanchkulapanchkulapanchkulapanchkulapanipatpanipatpanipatpanipatpanipatrewarirewarirewarirewarirewarirohtakrohtakrohtakrohtakrohtaksirsasirsasirsasirsasirsasonipatsonipatsonipatsonipatsonipatyamunanagaryamunanagaryamunanagaryamunanagaryamunanagaranantapuranantapuranantapuranantapuranantapurchittoorchittoorchittoorchittoorchittooreast godavarieast godavarieast godavarieast godavarieast godavarigunturgunturgunturgunturgunturkadapakadapakadapakadapakadapakrishnakrishnakrishnakrishnakrishnakurnoolkurnoolkurnoolkurnoolkurnoolprakasamprakasamprakasamprakasamprakasamnellorenellorenellorenellorenelloresrikakulamsrikakulamsrikakulamsrikakulamsrikakulamvisakhapatnamvisakhapatnamvisakhapatnamvisakhapatnamvisakhapatnamvizianagaramvizianagaramvizianagaramvizianagaramvizianagaramwest godavariwest godavariwest godavariwest godavariwest godavariballariballariballariballariballaribangalore ruralbangalore ruralbangalore ruralbangalore ruralbangalore ruralbelagavibelagavibelagavibelagavibelagavibengaluru urbanbengaluru urbanbengaluru urbanbengaluru urbanbengaluru urbanbidarbidarbidarbidarbidarchamarajanagarachamarajanagarachamarajanagarachamarajanagarachamarajanagarachikkaballapurachikkaballapurachikkaballapurachikkaballapurachikkaballapurachikmagalurchikmagalurchikmagalurchikmagalurchikmagalurchitradurgachitradurgachitradurgachitradurgachitradurgadakshina kannadadakshina kannadadakshina kannadadakshina kannadadakshina kannadadavangeredavangeredavangeredavangeredavangeredharwaddharwaddharwaddharwaddharwadgadaggadaggadaggadaggadaghassanhassanhassanhassanhassanhaverihaverihaverihaverihaverikalaburagikalaburagikalaburagikalaburagikalaburagikodagukodagukodagukodagukodagukolarkolarkolarkolarkolarkoppalkoppalkoppalkoppalkoppalmandyamandyamandyamandyamandyamysurumysurumysurumysurumysururaichurraichurraichurraichurraichurramanagararamanagararamanagararamanagararamanagarashivamoggashivamoggashivamoggashivamoggashivamoggatumakurutumakurutumakurutumakurutumakuruudupiudupiudupiudupiudupiuttara kannadauttara kannadauttara kannadauttara kannadauttara kannadavijayapuravijayapuravijayapuravijayapuravijayapurayadgiryadgiryadgiryadgiryadgiralmoraalmoraalmoraalmoraalmorabageshwarbageshwarbageshwarbageshwarbageshwarchamolichamolichamolichamolichamolichampawatchampawatchampawatchampawatchampawatdehradundehradundehradundehradundehradunhardwarhardwarhardwarhardwarhardwarnainitalnainitalnainitalnainitalnainitalpauri garhwalpauri garhwalpauri garhwalpauri garhwalpauri garhwalpithoragarhpithoragarhpithoragarhpithoragarhpithoragarhrudra prayagrudra prayagrudra prayagrudra prayagrudra prayagtehri garhwaltehri garhwaltehri garhwaltehri garhwaltehri garhwaludham singh nagarudham singh nagarudham singh nagarudham singh nagarudham singh nagaruttar kashiuttar kashiuttar kashiuttar kashiuttar kashispsr nellorespsr nellorespsr nellorespsr nellorespsr nellorevisakhapatanamvisakhapatanamvisakhapatanamvisakhapatanamvisakhapatanamparaganas northparaganas northparaganas northparaganas northparaganas northparaganas southparaganas southparaganas southparaganas southparaganas southalipurduaralipurduaralipurduaralipurduaralipurduarbankurabankurabankurabankurabankurabirbhumbirbhumbirbhumbirbhumbirbhumcoochbeharcoochbeharcoochbeharcoochbeharcoochbehardarjeelingdarjeelingdarjeelingdarjeelingdarjeelingdakshin dinajpurdakshin dinajpurdakshin dinajpurdakshin dinajpurdakshin dinajpuruttar dinajpuruttar dinajpuruttar dinajpuruttar dinajpuruttar dinajpurhooghlyhooghlyhooghlyhooghlyhooghlyhowrahhowrahhowrahhowrahhowrahjalpaigurijalpaigurijalpaigurijalpaigurijalpaigurijhargramjhargramjhargramjhargramjhargramkalimpongkalimpongkalimpongkalimpongkalimpongmaldahmaldahmaldahmaldahmaldahmedinipur eastmedinipur eastmedinipur eastmedinipur eastmedinipur eastmedinipur westmedinipur westmedinipur westmedinipur westmedinipur westmurshidabadmurshidabadmurshidabadmurshidabadmurshidabadnadianadianadianadianadiabarddhamanbarddhamanbarddhamanbarddhamanbarddhamanpuruliyapuruliyapuruliyapuruliyapuruliyaalappuzhaalappuzhaalappuzhaalappuzhaalappuzhaernakulamernakulamernakulamernakulamernakulamidukkiidukkiidukkiidukkiidukkikannurkannurkannurkannurkannurkasaragodkasaragodkasaragodkasaragodkasaragodkollamkollamkollamkollamkollamkottayamkottayamkottayamkottayamkottayamkozhikodekozhikodekozhikodekozhikodekozhikodemalappurammalappurammalappurammalappurammalappurampalakkadpalakkadpalakkadpalakkadpalakkadpathanamthittapathanamthittapathanamthittapathanamthittapathanamthittathiruvananthapuramthiruvananthapuramthiruvananthapuramthiruvananthapuramthiruvananthapuramthrissurthrissurthrissurthrissurthrissurwayanadwayanadwayanadwayanadwayanadbagalkotbagalkotbagalkotbagalkotbagalkotchikballapurachikballapurachikballapurachikballapurachikballapurachikkamagaluruchikkamagaluruchikkamagaluruchikkamagaluruchikkamagalurudavanageredavanageredavanageredavanageredavanagereyadagiriyadagiriyadagiriyadagiriyadagiriagraagraagraagraagraaligarhaligarhaligarhaligarhaligarhallahabadallahabadallahabadallahabadallahabadambedkar nagarambedkar nagarambedkar nagarambedkar nagarambedkar nagaramethiamethiamethiamethiamethiamrohaamrohaamrohaamrohaamrohaauraiyaauraiyaauraiyaauraiyaauraiyaazamgarhazamgarhazamgarhazamgarhazamgarhbaghpatbaghpatbaghpatbaghpatbaghpatbahraichbahraichbahraichbahraichbahraichballiaballiaballiaballiaballiabalrampurbalrampurbalrampurbalrampurbalrampurbandabandabandabandabandabarabankibarabankibarabankibarabankibarabankibareillybareillybareillybareillybareillybastibastibastibastibastibijnorbijnorbijnorbijnorbijnorbudaunbudaunbudaunbudaunbudaunbulandshahrbulandshahrbulandshahrbulandshahrbulandshahrchandaulichandaulichandaulichandaulichandaulichitrakootchitrakootchitrakootchitrakootchitrakootdeoriadeoriadeoriadeoriadeoriaetahetahetahetahetahetawahetawahetawahetawahetawahfaizabadfaizabadfaizabadfaizabadfaizabadfarrukhabadfarrukhabadfarrukhabadfarrukhabadfarrukhabadfatehpurfatehpurfatehpurfatehpurfatehpurfirozabadfirozabadfirozabadfirozabadfirozabadkanpur nagarkanpur nagarkanpur nagarkanpur nagarkanpur nagarghaziabadghaziabadghaziabadghaziabadghaziabadghazipurghazipurghazipurghazipurghazipurgondagondagondagondagondagorakhpurgorakhpurgorakhpurgorakhpurgorakhpurhamirpurhamirpurhamirpurhamirpurhamirpurhapurhapurhapurhapurhapurhardoihardoihardoihardoihardoihathrashathrashathrashathrashathrasjalaunjalaunjalaunjalaunjalaunjaunpurjaunpurjaunpurjaunpurjaunpurjhansijhansijhansijhansijhansikannaujkannaujkannaujkannaujkannaujkanpur dehatkanpur dehatkanpur dehatkanpur dehatkanpur dehatkasganjkasganjkasganjkasganjkasganjkaushambikaushambikaushambikaushambikaushambilakhimpur kherilakhimpur kherilakhimpur kherilakhimpur kherilakhimpur kherikushinagarkushinagarkushinagarkushinagarkushinagarlalitpurlalitpurlalitpurlalitpurlalitpurlucknowlucknowlucknowlucknowlucknowmaharajganjmaharajganjmaharajganjmaharajganjmaharajganjmahobamahobamahobamahobamahobamainpurimainpurimainpurimainpurimainpurimathuramathuramathuramathuramathuramaumaumaumaumaumeerutmeerutmeerutmeerutmeerutmirzapurmirzapurmirzapurmirzapurmirzapurmoradabadmoradabadmoradabadmoradabadmoradabadmuzaffarnagarmuzaffarnagarmuzaffarnagarmuzaffarnagarmuzaffarnagarpilibhitpilibhitpilibhitpilibhitpilibhitpratapgarhpratapgarhpratapgarhpratapgarhpratapgarhrae barelirae barelirae barelirae barelirae barelirampurrampurrampurrampurrampursaharanpursaharanpursaharanpursaharanpursaharanpursambhalsambhalsambhalsambhalsambhalsant kabeer nagarsant kabeer nagarsant kabeer nagarsant kabeer nagarsant kabeer nagarsant ravi das nagarsant ravi das nagarsant ravi das nagarsant ravi das nagarsant ravi das nagarshahajahanpurshahajahanpurshahajahanpurshahajahanpurshahajahanpurshamlishamlishamlishamlishamlishravastishravastishravastishravastishravastisiddharth nagarsiddharth nagarsiddharth nagarsiddharth nagarsiddharth nagarsitapursitapursitapursitapursitapursonbhadrasonbhadrasonbhadrasonbhadrasonbhadrasultanpursultanpursultanpursultanpursultanpurunnaounnaounnaounnaounnaovaranasivaranasivaranasivaranasivaranasiahmednagarahmednagarahmednagarahmednagarahmednagaramravatiamravatiamravatiamravatiamravatibeedbeedbeedbeedbeedbhandarabhandarabhandarabhandarabhandarachandrapurchandrapurchandrapurchandrapurchandrapurdhuledhuledhuledhuledhulegadchiroligadchiroligadchiroligadchiroligadchiroligondiagondiagondiagondiagondiakolhapurkolhapurkolhapurkolhapurkolhapurlaturlaturlaturlaturlaturnagpurnagpurnagpurnagpurnagpurnandednandednandednandednandednandurbarnandurbarnandurbarnandurbarnandurbarnashiknashiknashiknashiknashikosmanabadosmanabadosmanabadosmanabadosmanabadpalgharpalgharpalgharpalgharpalgharpunepunepunepunepuneraigadraigadraigadraigadraigadratnagiriratnagiriratnagiriratnagiriratnagirisanglisanglisanglisanglisanglisatarasatarasatarasatarasatarasindhudurgsindhudurgsindhudurgsindhudurgsindhudurgsolapursolapursolapursolapursolapurthanethanethanethanethaneanantnaganantnaganantnaganantnaganantnagbadgambadgambadgambadgambadgambandiporabandiporabandiporabandiporabandiporabaramullabaramullabaramullabaramullabaramulladodadodadodadodadodaganderbalganderbalganderbalganderbalganderbaljammujammujammujammujammukathuakathuakathuakathuakathuakishtwarkishtwarkishtwarkishtwarkishtwarkulgamkulgamkulgamkulgamkulgamkupwarakupwarakupwarakupwarakupwarapoonchpoonchpoonchpoonchpoonchpulwamapulwamapulwamapulwamapulwamarajaurirajaurirajaurirajaurirajaurirambanrambanrambanrambanrambanreasireasireasireasireasisambasambasambasambasambashopianshopianshopianshopianshopiansrinagarsrinagarsrinagarsrinagarsrinagarudhampurudhampurudhampurudhampurudhampurahmadabadahmadabadahmadabadahmadabadahmadabadanandanandanandanandanandaravalliaravalliaravalliaravalliaravallibharuchbharuchbharuchbharuchbharuchchhotaudepurchhotaudepurchhotaudepurchhotaudepurchhotaudepurdangdangdangdangdangdohaddohaddohaddohaddohadgandhinagargandhinagargandhinagargandhinagargandhinagarkhedakhedakhedakhedakhedamahesanamahesanamahesanamahesanamahesanamahisagarmahisagarmahisagarmahisagarmahisagarnarmadanarmadanarmadanarmadanarmadanavsarinavsarinavsarinavsarinavsaripanch mahalspanch mahalspanch mahalspanch mahalspanch mahalssabar kanthasabar kanthasabar kanthasabar kanthasabar kanthasuratsuratsuratsuratsuratsurendranagarsurendranagarsurendranagarsurendranagarsurendranagartapitapitapitapitapivadodaravadodaravadodaravadodaravadodaravalsadvalsadvalsadvalsadvalsadajmerajmerajmerajmerajmeralwaralwaralwaralwaralwarbanswarabanswarabanswarabanswarabanswarabaranbaranbaranbaranbaranbharatpurbharatpurbharatpurbharatpurbharatpurbhilwarabhilwarabhilwarabhilwarabhilwarabundibundibundibundibundichittorgarhchittorgarhchittorgarhchittorgarhchittorgarhdholpurdholpurdholpurdholpurdholpurdungarpurdungarpurdungarpurdungarpurdungarpurganganagarganganagarganganagarganganagarganganagarhanumangarhhanumangarhhanumangarhhanumangarhhanumangarhjhalawarjhalawarjhalawarjhalawarjhalawarkaraulikaraulikaraulikaraulikaraulikotakotakotakotakotarajsamandrajsamandrajsamandrajsamandrajsamandsawai madhopursawai madhopursawai madhopursawai madhopursawai madhopurtonktonktonktonktonkudaipurudaipurudaipurudaipurudaipurarariaarariaarariaarariaarariaarwalarwalarwalarwalarwalaurangabadaurangabadaurangabadaurangabadaurangabadbankabankabankabankabankabegusaraibegusaraibegusaraibegusaraibegusaraibhagalpurbhagalpurbhagalpurbhagalpurbhagalpurbhojpurbhojpurbhojpurbhojpurbhojpurbuxarbuxarbuxarbuxarbuxardarbhangadarbhangadarbhangadarbhangadarbhangagayagayagayagayagayagopalganjgopalganjgopalganjgopalganjgopalganjjamuijamuijamuijamuijamuijehanabadjehanabadjehanabadjehanabadjehanabadkaimurkaimurkaimurkaimurkaimurkatiharkatiharkatiharkatiharkatiharkhagariakhagariakhagariakhagariakhagariakishanganjkishanganjkishanganjkishanganjkishanganjlakhisarailakhisarailakhisarailakhisarailakhisaraimadhepuramadhepuramadhepuramadhepuramadhepuramadhubanimadhubanimadhubanimadhubanimadhubanimungermungermungermungermungermuzaffarpurmuzaffarpurmuzaffarpurmuzaffarpurmuzaffarpurnalandanalandanalandanalandanalandanawadanawadanawadanawadanawadapashchim champaranpashchim champaranpashchim champaranpashchim champaranpashchim champaranpatnapatnapatnapatnapatnapurbi champaranpurbi champaranpurbi champaranpurbi champaranpurbi champaranpurniapurniapurniapurniapurniarohtasrohtasrohtasrohtasrohtassaharsasaharsasaharsasaharsasaharsasamastipursamastipursamastipursamastipursamastipursaransaransaransaransaransheikhpurasheikhpurasheikhpurasheikhpurasheikhpurasheoharsheoharsheoharsheoharsheoharsitamarhisitamarhisitamarhisitamarhisitamarhisiwansiwansiwansiwansiwansupaulsupaulsupaulsupaulsupaulvaishalivaishalivaishalivaishalivaishalidinajpur dakshindinajpur dakshindinajpur dakshindinajpur dakshindinajpur dakshindinajpur uttardinajpur uttardinajpur uttardinajpur uttardinajpur uttarpaschim bardhamanpaschim bardhamanpaschim bardhamanpaschim bardhamanpaschim bardhamanpurba bardhamanpurba bardhamanpurba bardhamanpurba bardhamanpurba bardhamanpuruliapuruliapuruliapuruliapurulianagapattinamnagapattinamnagapattinamnagapattinamnagapattinamvirudunagarvirudunagarvirudunagarvirudunagarvirudunagaranugulanugulanugulanugulanugulbalangirbalangirbalangirbalangirbalangirbaleshwarbaleshwarbaleshwarbaleshwarbaleshwarbargarhbargarhbargarhbargarhbargarhbhadrakbhadrakbhadrakbhadrakbhadrakboudhboudhboudhboudhboudhcuttackcuttackcuttackcuttackcuttackdeogarhdeogarhdeogarhdeogarhdeogarhdhenkanaldhenkanaldhenkanaldhenkanaldhenkanalgajapatigajapatigajapatigajapatigajapatiganjamganjamganjamganjamganjamjagatsinghapurjagatsinghapurjagatsinghapurjagatsinghapurjagatsinghapurjajapurjajapurjajapurjajapurjajapurjharsugudajharsugudajharsugudajharsugudajharsugudakalahandikalahandikalahandikalahandikalahandikandhamalkandhamalkandhamalkandhamalkandhamalkendraparakendraparakendraparakendraparakendraparakendujharkendujharkendujharkendujharkendujharkhordhakhordhakhordhakhordhakhordhakoraputkoraputkoraputkoraputkoraputmalkangirimalkangirimalkangirimalkangirimalkangirimayurbhanjmayurbhanjmayurbhanjmayurbhanjmayurbhanjnabarangpurnabarangpurnabarangpurnabarangpurnabarangpurnayagarhnayagarhnayagarhnayagarhnayagarhnuapadanuapadanuapadanuapadanuapadapuripuripuripuripurirayagadarayagadarayagadarayagadarayagadasambalpursambalpursambalpursambalpursambalpursonepursonepursonepursonepursonepursundargarhsundargarhsundargarhsundargarhsundargarhbaksabaksabaksabaksabaksabarpetabarpetabarpetabarpetabarpetabongaigaonbongaigaonbongaigaonbongaigaonbongaigaoncacharcacharcacharcacharcacharchirangchirangchirangchirangchirangdarrangdarrangdarrangdarrangdarrangdhemajidhemajidhemajidhemajidhemajidhubridhubridhubridhubridhubridibrugarhdibrugarhdibrugarhdibrugarhdibrugarhdima hasaodima hasaodima hasaodima hasaodima hasaogoalparagoalparagoalparagoalparagoalparagolaghatgolaghatgolaghatgolaghatgolaghathailakandihailakandihailakandihailakandihailakandijorhatjorhatjorhatjorhatjorhatkamrupkamrupkamrupkamrupkamrupkarbi anglongkarbi anglongkarbi anglongkarbi anglongkarbi anglongkarimganjkarimganjkarimganjkarimganjkarimganjkokrajharkokrajharkokrajharkokrajharkokrajharlakhimpurlakhimpurlakhimpurlakhimpurlakhimpurmorigaonmorigaonmorigaonmorigaonmorigaonnagaonnagaonnagaonnagaonnagaonnalbarinalbarinalbarinalbarinalbarisivasagarsivasagarsivasagarsivasagarsivasagarsonitpursonitpursonitpursonitpursonitpurtinsukiatinsukiatinsukiatinsukiatinsukiaudalguriudalguriudalguriudalguriudalguribokarobokarobokarobokarobokarochatrachatrachatrachatrachatradeoghardeoghardeoghardeoghardeoghardhanbaddhanbaddhanbaddhanbaddhanbaddumkadumkadumkadumkadumkaeast singhbumeast singhbumeast singhbumeast singhbumeast singhbumgarhwagarhwagarhwagarhwagarhwagiridihgiridihgiridihgiridihgiridihgoddagoddagoddagoddagoddagumlagumlagumlagumlagumlahazaribaghhazaribaghhazaribaghhazaribaghhazaribaghjamtarajamtarajamtarajamtarajamtarakhuntikhuntikhuntikhuntikhuntikodermakodermakodermakodermakodermalateharlateharlateharlateharlateharlohardagalohardagalohardagalohardagalohardagapakurpakurpakurpakurpakurpalamupalamupalamupalamupalamuramgarhramgarhramgarhramgarhramgarhranchiranchiranchiranchiranchisahibganjsahibganjsahibganjsahibganjsahibganjsaraikelakharsawansaraikelakharsawansaraikelakharsawansaraikelakharsawansaraikelakharsawansimdegasimdegasimdegasimdegasimdegawest singhbhumwest singhbhumwest singhbhumwest singhbhumwest singhbhumbilaspurbilaspurbilaspurbilaspurbilaspurchambachambachambachambachambakangrakangrakangrakangrakangrakinnaurkinnaurkinnaurkinnaurkinnaurkullukullukullukullukullumandimandimandimandimandishimlashimlashimlashimlashimlasirmaursirmaursirmaursirmaursirmaursolansolansolansolansolanunaunaunaunaunakaimur (bhabua)kaimur (bhabua)kaimur (bhabua)kaimur (bhabua)kaimur (bhabua)baloda bazarbaloda bazarbaloda bazarbaloda bazarbaloda bazaruttar bastar kankeruttar bastar kankeruttar bastar kankeruttar bastar kankeruttar bastar kankerbemetarabemetarabemetarabemetarabemetarabijapurbijapurbijapurbijapurbijapurdantewadadantewadadantewadadantewadadantewadadhamtaridhamtaridhamtaridhamtaridhamtaridurgdurgdurgdurgdurggariabandgariabandgariabandgariabandgariabandjanjgirchampajanjgirchampajanjgirchampajanjgirchampajanjgirchampajashpurjashpurjashpurjashpurjashpurkabirdhamkabirdhamkabirdhamkabirdhamkabirdhamkondagaonkondagaonkondagaonkondagaonkondagaonkorbakorbakorbakorbakorbakoreakoreakoreakoreakoreamahasamundmahasamundmahasamundmahasamundmahasamundmungelimungelimungelimungelimungelinarayanpurnarayanpurnarayanpurnarayanpurnarayanpurraigarhraigarhraigarhraigarhraigarhraipurraipurraipurraipurraipurrajnandgaonrajnandgaonrajnandgaonrajnandgaonrajnandgaonsukmasukmasukmasukmasukmasurajpursurajpursurajpursurajpursurajpursurgujasurgujasurgujasurgujasurgujalahul and spitilahul and spitilahul and spitilahul and spitilahul and spitiarvalliarvalliarvalliarvalliarvallibanas kanthabanas kanthabanas kanthabanas kanthabanas kanthadevbhumi dwarkadevbhumi dwarkadevbhumi dwarkadevbhumi dwarkadevbhumi dwarkakachchhkachchhkachchhkachchhkachchhpatanpatanpatanpatanpatanrajkotrajkotrajkotrajkotrajkotahmadnagarahmadnagarahmadnagarahmadnagarahmadnagarakolaakolaakolaakolaakolabuldhanabuldhanabuldhanabuldhanabuldhanahingolihingolihingolihingolihingolijalgaonjalgaonjalgaonjalgaonjalgaonjalnajalnajalnajalnajalnaparbhaniparbhaniparbhaniparbhaniparbhaniwashimwashimwashimwashimwashimyavatmalyavatmalyavatmalyavatmalyavatmalagar malwaagar malwaagar malwaagar malwaagar malwaalirajpuralirajpuralirajpuralirajpuralirajpuranuppuranuppuranuppuranuppuranuppurashoknagarashoknagarashoknagarashoknagarashoknagarbalaghatbalaghatbalaghatbalaghatbalaghatbarwanibarwanibarwanibarwanibarwanibetulbetulbetulbetulbetulbhopalbhopalbhopalbhopalbhopalburhanpurburhanpurburhanpurburhanpurburhanpurchhatarpurchhatarpurchhatarpurchhatarpurchhatarpurchhindwarachhindwarachhindwarachhindwarachhindwaradamohdamohdamohdamohdamohdatiadatiadatiadatiadatiadewasdewasdewasdewasdewasdhardhardhardhardhardindoridindoridindoridindoridindorigunagunagunagunagunagwaliorgwaliorgwaliorgwaliorgwaliorhardahardahardahardahardahoshangabadhoshangabadhoshangabadhoshangabadhoshangabadindoreindoreindoreindoreindorejabalpurjabalpurjabalpurjabalpurjabalpurjhabuajhabuajhabuajhabuajhabuakatnikatnikatnikatnikatnikhandwakhandwakhandwakhandwakhandwakhargonekhargonekhargonekhargonekhargonemandlamandlamandlamandlamandlamandsaurmandsaurmandsaurmandsaurmandsaurmorenamorenamorenamorenamorenanarsinghpurnarsinghpurnarsinghpurnarsinghpurnarsinghpurneemuchneemuchneemuchneemuchneemuchpannapannapannapannapannaraisenraisenraisenraisenraisenrajgarhrajgarhrajgarhrajgarhrajgarhratlamratlamratlamratlamratlamrewarewarewarewarewasagarsagarsagarsagarsagarsatnasatnasatnasatnasatnasehoresehoresehoresehoresehoreseoniseoniseoniseoniseonishahdolshahdolshahdolshahdolshahdolshajapurshajapurshajapurshajapurshajapursheopursheopursheopursheopursheopurshivpurishivpurishivpurishivpurishivpurisidhisidhisidhisidhisidhisingraulisingraulisingraulisingraulisingraulitikamgarhtikamgarhtikamgarhtikamgarhtikamgarhujjainujjainujjainujjainujjainumariaumariaumariaumariaumariavidishavidishavidishavidishavidishabarmerbarmerbarmerbarmerbarmerchittaurgarhchittaurgarhchittaurgarhchittaurgarhchittaurgarhchuruchuruchuruchuruchurudausadausadausadausadausajaipurjaipurjaipurjaipurjaipurjalorejalorejalorejalorejalorejodhpurjodhpurjodhpurjodhpurjodhpurnagaurnagaurnagaurnagaurnagaurpalipalipalipalipalisikarsikarsikarsikarsikarsirohisirohisirohisirohisirohiharidwarharidwarharidwarharidwarharidwarudam singh nagarudam singh nagarudam singh nagarudam singh nagarudam singh nagarkanchipuramkanchipuramkanchipuramkanchipuramkanchipuramvillupuramvillupuramvillupuramvillupuramvillupurambhindbhindbhindbhindbhindbagalkotebagalkotebagalkotebagalkotebagalkotebuldanabuldanabuldanabuldanabuldanawardhawardhawardhawardhawardhasahebganjsahebganjsahebganjsahebganjsahebganjsaraikela kharsawansaraikela kharsawansaraikela kharsawansaraikela kharsawansaraikela kharsawangautam buddha nagargautam buddha nagargautam buddha nagargautam buddha nagargautam buddha nagarkherikherikherikherikherikushi nagarkushi nagarkushi nagarkushi nagarkushi nagarsant ravidas nagarsant ravidas nagarsant ravidas nagarsant ravidas nagarsant ravidas nagarmahendragarhmahendragarhmahendragarhmahendragarhmahendragarhjamnagarjamnagarjamnagarjamnagarjamnagarchamrajnagarchamrajnagarchamrajnagarchamrajnagarchamrajnagartumkurtumkurtumkurtumkurtumkurbalodbalodbalodbalodbalodbastarbastarbastarbastarbastargariyabandgariyabandgariyabandgariyabandgariyabandjanjgir-champajanjgir-champajanjgir-champajanjgir-champajanjgir-champakankerkankerkankerkankerkankeramreliamreliamreliamreliamrelibhavnagarbhavnagarbhavnagarbhavnagarbhavnagarbotadbotadbotadbotadbotadgir somnathgir somnathgir somnathgir somnathgir somnathjunagadhjunagadhjunagadhjunagadhjunagadhmorbimorbimorbimorbimorbikamrup metrokamrup metrokamrup metrokamrup metrokamrup metromarigaonmarigaonmarigaonmarigaonmarigaonbikanerbikanerbikanerbikanerbikanerjaisalmerjaisalmerjaisalmerjaisalmerjaisalmerjhunjhununjhunjhununjhunjhununjhunjhununjhunjhununshahjahanpurshahjahanpurshahjahanpurshahjahanpurshahjahanpurnicobarsnicobarsnicobarsnicobarsnicobarsnorth and middle andamannorth and middle andamannorth and middle andamannorth and middle andamannorth and middle andamansouth andamanssouth andamanssouth andamanssouth andamanssouth andamansanjawanjawanjawanjawanjawchanglangchanglangchanglangchanglangchanglangdibang valleydibang valleydibang valleydibang valleydibang valleyeast kamengeast kamengeast kamengeast kamengeast kamengeast siangeast siangeast siangeast siangeast siangkra daadikra daadikra daadikra daadikra daadikurung kumeykurung kumeykurung kumeykurung kumeykurung kumeylohitlohitlohitlohitlohitlongdinglongdinglongdinglongdinglongdinglower dibang valleylower dibang valleylower dibang valleylower dibang valleylower dibang valleylower subansirilower subansirilower subansirilower subansirilower subansirinamsainamsainamsainamsainamsaipapum parepapum parepapum parepapum parepapum paresiangsiangsiangsiangsiangtawangtawangtawangtawangtawangtiraptiraptiraptiraptirapupper siangupper siangupper siangupper siangupper siangupper subansiriupper subansiriupper subansiriupper subansiriupper subansiriwest kamengwest kamengwest kamengwest kamengwest kamengwest siangwest siangwest siangwest siangwest siangchandigarhchandigarhchandigarhchandigarhchandigarhdadra and nagar havelidadra and nagar havelidadra and nagar havelidadra and nagar havelidadra and nagar havelibishnupurbishnupurbishnupurbishnupurbishnupurchandelchandelchandelchandelchandelchurachandpurchurachandpurchurachandpurchurachandpurchurachandpurimphal eastimphal eastimphal eastimphal eastimphal eastimphal westimphal westimphal westimphal westimphal westsenapatisenapatisenapatisenapatisenapatitamenglongtamenglongtamenglongtamenglongtamenglongthoubalthoubalthoubalthoubalthoubalukhrulukhrulukhrulukhrulukhruleast garo hillseast garo hillseast garo hillseast garo hillseast garo hillseast jaintia hillseast jaintia hillseast jaintia hillseast jaintia hillseast jaintia hillseast khasi hillseast khasi hillseast khasi hillseast khasi hillseast khasi hillsnorth garo hillsnorth garo hillsnorth garo hillsnorth garo hillsnorth garo hillsri bhoiri bhoiri bhoiri bhoiri bhoisouth garo hillssouth garo hillssouth garo hillssouth garo hillssouth garo hillssouth west garo hillssouth west garo hillssouth west garo hillssouth west garo hillssouth west garo hillssouth west khasi hillssouth west khasi hillssouth west khasi hillssouth west khasi hillssouth west khasi hillswest garo hillswest garo hillswest garo hillswest garo hillswest garo hillswest jaintia hillswest jaintia hillswest jaintia hillswest jaintia hillswest jaintia hillswest khasi hillswest khasi hillswest khasi hillswest khasi hillswest khasi hillsaizawlaizawlaizawlaizawlaizawlchamphaichamphaichamphaichamphaichamphaikolasibkolasibkolasibkolasibkolasiblawngtlailawngtlailawngtlailawngtlailawngtlailungleilungleilungleilungleilungleimamitmamitmamitmamitmamitsaihasaihasaihasaihasaihaserchhipserchhipserchhipserchhipserchhipdimapurdimapurdimapurdimapurdimapurkiphirekiphirekiphirekiphirekiphirekohimakohimakohimakohimakohimalonglenglonglenglonglenglonglenglonglengmokokchungmokokchungmokokchungmokokchungmokokchungmonmonmonmonmonperenperenperenperenperenphekphekphekphekphektuensangtuensangtuensangtuensangtuensangwokhawokhawokhawokhawokhazunhebotozunhebotozunhebotozunhebotozunhebotokaraikalkaraikalkaraikalkaraikalkaraikalpondicherrypondicherrypondicherrypondicherrypondicherryyanamyanamyanamyanamyanameast districteast districteast districteast districteast districtnorth districtnorth districtnorth districtnorth districtnorth districtsouth districtsouth districtsouth districtsouth districtsouth districtwest districtwest districtwest districtwest districtwest districtadilabadadilabadadilabadadilabadadilabadbhadradribhadradribhadradribhadradribhadradrihanumakondahanumakondahanumakondahanumakondahanumakondajagitialjagitialjagitialjagitialjagitialjangoanjangoanjangoanjangoanjangoanjayashankarjayashankarjayashankarjayashankarjayashankarjogulambajogulambajogulambajogulambajogulambakamareddykamareddykamareddykamareddykamareddykarimnagarkarimnagarkarimnagarkarimnagarkarimnagarkhammamkhammamkhammamkhammamkhammamkomaram bheem asifabadkomaram bheem asifabadkomaram bheem asifabadkomaram bheem asifabadkomaram bheem asifabadmahabubabadmahabubabadmahabubabadmahabubabadmahabubabadmahbubnagarmahbubnagarmahbubnagarmahbubnagarmahbubnagarmancherialmancherialmancherialmancherialmancherialmedakmedakmedakmedakmedakmedchal malkajgirimedchal malkajgirimedchal malkajgirimedchal malkajgirimedchal malkajgirinagarkurnoolnagarkurnoolnagarkurnoolnagarkurnoolnagarkurnoolnalgondanalgondanalgondanalgondanalgondanirmalnirmalnirmalnirmalnirmalnizamabadnizamabadnizamabadnizamabadnizamabadpeddapallipeddapallipeddapallipeddapallipeddapallirajannarajannarajannarajannarajannarangareddirangareddirangareddirangareddirangareddisangareddysangareddysangareddysangareddysangareddysiddipetsiddipetsiddipetsiddipetsiddipetsuryapetsuryapetsuryapetsuryapetsuryapetvikarabadvikarabadvikarabadvikarabadvikarabadwanaparthywanaparthywanaparthywanaparthywanaparthywarangalwarangalwarangalwarangalwarangalyadadriyadadriyadadriyadadriyadadridhalaidhalaidhalaidhalaidhalaigomatigomatigomatigomatigomatikhowaikhowaikhowaikhowaikhowainorth tripuranorth tripuranorth tripuranorth tripuranorth tripurasepahijalasepahijalasepahijalasepahijalasepahijalasouth tripurasouth tripurasouth tripurasouth tripurasouth tripuraunakotiunakotiunakotiunakotiunakotiwest tripurawest tripurawest tripurawest tripurawest tripura,ricemaizebajraragijowarricemaizebajraragijowarricemaizebajraragijowarricemaizebajraragijowarricemaizebajraragijowarricemaizebajraragijowarricemaizebajraragijowarricemaizebajraragijowarricemaizebajraragijowarricemaizebajraragijowarricemaizebajraragijowarricemaizebajraragijowarricemaizebajraragijowarricemaizebajraragijowarricemaizebajraragijowarricemaizebajraragijowarricemaizebajraragijowarricemaizebajraragijowarricemaizebajraragijowarricemaizebajraragijowarricemaizebajraragijowarricemaizebajraragijowarricemaizebajraragijowarricemaizebajraragijowarricemaizebajraragijowarricemaizebajraragijowarricemaizebajraragijowarricemaizebajraragijowarricemaizebajraragijowarricemaizebajraragijowarricemaizebajraragijowarricemaizebajraragijowarricemaizebajraragijowarricemaizebajraragijowarricemaizebajraragijowarricemaizebajraragijowarricemaizebajraragijowarricemaizebajraragijowarricemaizebajraragijowarricemaizebajraragijowarricemaizebajraragijowarricemaizebajraragijowarricemaizebajraragijowarricemaizebajraragijowarricemaizebajraragijowarricemaizebajraragijowarricemaizebajraragijowarricemaizebajraragijowarricemaizebajraragijowarricemaizebajraragijowarricemaizebajraragijowarricemaizebajraragijowarricemaizebajraragijowarricemaizebajraragijowarricemaizebajraragijowarricemaizebajraragijowarricemaizebajraragijowarricemaizebajraragijowarricemaizebajraragijowarricemaizebajraragijowarricemaizebajraragijowarricemaizebajraragijowarricemaizebajraragijowarricemaizebajraragijowarricemaizebajraragijowarricemaizebajraragijowarricemaizebajraragijowarricemaizebajraragijowarricemaizebajraragijowarricemaizebajraragijowarricemaizebajraragijowarricemaizebajraragijowarricemaizebajraragijowarricemaizebajraragijowarricemaizebajraragijowarricemaizebajraragijowarricemaizebajraragijowarricemaizebajraragijowarricemaizebajraragijowarricemaizebajraragijowarricemaizebajraragijowarricemaizebajraragijowarricemaizebajraragijowarricemaizebajraragijowarricemaizebajraragijowarricemaizebajraragijowarricemaizebajraragijowarricemaizebajraragijowarricemaizebajraragijowarricemaizebajraragijowarricemaizebajraragijowarricemaizebajraragijowarricemaizebajraragijowarricemaizebajraragijowarricemaizebajraragijowarricemaizebajraragijowarricemaizebajraragijowarricemaizebajraragijowarricemaizebajraragijowarricemaizebajraragijowarricemaizebajraragijowarricemaizebajraragijowarricemaizebajraragijowarricemaizebajraragijowarricemaizebajraragijowarricemaizebajraragijowarricemaizebajraragijowarricemaizebajraragijowarricemaizebajraragijowarricemaizebajraragijowarricemaizebajraragijowarricemaizebajraragijowarricemaizebajraragijowarricemaizebajraragijowarricemaizebajraragijowarricemaizebajraragijowarricemaizebajraragijowarricemaizebajraragijowarricemaizebajraragijowarricemaizebajraragijowarricemaizebajraragijowarricemaizebajraragijowarricemaizebajraragijowarricemaizebajraragijowarricemaizebajraragijowarricemaizebajraragijowarricemaizebajraragijowarricemaizebajraragijowarricemaizebajraragijowarricemaizebajraragijowarricemaizebajraragijowarricemaizebajraragijowarricemaizebajraragijowarricemaizebajraragijowarricemaizebajraragijowarricemaizebajraragijowarricemaizebajraragijowarricemaizebajraragijowarricemaizebajraragijowarricemaizebajraragijowarricemaizebajraragijowarricemaizebajraragijowarricemaizebajraragijowarricemaizebajraragijowarricemaizebajraragijowarricemaizebajraragijowarricemaizebajraragijowarricemaizebajraragijowarricemaizebajraragijowarricemaizebajraragijowarricemaizebajraragijowarricemaizebajraragijowarricemaizebajraragijowarricemaizebajraragijowarricemaizebajraragijowarricemaizebajraragijowarricemaizebajraragijowarricemaizebajraragijowarricemaizebajraragijowarricemaizebajraragijowarricemaizebajraragijowarricemaizebajraragijowarricemaizebajraragijowarricemaizebajraragijowarricemaizebajraragijowarricemaizebajraragijowarricemaizebajraragijowarricemaizebajraragijowarricemaizebajraragijowarricemaizebajraragijowarricemaizebajraragijowarricemaizebajraragijowarricemaizebajraragijowarricemaizebajraragijowarricemaizebajraragijowarricemaizebajraragijowarricemaizebajraragijowarricemaizebajraragijowarricemaizebajraragijowarricemaizebajraragijowarricemaizebajraragijowarricemaizebajraragijowarricemaizebajraragijowarricemaizebajraragijowarricemaizebajraragijowarricemaizebajraragijowarricemaizebajraragijowarricemaizebajraragijowarricemaizebajraragijowarricemaizebajraragijowarricemaizebajraragijowarricemaizebajraragijowarricemaizebajraragijowarricemaizebajraragijowarricemaizebajraragijowarricemaizebajraragijowarricemaizebajraragijowarricemaizebajraragijowarricemaizebajraragijowarricemaizebajraragijowarricemaizebajraragijowarricemaizebajraragijowarricemaizebajraragijowarricemaizebajraragijowarricemaizebajraragijowarricemaizebajraragijowarricemaizebajraragijowarricemaizebajraragijowarricemaizebajraragijowarricemaizebajraragijowarricemaizebajraragijowarricemaizebajraragijowarricemaizebajraragijowarricemaizebajraragijowarricemaizebajraragijowarricemaizebajraragijowarricemaizebajraragijowarricemaizebajraragijowarricemaizebajraragijowarricemaizebajraragijowarricemaizebajraragijowarricemaizebajraragijowarricemaizebajraragijowarricemaizebajraragijowarricemaizebajraragijowarricemaizebajraragijowarricemaizebajraragijowarricemaizebajraragijowarricemaizebajraragijowarricemaizebajraragijowarricemaizebajraragijowarricemaizebajraragijowarricemaizebajraragijowarricemaizebajraragijowarricemaizebajraragijowarricemaizebajraragijowarricemaizebajraragijowarricemaizebajraragijowarricemaizebajraragijowarricemaizebajraragijowarricemaizebajraragijowarricemaizebajraragijowarricemaizebajraragijowarricemaizebajraragijowarricemaizebajraragijowarricemaizebajraragijowarricemaizebajraragijowarricemaizebajraragijowarricemaizebajraragijowarricemaizebajraragijowarricemaizebajraragijowarricemaizebajraragijowarricemaizebajraragijowarricemaizebajraragijowarricemaizebajraragijowarricemaizebajraragijowarricemaizebajraragijowarricemaizebajraragijowarricemaizebajraragijowarricemaizebajraragijowarricemaizebajraragijowarricemaizebajraragijowarricemaizebajraragijowarricemaizebajraragijowarricemaizebajraragijowarricemaizebajraragijowarricemaizebajraragijowarricemaizebajraragijowarricemaizebajraragijowarricemaizebajraragijowarricemaizebajraragijowarricemaizebajraragijowarricemaizebajraragijowarricemaizebajraragijowarricemaizebajraragijowarricemaizebajraragijowarricemaizebajraragijowarricemaizebajraragijowarricemaizebajraragijowarricemaizebajraragijowarricemaizebajraragijowarricemaizebajraragijowarricemaizebajraragijowarricemaizebajraragijowarricemaizebajraragijowarricemaizebajraragijowarricemaizebajraragijowarricemaizebajraragijowarricemaizebajraragijowarricemaizebajraragijowarricemaizebajraragijowarricemaizebajraragijowarricemaizebajraragijowarricemaizebajraragijowarricemaizebajraragijowarricemaizebajraragijowarricemaizebajraragijowarricemaizebajraragijowarricemaizebajraragijowarricemaizebajraragijowarricemaizebajraragijowarricemaizebajraragijowarricemaizebajraragijowarricemaizebajraragijowarricemaizebajraragijowarricemaizebajraragijowarricemaizebajraragijowarricemaizebajraragijowarricemaizebajraragijowarricemaizebajraragijowarricemaizebajraragijowarricemaizebajraragijowarricemaizebajraragijowarricemaizebajraragijowarricemaizebajraragijowarricemaizebajraragijowarricemaizebajraragijowarricemaizebajraragijowarricemaizebajraragijowarricemaizebajraragijowarricemaizebajraragijowarricemaizebajraragijowarricemaizebajraragijowarricemaizebajraragijowarricemaizebajraragijowarricemaizebajraragijowarricemaizebajraragijowarricemaizebajraragijowarricemaizebajraragijowarricemaizebajraragijowarricemaizebajraragijowarricemaizebajraragijowarricemaizebajraragijowarricemaizebajraragijowarricemaizebajraragijowarricemaizebajraragijowarricemaizebajraragijowarricemaizebajraragijowarricemaizebajraragijowarricemaizebajraragijowarricemaizebajraragijowarricemaizebajraragijowarricemaizebajraragijowarricemaizebajraragijowarricemaizebajraragijowarricemaizebajraragijowarricemaizebajraragijowarricemaizebajraragijowarricemaizebajraragijowarricemaizebajraragijowarricemaizebajraragijowarricemaizebajraragijowarricemaizebajraragijowarricemaizebajraragijowarricemaizebajraragijowarricemaizebajraragijowarricemaizebajraragijowarricemaizebajraragijowarricemaizebajraragijowarricemaizebajraragijowarricemaizebajraragijowarricemaizebajraragijowarricemaizebajraragijowarricemaizebajraragijowarricemaizebajraragijowarricemaizebajraragijowarricemaizebajraragijowarricemaizebajraragijowarricemaizebajraragijowarricemaizebajraragijowarricemaizebajraragijowarricemaizebajraragijowarricemaizebajraragijowarricemaizebajraragijowarricemaizebajraragijowarricemaizebajraragijowarricemaizebajraragijowarricemaizebajraragijowarricemaizebajraragijowarricemaizebajraragijowarricemaizebajraragijowarricemaizebajraragijowarricemaizebajraragijowarricemaizebajraragijowarricemaizebajraragijowarricemaizebajraragijowarricemaizebajraragijowarricemaizebajraragijowarricemaizebajraragijowarricemaizebajraragijowarricemaizebajraragijowarricemaizebajraragijowarricemaizebajraragijowarricemaizebajraragijowarricemaizebajraragijowarricemaizebajraragijowarricemaizebajraragijowarricemaizebajraragijowarricemaizebajraragijowarricemaizebajraragijowarricemaizebajraragijowarricemaizebajraragijowarricemaizebajraragijowarricemaizebajraragijowarricemaizebajraragijowarricemaizebajraragijowarricemaizebajraragijowarricemaizebajraragijowarricemaizebajraragijowarricemaizebajraragijowarricemaizebajraragijowarricemaizebajraragijowarricemaizebajraragijowarricemaizebajraragijowarricemaizebajraragijowarricemaizebajraragijowarricemaizebajraragijowarricemaizebajraragijowarricemaizebajraragijowarricemaizebajraragijowarricemaizebajraragijowarricemaizebajraragijowarricemaizebajraragijowarricemaizebajraragijowarricemaizebajraragijowarricemaizebajraragijowarricemaizebajraragijowarricemaizebajraragijowarricemaizebajraragijowarricemaizebajraragijowarricemaizebajraragijowarricemaizebajraragijowarricemaizebajraragijowarricemaizebajraragijowarricemaizebajraragijowarricemaizebajraragijowarricemaizebajraragijowarricemaizebajraragijowarricemaizebajraragijowarricemaizebajraragijowarricemaizebajraragijowarricemaizebajraragijowarricemaizebajraragijowarricemaizebajraragijowarricemaizebajraragijowarricemaizebajraragijowarricemaizebajraragijowarricemaizebajraragijowarricemaizebajraragijowarricemaizebajraragijowarricemaizebajraragijowarricemaizebajraragijowarricemaizebajraragijowarricemaizebajraragijowarricemaizebajraragijowarricemaizebajraragijowarricemaizebajraragijowarricemaizebajraragijowarricemaizebajraragijowarricemaizebajraragijowarricemaizebajraragijowarricemaizebajraragijowarricemaizebajraragijowarricemaizebajraragijowarricemaizebajraragijowarricemaizebajraragijowarricemaizebajraragijowarricemaizebajraragijowarricemaizebajraragijowarricemaizebajraragijowarricemaizebajraragijowarricemaizebajraragijowarricemaizebajraragijowarricemaizebajraragijowarricemaizebajraragijowarricemaizebajraragijowarricemaizebajraragijowarricemaizebajraragijowarricemaizebajraragijowarricemaizebajraragijowarricemaizebajraragijowarricemaizebajraragijowarricemaizebajraragijowarricemaizebajraragijowarricemaizebajraragijowarricemaizebajraragijowarricemaizebajraragijowarricemaizebajraragijowarricemaizebajraragijowarricemaizebajraragijowarricemaizebajraragijowarricemaizebajraragijowarricemaizebajraragijowarricemaizebajraragijowarricemaizebajraragijowarricemaizebajraragijowarricemaizebajraragijowarricemaizebajraragijowarricemaizebajraragijowarricemaizebajraragijowarricemaizebajraragijowarricemaizebajraragijowarricemaizebajraragijowarricemaizebajraragijowarricemaizebajraragijowarricemaizebajraragijowarricemaizebajraragijowarricemaizebajraragijowarricemaizebajraragijowarricemaizebajraragijowarricemaizebajraragijowarricemaizebajraragijowarricemaizebajraragijowarricemaizebajraragijowarricemaizebajraragijowarricemaizebajraragijowarricemaizebajraragijowarricemaizebajraragijowarricemaizebajraragijowarricemaizebajraragijowarricemaizebajraragijowarricemaizebajraragijowarricemaizebajraragijowarricemaizebajraragijowarricemaizebajraragijowarricemaizebajraragijowarricemaizebajraragijowarricemaizebajraragijowarricemaizebajraragijowarricemaizebajraragijowarricemaizebajraragijowarricemaizebajraragijowarricemaizebajraragijowarricemaizebajraragijowarricemaizebajraragijowarricemaizebajraragijowarricemaizebajraragijowarricemaizebajraragijowarricemaizebajraragijowarricemaizebajraragijowarricemaizebajraragijowarricemaizebajraragijowarricemaizebajraragijowarricemaizebajraragijowarricemaizebajraragijowarricemaizebajraragijowarricemaizebajraragijowarricemaizebajraragijowarricemaizebajraragijowarricemaizebajraragijowarricemaizebajraragijowarricemaizebajraragijowarricemaizebajraragijowarricemaizebajraragijowarricemaizebajraragijowarricemaizebajraragijowarricemaizebajraragijowarricemaizebajraragijowarricemaizebajraragijowarricemaizebajraragijowarricemaizebajraragijowarricemaizebajraragijowarricemaizebajraragijowarricemaizebajraragijowarricemaizebajraragijowarricemaizebajraragijowarricemaizebajraragijowarricemaizebajraragijowarricemaizebajraragijowarricemaizebajraragijowarricemaizebajraragijowarricemaizebajraragijowarricemaizebajraragijowarricemaizebajraragijowarricemaizebajraragijowarricemaizebajraragijowarricemaizebajraragijowarricemaizebajraragijowarricemaizebajraragijowarricemaizebajraragijowarricemaizebajraragijowarricemaizebajraragijowarricemaizebajraragijowarricemaizebajraragijowarricemaizebajraragijowarricemaizebajraragijowarricemaizebajraragijowarricemaizebajraragijowarricemaizebajraragijowarricemaizebajraragijowarricemaizebajraragijowarricemaizebajraragijowarricemaizebajraragijowarricemaizebajraragijowarricemaizebajraragijowarricemaizebajraragijowarricemaizebajraragijowarricemaizebajraragijowarricemaizebajraragijowarricemaizebajraragijowarricemaizebajraragijowarricemaizebajraragijowarricemaizebajraragijowarricemaizebajraragijowarricemaizebajraragijowarricemaizebajraragijowarricemaizebajraragijowarricemaizebajraragijowarricemaizebajraragijowarricemaizebajraragijowarricemaizebajraragijowarricemaizebajraragijowarricemaizebajraragijowarricemaizebajraragijowarricemaizebajraragijowarricemaizebajraragijowarricemaizebajraragijowarricemaizebajraragijowarricemaizebajraragijowarricemaizebajraragijowarricemaizebajraragijowarricemaizebajraragijowarricemaizebajraragijowarricemaizebajraragijowarricemaizebajraragijowarricemaizebajraragijowarricemaizebajraragijowarricemaizebajraragijowarricemaizebajraragijowarricemaizebajraragijowarricemaizebajraragijowarricemaizebajraragijowarricemaizebajraragijowarricemaizebajraragijowarricemaizebajraragijowarricemaizebajraragijowarricemaizebajraragijowarricemaizebajraragijowarricemaizebajraragijowarricemaizebajraragijowarricemaizebajraragijowarricemaizebajraragijowarricemaizebajraragijowarricemaizebajraragijowarricemaizebajraragijowarricemaizebajraragijowarricemaizebajraragijowarricemaizebajraragijowarricemaizebajraragijowarricemaizebajraragijowarricemaizebajraragijowarricemaizebajraragijowarricemaizebajraragijowarricemaizebajraragijowarricemaizebajraragijowarricemaizebajraragijowarricemaizebajraragijowarricemaizebajraragijowarricemaizebajraragijowarricemaizebajraragijowarricemaizebajraragijowarricemaizebajraragijowarricemaizebajraragijowarricemaizebajraragijowarricemaizebajraragijowarricemaizebajraragijowarricemaizebajraragijowarricemaizebajraragijowarricemaizebajraragijowarricemaizebajraragijowarricemaizebajraragijowarricemaizebajraragijowarricemaizebajraragijowarricemaizebajraragijowarricemaizebajraragijowarricemaizebajraragijowarricemaizebajraragijowarricemaizebajraragijowarricemaizebajraragijowarricemaizebajraragijowarricemaizebajraragijowarricemaizebajraragijowarricemaizebajraragijowarricemaizebajraragijowarricemaizebajraragijowarricemaizebajraragijowarricemaizebajraragijowarricemaizebajraragijowarricemaizebajraragijowarricemaizebajraragijowarricemaizebajraragijowarricemaizebajraragijowarricemaizebajraragijowarricemaizebajraragijowarricemaizebajraragijowarricemaizebajraragijowarricemaizebajraragijowarricemaizebajraragijowarricemaizebajraragijowarricemaizebajraragijowarricemaizebajraragijowarricemaizebajraragijowarricemaizebajraragijowarricemaizebajraragijowarricemaizebajraragijowarricemaizebajraragijowarricemaizebajraragijowar,139393.0000107446,139393.0,34297.996481,367847000.025166,367847000.025166,11814902.378374193,11814902.378374193,3256667.5705814855,3256667.5705814855,7069676.078049553,7069676.078049553,2226695.970511021,2226695.970511021,1309535320089.5908,1309535320089.5908,1144961.9891664789,1144961.9891664789,3985176.4051965326,3985176.4051965326,279959.17269076227,279959.17269076227,753366077.577865,753366077.577865,-3049046998.5085974,-3049046998.5085983,139393.0,0.0,0.0,0.0,0.0,0.0,0.0,3.127778341471048e-14,0.0,0.0,0.0
15,madhya pradesh,ariyalurariyalurariyalurariyalurariyalurcoimbatorecoimbatorecoimbatorecoimbatorecoimbatorecuddalorecuddalorecuddalorecuddalorecuddaloredharmapuridharmapuridharmapuridharmapuridharmapuridindiguldindiguldindiguldindiguldindigulerodeerodeerodeerodeerodekancheepuramkancheepuramkancheepuramkancheepuramkancheepuramkanniyakumarikanniyakumarikanniyakumarikanniyakumarikanniyakumarikarurkarurkarurkarurkarurkrishnagirikrishnagirikrishnagirikrishnagirikrishnagirimaduraimaduraimaduraimaduraimadurainagappattinamnagappattinamnagappattinamnagappattinamnagappattinamnamakkalnamakkalnamakkalnamakkalnamakkalperambalurperambalurperambalurperambalurperambalurpudukkottaipudukkottaipudukkottaipudukkottaipudukkottairamanathapuramramanathapuramramanathapuramramanathapuramramanathapuramsalemsalemsalemsalemsalemsivagangasivagangasivagangasivagangasivagangathanjavurthanjavurthanjavurthanjavurthanjavurthe nilgiristhe nilgiristhe nilgiristhe nilgiristhe nilgiristhenithenithenithenithenithiruvallurthiruvallurthiruvallurthiruvallurthiruvallurthiruvarurthiruvarurthiruvarurthiruvarurthiruvarurtiruchirappallitiruchirappallitiruchirappallitiruchirappallitiruchirappallitirunelvelitirunelvelitirunelvelitirunelvelitirunelvelitiruppurtiruppurtiruppurtiruppurtiruppurtiruvannamalaitiruvannamalaitiruvannamalaitiruvannamalaitiruvannamalaituticorintuticorintuticorintuticorintuticorinvellorevellorevellorevellorevelloreviluppuramviluppuramviluppuramviluppuramviluppuramvirudhunagarvirudhunagarvirudhunagarvirudhunagarvirudhunagaramritsaramritsaramritsaramritsaramritsarbarnalabarnalabarnalabarnalabarnalabathindabathindabathindabathindabathindafaridkotfaridkotfaridkotfaridkotfaridkotfatehgarh sahibfatehgarh sahibfatehgarh sahibfatehgarh sahibfatehgarh sahibfazilkafazilkafazilkafazilkafazilkafirozpurfirozpurfirozpurfirozpurfirozpurgurdaspurgurdaspurgurdaspurgurdaspurgurdaspurhoshiarpurhoshiarpurhoshiarpurhoshiarpurhoshiarpurjalandharjalandharjalandharjalandharjalandharkapurthalakapurthalakapurthalakapurthalakapurthalaludhianaludhianaludhianaludhianaludhianamansamansamansamansamansamogamogamogamogamogamuktsarmuktsarmuktsarmuktsarmuktsarpathankotpathankotpathankotpathankotpathankotpatialapatialapatialapatialapatialarupnagarrupnagarrupnagarrupnagarrupnagarsangrursangrursangrursangrursangrurshahid bhagat singh nagarshahid bhagat singh nagarshahid bhagat singh nagarshahid bhagat singh nagarshahid bhagat singh nagartarn tarantarn tarantarn tarantarn tarantarn taranambalaambalaambalaambalaambalabhiwanibhiwanibhiwanibhiwanibhiwanicharki dadricharki dadricharki dadricharki dadricharki dadrifaridabadfaridabadfaridabadfaridabadfaridabadfatehabadfatehabadfatehabadfatehabadfatehabadgurgaongurgaongurgaongurgaongurgaonhisarhisarhisarhisarhisarjhajjarjhajjarjhajjarjhajjarjhajjarjindjindjindjindjindkaithalkaithalkaithalkaithalkaithalkarnalkarnalkarnalkarnalkarnalkurukshetrakurukshetrakurukshetrakurukshetrakurukshetramewatmewatmewatmewatmewatpalwalpalwalpalwalpalwalpalwalpanchkulapanchkulapanchkulapanchkulapanchkulapanipatpanipatpanipatpanipatpanipatrewarirewarirewarirewarirewarirohtakrohtakrohtakrohtakrohtaksirsasirsasirsasirsasirsasonipatsonipatsonipatsonipatsonipatyamunanagaryamunanagaryamunanagaryamunanagaryamunanagaranantapuranantapuranantapuranantapuranantapurchittoorchittoorchittoorchittoorchittooreast godavarieast godavarieast godavarieast godavarieast godavarigunturgunturgunturgunturgunturkadapakadapakadapakadapakadapakrishnakrishnakrishnakrishnakrishnakurnoolkurnoolkurnoolkurnoolkurnoolprakasamprakasamprakasamprakasamprakasamnellorenellorenellorenellorenelloresrikakulamsrikakulamsrikakulamsrikakulamsrikakulamvisakhapatnamvisakhapatnamvisakhapatnamvisakhapatnamvisakhapatnamvizianagaramvizianagaramvizianagaramvizianagaramvizianagaramwest godavariwest godavariwest godavariwest godavariwest godavariballariballariballariballariballaribangalore ruralbangalore ruralbangalore ruralbangalore ruralbangalore ruralbelagavibelagavibelagavibelagavibelagavibengaluru urbanbengaluru urbanbengaluru urbanbengaluru urbanbengaluru urbanbidarbidarbidarbidarbidarchamarajanagarachamarajanagarachamarajanagarachamarajanagarachamarajanagarachikkaballapurachikkaballapurachikkaballapurachikkaballapurachikkaballapurachikmagalurchikmagalurchikmagalurchikmagalurchikmagalurchitradurgachitradurgachitradurgachitradurgachitradurgadakshina kannadadakshina kannadadakshina kannadadakshina kannadadakshina kannadadavangeredavangeredavangeredavangeredavangeredharwaddharwaddharwaddharwaddharwadgadaggadaggadaggadaggadaghassanhassanhassanhassanhassanhaverihaverihaverihaverihaverikalaburagikalaburagikalaburagikalaburagikalaburagikodagukodagukodagukodagukodagukolarkolarkolarkolarkolarkoppalkoppalkoppalkoppalkoppalmandyamandyamandyamandyamandyamysurumysurumysurumysurumysururaichurraichurraichurraichurraichurramanagararamanagararamanagararamanagararamanagarashivamoggashivamoggashivamoggashivamoggashivamoggatumakurutumakurutumakurutumakurutumakuruudupiudupiudupiudupiudupiuttara kannadauttara kannadauttara kannadauttara kannadauttara kannadavijayapuravijayapuravijayapuravijayapuravijayapurayadgiryadgiryadgiryadgiryadgiralmoraalmoraalmoraalmoraalmorabageshwarbageshwarbageshwarbageshwarbageshwarchamolichamolichamolichamolichamolichampawatchampawatchampawatchampawatchampawatdehradundehradundehradundehradundehradunhardwarhardwarhardwarhardwarhardwarnainitalnainitalnainitalnainitalnainitalpauri garhwalpauri garhwalpauri garhwalpauri garhwalpauri garhwalpithoragarhpithoragarhpithoragarhpithoragarhpithoragarhrudra prayagrudra prayagrudra prayagrudra prayagrudra prayagtehri garhwaltehri garhwaltehri garhwaltehri garhwaltehri garhwaludham singh nagarudham singh nagarudham singh nagarudham singh nagarudham singh nagaruttar kashiuttar kashiuttar kashiuttar kashiuttar kashispsr nellorespsr nellorespsr nellorespsr nellorespsr nellorevisakhapatanamvisakhapatanamvisakhapatanamvisakhapatanamvisakhapatanamparaganas northparaganas northparaganas northparaganas northparaganas northparaganas southparaganas southparaganas southparaganas southparaganas southalipurduaralipurduaralipurduaralipurduaralipurduarbankurabankurabankurabankurabankurabirbhumbirbhumbirbhumbirbhumbirbhumcoochbeharcoochbeharcoochbeharcoochbeharcoochbehardarjeelingdarjeelingdarjeelingdarjeelingdarjeelingdakshin dinajpurdakshin dinajpurdakshin dinajpurdakshin dinajpurdakshin dinajpuruttar dinajpuruttar dinajpuruttar dinajpuruttar dinajpuruttar dinajpurhooghlyhooghlyhooghlyhooghlyhooghlyhowrahhowrahhowrahhowrahhowrahjalpaigurijalpaigurijalpaigurijalpaigurijalpaigurijhargramjhargramjhargramjhargramjhargramkalimpongkalimpongkalimpongkalimpongkalimpongmaldahmaldahmaldahmaldahmaldahmedinipur eastmedinipur eastmedinipur eastmedinipur eastmedinipur eastmedinipur westmedinipur westmedinipur westmedinipur westmedinipur westmurshidabadmurshidabadmurshidabadmurshidabadmurshidabadnadianadianadianadianadiabarddhamanbarddhamanbarddhamanbarddhamanbarddhamanpuruliyapuruliyapuruliyapuruliyapuruliyaalappuzhaalappuzhaalappuzhaalappuzhaalappuzhaernakulamernakulamernakulamernakulamernakulamidukkiidukkiidukkiidukkiidukkikannurkannurkannurkannurkannurkasaragodkasaragodkasaragodkasaragodkasaragodkollamkollamkollamkollamkollamkottayamkottayamkottayamkottayamkottayamkozhikodekozhikodekozhikodekozhikodekozhikodemalappurammalappurammalappurammalappurammalappurampalakkadpalakkadpalakkadpalakkadpalakkadpathanamthittapathanamthittapathanamthittapathanamthittapathanamthittathiruvananthapuramthiruvananthapuramthiruvananthapuramthiruvananthapuramthiruvananthapuramthrissurthrissurthrissurthrissurthrissurwayanadwayanadwayanadwayanadwayanadbagalkotbagalkotbagalkotbagalkotbagalkotchikballapurachikballapurachikballapurachikballapurachikballapurachikkamagaluruchikkamagaluruchikkamagaluruchikkamagaluruchikkamagalurudavanageredavanageredavanageredavanageredavanagereyadagiriyadagiriyadagiriyadagiriyadagiriagraagraagraagraagraaligarhaligarhaligarhaligarhaligarhallahabadallahabadallahabadallahabadallahabadambedkar nagarambedkar nagarambedkar nagarambedkar nagarambedkar nagaramethiamethiamethiamethiamethiamrohaamrohaamrohaamrohaamrohaauraiyaauraiyaauraiyaauraiyaauraiyaazamgarhazamgarhazamgarhazamgarhazamgarhbaghpatbaghpatbaghpatbaghpatbaghpatbahraichbahraichbahraichbahraichbahraichballiaballiaballiaballiaballiabalrampurbalrampurbalrampurbalrampurbalrampurbandabandabandabandabandabarabankibarabankibarabankibarabankibarabankibareillybareillybareillybareillybareillybastibastibastibastibastibijnorbijnorbijnorbijnorbijnorbudaunbudaunbudaunbudaunbudaunbulandshahrbulandshahrbulandshahrbulandshahrbulandshahrchandaulichandaulichandaulichandaulichandaulichitrakootchitrakootchitrakootchitrakootchitrakootdeoriadeoriadeoriadeoriadeoriaetahetahetahetahetahetawahetawahetawahetawahetawahfaizabadfaizabadfaizabadfaizabadfaizabadfarrukhabadfarrukhabadfarrukhabadfarrukhabadfarrukhabadfatehpurfatehpurfatehpurfatehpurfatehpurfirozabadfirozabadfirozabadfirozabadfirozabadkanpur nagarkanpur nagarkanpur nagarkanpur nagarkanpur nagarghaziabadghaziabadghaziabadghaziabadghaziabadghazipurghazipurghazipurghazipurghazipurgondagondagondagondagondagorakhpurgorakhpurgorakhpurgorakhpurgorakhpurhamirpurhamirpurhamirpurhamirpurhamirpurhapurhapurhapurhapurhapurhardoihardoihardoihardoihardoihathrashathrashathrashathrashathrasjalaunjalaunjalaunjalaunjalaunjaunpurjaunpurjaunpurjaunpurjaunpurjhansijhansijhansijhansijhansikannaujkannaujkannaujkannaujkannaujkanpur dehatkanpur dehatkanpur dehatkanpur dehatkanpur dehatkasganjkasganjkasganjkasganjkasganjkaushambikaushambikaushambikaushambikaushambilakhimpur kherilakhimpur kherilakhimpur kherilakhimpur kherilakhimpur kherikushinagarkushinagarkushinagarkushinagarkushinagarlalitpurlalitpurlalitpurlalitpurlalitpurlucknowlucknowlucknowlucknowlucknowmaharajganjmaharajganjmaharajganjmaharajganjmaharajganjmahobamahobamahobamahobamahobamainpurimainpurimainpurimainpurimainpurimathuramathuramathuramathuramathuramaumaumaumaumaumeerutmeerutmeerutmeerutmeerutmirzapurmirzapurmirzapurmirzapurmirzapurmoradabadmoradabadmoradabadmoradabadmoradabadmuzaffarnagarmuzaffarnagarmuzaffarnagarmuzaffarnagarmuzaffarnagarpilibhitpilibhitpilibhitpilibhitpilibhitpratapgarhpratapgarhpratapgarhpratapgarhpratapgarhrae barelirae barelirae barelirae barelirae barelirampurrampurrampurrampurrampursaharanpursaharanpursaharanpursaharanpursaharanpursambhalsambhalsambhalsambhalsambhalsant kabeer nagarsant kabeer nagarsant kabeer nagarsant kabeer nagarsant kabeer nagarsant ravi das nagarsant ravi das nagarsant ravi das nagarsant ravi das nagarsant ravi das nagarshahajahanpurshahajahanpurshahajahanpurshahajahanpurshahajahanpurshamlishamlishamlishamlishamlishravastishravastishravastishravastishravastisiddharth nagarsiddharth nagarsiddharth nagarsiddharth nagarsiddharth nagarsitapursitapursitapursitapursitapursonbhadrasonbhadrasonbhadrasonbhadrasonbhadrasultanpursultanpursultanpursultanpursultanpurunnaounnaounnaounnaounnaovaranasivaranasivaranasivaranasivaranasiahmednagarahmednagarahmednagarahmednagarahmednagaramravatiamravatiamravatiamravatiamravatibeedbeedbeedbeedbeedbhandarabhandarabhandarabhandarabhandarachandrapurchandrapurchandrapurchandrapurchandrapurdhuledhuledhuledhuledhulegadchiroligadchiroligadchiroligadchiroligadchiroligondiagondiagondiagondiagondiakolhapurkolhapurkolhapurkolhapurkolhapurlaturlaturlaturlaturlaturnagpurnagpurnagpurnagpurnagpurnandednandednandednandednandednandurbarnandurbarnandurbarnandurbarnandurbarnashiknashiknashiknashiknashikosmanabadosmanabadosmanabadosmanabadosmanabadpalgharpalgharpalgharpalgharpalgharpunepunepunepunepuneraigadraigadraigadraigadraigadratnagiriratnagiriratnagiriratnagiriratnagirisanglisanglisanglisanglisanglisatarasatarasatarasatarasatarasindhudurgsindhudurgsindhudurgsindhudurgsindhudurgsolapursolapursolapursolapursolapurthanethanethanethanethaneanantnaganantnaganantnaganantnaganantnagbadgambadgambadgambadgambadgambandiporabandiporabandiporabandiporabandiporabaramullabaramullabaramullabaramullabaramulladodadodadodadodadodaganderbalganderbalganderbalganderbalganderbaljammujammujammujammujammukathuakathuakathuakathuakathuakishtwarkishtwarkishtwarkishtwarkishtwarkulgamkulgamkulgamkulgamkulgamkupwarakupwarakupwarakupwarakupwarapoonchpoonchpoonchpoonchpoonchpulwamapulwamapulwamapulwamapulwamarajaurirajaurirajaurirajaurirajaurirambanrambanrambanrambanrambanreasireasireasireasireasisambasambasambasambasambashopianshopianshopianshopianshopiansrinagarsrinagarsrinagarsrinagarsrinagarudhampurudhampurudhampurudhampurudhampurahmadabadahmadabadahmadabadahmadabadahmadabadanandanandanandanandanandaravalliaravalliaravalliaravalliaravallibharuchbharuchbharuchbharuchbharuchchhotaudepurchhotaudepurchhotaudepurchhotaudepurchhotaudepurdangdangdangdangdangdohaddohaddohaddohaddohadgandhinagargandhinagargandhinagargandhinagargandhinagarkhedakhedakhedakhedakhedamahesanamahesanamahesanamahesanamahesanamahisagarmahisagarmahisagarmahisagarmahisagarnarmadanarmadanarmadanarmadanarmadanavsarinavsarinavsarinavsarinavsaripanch mahalspanch mahalspanch mahalspanch mahalspanch mahalssabar kanthasabar kanthasabar kanthasabar kanthasabar kanthasuratsuratsuratsuratsuratsurendranagarsurendranagarsurendranagarsurendranagarsurendranagartapitapitapitapitapivadodaravadodaravadodaravadodaravadodaravalsadvalsadvalsadvalsadvalsadajmerajmerajmerajmerajmeralwaralwaralwaralwaralwarbanswarabanswarabanswarabanswarabanswarabaranbaranbaranbaranbaranbharatpurbharatpurbharatpurbharatpurbharatpurbhilwarabhilwarabhilwarabhilwarabhilwarabundibundibundibundibundichittorgarhchittorgarhchittorgarhchittorgarhchittorgarhdholpurdholpurdholpurdholpurdholpurdungarpurdungarpurdungarpurdungarpurdungarpurganganagarganganagarganganagarganganagarganganagarhanumangarhhanumangarhhanumangarhhanumangarhhanumangarhjhalawarjhalawarjhalawarjhalawarjhalawarkaraulikaraulikaraulikaraulikaraulikotakotakotakotakotarajsamandrajsamandrajsamandrajsamandrajsamandsawai madhopursawai madhopursawai madhopursawai madhopursawai madhopurtonktonktonktonktonkudaipurudaipurudaipurudaipurudaipurarariaarariaarariaarariaarariaarwalarwalarwalarwalarwalaurangabadaurangabadaurangabadaurangabadaurangabadbankabankabankabankabankabegusaraibegusaraibegusaraibegusaraibegusaraibhagalpurbhagalpurbhagalpurbhagalpurbhagalpurbhojpurbhojpurbhojpurbhojpurbhojpurbuxarbuxarbuxarbuxarbuxardarbhangadarbhangadarbhangadarbhangadarbhangagayagayagayagayagayagopalganjgopalganjgopalganjgopalganjgopalganjjamuijamuijamuijamuijamuijehanabadjehanabadjehanabadjehanabadjehanabadkaimurkaimurkaimurkaimurkaimurkatiharkatiharkatiharkatiharkatiharkhagariakhagariakhagariakhagariakhagariakishanganjkishanganjkishanganjkishanganjkishanganjlakhisarailakhisarailakhisarailakhisarailakhisaraimadhepuramadhepuramadhepuramadhepuramadhepuramadhubanimadhubanimadhubanimadhubanimadhubanimungermungermungermungermungermuzaffarpurmuzaffarpurmuzaffarpurmuzaffarpurmuzaffarpurnalandanalandanalandanalandanalandanawadanawadanawadanawadanawadapashchim champaranpashchim champaranpashchim champaranpashchim champaranpashchim champaranpatnapatnapatnapatnapatnapurbi champaranpurbi champaranpurbi champaranpurbi champaranpurbi champaranpurniapurniapurniapurniapurniarohtasrohtasrohtasrohtasrohtassaharsasaharsasaharsasaharsasaharsasamastipursamastipursamastipursamastipursamastipursaransaransaransaransaransheikhpurasheikhpurasheikhpurasheikhpurasheikhpurasheoharsheoharsheoharsheoharsheoharsitamarhisitamarhisitamarhisitamarhisitamarhisiwansiwansiwansiwansiwansupaulsupaulsupaulsupaulsupaulvaishalivaishalivaishalivaishalivaishalidinajpur dakshindinajpur dakshindinajpur dakshindinajpur dakshindinajpur dakshindinajpur uttardinajpur uttardinajpur uttardinajpur uttardinajpur uttarpaschim bardhamanpaschim bardhamanpaschim bardhamanpaschim bardhamanpaschim bardhamanpurba bardhamanpurba bardhamanpurba bardhamanpurba bardhamanpurba bardhamanpuruliapuruliapuruliapuruliapurulianagapattinamnagapattinamnagapattinamnagapattinamnagapattinamvirudunagarvirudunagarvirudunagarvirudunagarvirudunagaranugulanugulanugulanugulanugulbalangirbalangirbalangirbalangirbalangirbaleshwarbaleshwarbaleshwarbaleshwarbaleshwarbargarhbargarhbargarhbargarhbargarhbhadrakbhadrakbhadrakbhadrakbhadrakboudhboudhboudhboudhboudhcuttackcuttackcuttackcuttackcuttackdeogarhdeogarhdeogarhdeogarhdeogarhdhenkanaldhenkanaldhenkanaldhenkanaldhenkanalgajapatigajapatigajapatigajapatigajapatiganjamganjamganjamganjamganjamjagatsinghapurjagatsinghapurjagatsinghapurjagatsinghapurjagatsinghapurjajapurjajapurjajapurjajapurjajapurjharsugudajharsugudajharsugudajharsugudajharsugudakalahandikalahandikalahandikalahandikalahandikandhamalkandhamalkandhamalkandhamalkandhamalkendraparakendraparakendraparakendraparakendraparakendujharkendujharkendujharkendujharkendujharkhordhakhordhakhordhakhordhakhordhakoraputkoraputkoraputkoraputkoraputmalkangirimalkangirimalkangirimalkangirimalkangirimayurbhanjmayurbhanjmayurbhanjmayurbhanjmayurbhanjnabarangpurnabarangpurnabarangpurnabarangpurnabarangpurnayagarhnayagarhnayagarhnayagarhnayagarhnuapadanuapadanuapadanuapadanuapadapuripuripuripuripurirayagadarayagadarayagadarayagadarayagadasambalpursambalpursambalpursambalpursambalpursonepursonepursonepursonepursonepursundargarhsundargarhsundargarhsundargarhsundargarhbaksabaksabaksabaksabaksabarpetabarpetabarpetabarpetabarpetabongaigaonbongaigaonbongaigaonbongaigaonbongaigaoncacharcacharcacharcacharcacharchirangchirangchirangchirangchirangdarrangdarrangdarrangdarrangdarrangdhemajidhemajidhemajidhemajidhemajidhubridhubridhubridhubridhubridibrugarhdibrugarhdibrugarhdibrugarhdibrugarhdima hasaodima hasaodima hasaodima hasaodima hasaogoalparagoalparagoalparagoalparagoalparagolaghatgolaghatgolaghatgolaghatgolaghathailakandihailakandihailakandihailakandihailakandijorhatjorhatjorhatjorhatjorhatkamrupkamrupkamrupkamrupkamrupkarbi anglongkarbi anglongkarbi anglongkarbi anglongkarbi anglongkarimganjkarimganjkarimganjkarimganjkarimganjkokrajharkokrajharkokrajharkokrajharkokrajharlakhimpurlakhimpurlakhimpurlakhimpurlakhimpurmorigaonmorigaonmorigaonmorigaonmorigaonnagaonnagaonnagaonnagaonnagaonnalbarinalbarinalbarinalbarinalbarisivasagarsivasagarsivasagarsivasagarsivasagarsonitpursonitpursonitpursonitpursonitpurtinsukiatinsukiatinsukiatinsukiatinsukiaudalguriudalguriudalguriudalguriudalguribokarobokarobokarobokarobokarochatrachatrachatrachatrachatradeoghardeoghardeoghardeoghardeoghardhanbaddhanbaddhanbaddhanbaddhanbaddumkadumkadumkadumkadumkaeast singhbumeast singhbumeast singhbumeast singhbumeast singhbumgarhwagarhwagarhwagarhwagarhwagiridihgiridihgiridihgiridihgiridihgoddagoddagoddagoddagoddagumlagumlagumlagumlagumlahazaribaghhazaribaghhazaribaghhazaribaghhazaribaghjamtarajamtarajamtarajamtarajamtarakhuntikhuntikhuntikhuntikhuntikodermakodermakodermakodermakodermalateharlateharlateharlateharlateharlohardagalohardagalohardagalohardagalohardagapakurpakurpakurpakurpakurpalamupalamupalamupalamupalamuramgarhramgarhramgarhramgarhramgarhranchiranchiranchiranchiranchisahibganjsahibganjsahibganjsahibganjsahibganjsaraikelakharsawansaraikelakharsawansaraikelakharsawansaraikelakharsawansaraikelakharsawansimdegasimdegasimdegasimdegasimdegawest singhbhumwest singhbhumwest singhbhumwest singhbhumwest singhbhumbilaspurbilaspurbilaspurbilaspurbilaspurchambachambachambachambachambakangrakangrakangrakangrakangrakinnaurkinnaurkinnaurkinnaurkinnaurkullukullukullukullukullumandimandimandimandimandishimlashimlashimlashimlashimlasirmaursirmaursirmaursirmaursirmaursolansolansolansolansolanunaunaunaunaunakaimur (bhabua)kaimur (bhabua)kaimur (bhabua)kaimur (bhabua)kaimur (bhabua)baloda bazarbaloda bazarbaloda bazarbaloda bazarbaloda bazaruttar bastar kankeruttar bastar kankeruttar bastar kankeruttar bastar kankeruttar bastar kankerbemetarabemetarabemetarabemetarabemetarabijapurbijapurbijapurbijapurbijapurdantewadadantewadadantewadadantewadadantewadadhamtaridhamtaridhamtaridhamtaridhamtaridurgdurgdurgdurgdurggariabandgariabandgariabandgariabandgariabandjanjgirchampajanjgirchampajanjgirchampajanjgirchampajanjgirchampajashpurjashpurjashpurjashpurjashpurkabirdhamkabirdhamkabirdhamkabirdhamkabirdhamkondagaonkondagaonkondagaonkondagaonkondagaonkorbakorbakorbakorbakorbakoreakoreakoreakoreakoreamahasamundmahasamundmahasamundmahasamundmahasamundmungelimungelimungelimungelimungelinarayanpurnarayanpurnarayanpurnarayanpurnarayanpurraigarhraigarhraigarhraigarhraigarhraipurraipurraipurraipurraipurrajnandgaonrajnandgaonrajnandgaonrajnandgaonrajnandgaonsukmasukmasukmasukmasukmasurajpursurajpursurajpursurajpursurajpursurgujasurgujasurgujasurgujasurgujalahul and spitilahul and spitilahul and spitilahul and spitilahul and spitiarvalliarvalliarvalliarvalliarvallibanas kanthabanas kanthabanas kanthabanas kanthabanas kanthadevbhumi dwarkadevbhumi dwarkadevbhumi dwarkadevbhumi dwarkadevbhumi dwarkakachchhkachchhkachchhkachchhkachchhpatanpatanpatanpatanpatanrajkotrajkotrajkotrajkotrajkotahmadnagarahmadnagarahmadnagarahmadnagarahmadnagarakolaakolaakolaakolaakolabuldhanabuldhanabuldhanabuldhanabuldhanahingolihingolihingolihingolihingolijalgaonjalgaonjalgaonjalgaonjalgaonjalnajalnajalnajalnajalnaparbhaniparbhaniparbhaniparbhaniparbhaniwashimwashimwashimwashimwashimyavatmalyavatmalyavatmalyavatmalyavatmalagar malwaagar malwaagar malwaagar malwaagar malwaalirajpuralirajpuralirajpuralirajpuralirajpuranuppuranuppuranuppuranuppuranuppurashoknagarashoknagarashoknagarashoknagarashoknagarbalaghatbalaghatbalaghatbalaghatbalaghatbarwanibarwanibarwanibarwanibarwanibetulbetulbetulbetulbetulbhopalbhopalbhopalbhopalbhopalburhanpurburhanpurburhanpurburhanpurburhanpurchhatarpurchhatarpurchhatarpurchhatarpurchhatarpurchhindwarachhindwarachhindwarachhindwarachhindwaradamohdamohdamohdamohdamohdatiadatiadatiadatiadatiadewasdewasdewasdewasdewasdhardhardhardhardhardindoridindoridindoridindoridindorigunagunagunagunagunagwaliorgwaliorgwaliorgwaliorgwaliorhardahardahardahardahardahoshangabadhoshangabadhoshangabadhoshangabadhoshangabadindoreindoreindoreindoreindorejabalpurjabalpurjabalpurjabalpurjabalpurjhabuajhabuajhabuajhabuajhabuakatnikatnikatnikatnikatnikhandwakhandwakhandwakhandwakhandwakhargonekhargonekhargonekhargonekhargonemandlamandlamandlamandlamandlamandsaurmandsaurmandsaurmandsaurmandsaurmorenamorenamorenamorenamorenanarsinghpurnarsinghpurnarsinghpurnarsinghpurnarsinghpurneemuchneemuchneemuchneemuchneemuchpannapannapannapannapannaraisenraisenraisenraisenraisenrajgarhrajgarhrajgarhrajgarhrajgarhratlamratlamratlamratlamratlamrewarewarewarewarewasagarsagarsagarsagarsagarsatnasatnasatnasatnasatnasehoresehoresehoresehoresehoreseoniseoniseoniseoniseonishahdolshahdolshahdolshahdolshahdolshajapurshajapurshajapurshajapurshajapursheopursheopursheopursheopursheopurshivpurishivpurishivpurishivpurishivpurisidhisidhisidhisidhisidhisingraulisingraulisingraulisingraulisingraulitikamgarhtikamgarhtikamgarhtikamgarhtikamgarhujjainujjainujjainujjainujjainumariaumariaumariaumariaumariavidishavidishavidishavidishavidishabarmerbarmerbarmerbarmerbarmerchittaurgarhchittaurgarhchittaurgarhchittaurgarhchittaurgarhchuruchuruchuruchuruchurudausadausadausadausadausajaipurjaipurjaipurjaipurjaipurjalorejalorejalorejalorejalorejodhpurjodhpurjodhpurjodhpurjodhpurnagaurnagaurnagaurnagaurnagaurpalipalipalipalipalisikarsikarsikarsikarsikarsirohisirohisirohisirohisirohiharidwarharidwarharidwarharidwarharidwarudam singh nagarudam singh nagarudam singh nagarudam singh nagarudam singh nagarkanchipuramkanchipuramkanchipuramkanchipuramkanchipuramvillupuramvillupuramvillupuramvillupuramvillupurambhindbhindbhindbhindbhindbagalkotebagalkotebagalkotebagalkotebagalkotebuldanabuldanabuldanabuldanabuldanawardhawardhawardhawardhawardhasahebganjsahebganjsahebganjsahebganjsahebganjsaraikela kharsawansaraikela kharsawansaraikela kharsawansaraikela kharsawansaraikela kharsawangautam buddha nagargautam buddha nagargautam buddha nagargautam buddha nagargautam buddha nagarkherikherikherikherikherikushi nagarkushi nagarkushi nagarkushi nagarkushi nagarsant ravidas nagarsant ravidas nagarsant ravidas nagarsant ravidas nagarsant ravidas nagarmahendragarhmahendragarhmahendragarhmahendragarhmahendragarhjamnagarjamnagarjamnagarjamnagarjamnagarchamrajnagarchamrajnagarchamrajnagarchamrajnagarchamrajnagartumkurtumkurtumkurtumkurtumkurbalodbalodbalodbalodbalodbastarbastarbastarbastarbastargariyabandgariyabandgariyabandgariyabandgariyabandjanjgir-champajanjgir-champajanjgir-champajanjgir-champajanjgir-champakankerkankerkankerkankerkankeramreliamreliamreliamreliamrelibhavnagarbhavnagarbhavnagarbhavnagarbhavnagarbotadbotadbotadbotadbotadgir somnathgir somnathgir somnathgir somnathgir somnathjunagadhjunagadhjunagadhjunagadhjunagadhmorbimorbimorbimorbimorbikamrup metrokamrup metrokamrup metrokamrup metrokamrup metromarigaonmarigaonmarigaonmarigaonmarigaonbikanerbikanerbikanerbikanerbikanerjaisalmerjaisalmerjaisalmerjaisalmerjaisalmerjhunjhununjhunjhununjhunjhununjhunjhununjhunjhununshahjahanpurshahjahanpurshahjahanpurshahjahanpurshahjahanpurnicobarsnicobarsnicobarsnicobarsnicobarsnorth and middle andamannorth and middle andamannorth and middle andamannorth and middle andamannorth and middle andamansouth andamanssouth andamanssouth andamanssouth andamanssouth andamansanjawanjawanjawanjawanjawchanglangchanglangchanglangchanglangchanglangdibang valleydibang valleydibang valleydibang valleydibang valleyeast kamengeast kamengeast kamengeast kamengeast kamengeast siangeast siangeast siangeast siangeast siangkra daadikra daadikra daadikra daadikra daadikurung kumeykurung kumeykurung kumeykurung kumeykurung kumeylohitlohitlohitlohitlohitlongdinglongdinglongdinglongdinglongdinglower dibang valleylower dibang valleylower dibang valleylower dibang valleylower dibang valleylower subansirilower subansirilower subansirilower subansirilower subansirinamsainamsainamsainamsainamsaipapum parepapum parepapum parepapum parepapum paresiangsiangsiangsiangsiangtawangtawangtawangtawangtawangtiraptiraptiraptiraptirapupper siangupper siangupper siangupper siangupper siangupper subansiriupper subansiriupper subansiriupper subansiriupper subansiriwest kamengwest kamengwest kamengwest kamengwest kamengwest siangwest siangwest siangwest siangwest siangchandigarhchandigarhchandigarhchandigarhchandigarhdadra and nagar havelidadra and nagar havelidadra and nagar havelidadra and nagar havelidadra and nagar havelibishnupurbishnupurbishnupurbishnupurbishnupurchandelchandelchandelchandelchandelchurachandpurchurachandpurchurachandpurchurachandpurchurachandpurimphal eastimphal eastimphal eastimphal eastimphal eastimphal westimphal westimphal westimphal westimphal westsenapatisenapatisenapatisenapatisenapatitamenglongtamenglongtamenglongtamenglongtamenglongthoubalthoubalthoubalthoubalthoubalukhrulukhrulukhrulukhrulukhruleast garo hillseast garo hillseast garo hillseast garo hillseast garo hillseast jaintia hillseast jaintia hillseast jaintia hillseast jaintia hillseast jaintia hillseast khasi hillseast khasi hillseast khasi hillseast khasi hillseast khasi hillsnorth garo hillsnorth garo hillsnorth garo hillsnorth garo hillsnorth garo hillsri bhoiri bhoiri bhoiri bhoiri bhoisouth garo hillssouth garo hillssouth garo hillssouth garo hillssouth garo hillssouth west garo hillssouth west garo hillssouth west garo hillssouth west garo hillssouth west garo hillssouth west khasi hillssouth west khasi hillssouth west khasi hillssouth west khasi hillssouth west khasi hillswest garo hillswest garo hillswest garo hillswest garo hillswest garo hillswest jaintia hillswest jaintia hillswest jaintia hillswest jaintia hillswest jaintia hillswest khasi hillswest khasi hillswest khasi hillswest khasi hillswest khasi hillsaizawlaizawlaizawlaizawlaizawlchamphaichamphaichamphaichamphaichamphaikolasibkolasibkolasibkolasibkolasiblawngtlailawngtlailawngtlailawngtlailawngtlailungleilungleilungleilungleilungleimamitmamitmamitmamitmamitsaihasaihasaihasaihasaihaserchhipserchhipserchhipserchhipserchhipdimapurdimapurdimapurdimapurdimapurkiphirekiphirekiphirekiphirekiphirekohimakohimakohimakohimakohimalonglenglonglenglonglenglonglenglonglengmokokchungmokokchungmokokchungmokokchungmokokchungmonmonmonmonmonperenperenperenperenperenphekphekphekphekphektuensangtuensangtuensangtuensangtuensangwokhawokhawokhawokhawokhazunhebotozunhebotozunhebotozunhebotozunhebotokaraikalkaraikalkaraikalkaraikalkaraikalpondicherrypondicherrypondicherrypondicherrypondicherryyanamyanamyanamyanamyanameast districteast districteast districteast districteast districtnorth districtnorth districtnorth districtnorth districtnorth districtsouth districtsouth districtsouth districtsouth districtsouth districtwest districtwest districtwest districtwest districtwest districtadilabadadilabadadilabadadilabadadilabadbhadradribhadradribhadradribhadradribhadradrihanumakondahanumakondahanumakondahanumakondahanumakondajagitialjagitialjagitialjagitialjagitialjangoanjangoanjangoanjangoanjangoanjayashankarjayashankarjayashankarjayashankarjayashankarjogulambajogulambajogulambajogulambajogulambakamareddykamareddykamareddykamareddykamareddykarimnagarkarimnagarkarimnagarkarimnagarkarimnagarkhammamkhammamkhammamkhammamkhammamkomaram bheem asifabadkomaram bheem asifabadkomaram bheem asifabadkomaram bheem asifabadkomaram bheem asifabadmahabubabadmahabubabadmahabubabadmahabubabadmahabubabadmahbubnagarmahbubnagarmahbubnagarmahbubnagarmahbubnagarmancherialmancherialmancherialmancherialmancherialmedakmedakmedakmedakmedakmedchal malkajgirimedchal malkajgirimedchal malkajgirimedchal malkajgirimedchal malkajgirinagarkurnoolnagarkurnoolnagarkurnoolnagarkurnoolnagarkurnoolnalgondanalgondanalgondanalgondanalgondanirmalnirmalnirmalnirmalnirmalnizamabadnizamabadnizamabadnizamabadnizamabadpeddapallipeddapallipeddapallipeddapallipeddapallirajannarajannarajannarajannarajannarangareddirangareddirangareddirangareddirangareddisangareddysangareddysangareddysangareddysangareddysiddipetsiddipetsiddipetsiddipetsiddipetsuryapetsuryapetsuryapetsuryapetsuryapetvikarabadvikarabadvikarabadvikarabadvikarabadwanaparthywanaparthywanaparthywanaparthywanaparthywarangalwarangalwarangalwarangalwarangalyadadriyadadriyadadriyadadriyadadridhalaidhalaidhalaidhalaidhalaigomatigomatigomatigomatigomatikhowaikhowaikhowaikhowaikhowainorth tripuranorth tripuranorth tripuranorth tripuranorth tripurasepahijalasepahijalasepahijalasepahijalasepahijalasouth tripurasouth tripurasouth tripurasouth tripurasouth tripuraunakotiunakotiunakotiunakotiunakotiwest tripurawest tripurawest tripurawest tripurawest tripura,ricemaizebajraragijowarricemaizebajraragijowarricemaizebajraragijowarricemaizebajraragijowarricemaizebajraragijowarricemaizebajraragijowarricemaizebajraragijowarricemaizebajraragijowarricemaizebajraragijowarricemaizebajraragijowarricemaizebajraragijowarricemaizebajraragijowarricemaizebajraragijowarricemaizebajraragijowarricemaizebajraragijowarricemaizebajraragijowarricemaizebajraragijowarricemaizebajraragijowarricemaizebajraragijowarricemaizebajraragijowarricemaizebajraragijowarricemaizebajraragijowarricemaizebajraragijowarricemaizebajraragijowarricemaizebajraragijowarricemaizebajraragijowarricemaizebajraragijowarricemaizebajraragijowarricemaizebajraragijowarricemaizebajraragijowarricemaizebajraragijowarricemaizebajraragijowarricemaizebajraragijowarricemaizebajraragijowarricemaizebajraragijowarricemaizebajraragijowarricemaizebajraragijowarricemaizebajraragijowarricemaizebajraragijowarricemaizebajraragijowarricemaizebajraragijowarricemaizebajraragijowarricemaizebajraragijowarricemaizebajraragijowarricemaizebajraragijowarricemaizebajraragijowarricemaizebajraragijowarricemaizebajraragijowarricemaizebajraragijowarricemaizebajraragijowarricemaizebajraragijowarricemaizebajraragijowarricemaizebajraragijowarricemaizebajraragijowarricemaizebajraragijowarricemaizebajraragijowarricemaizebajraragijowarricemaizebajraragijowarricemaizebajraragijowarricemaizebajraragijowarricemaizebajraragijowarricemaizebajraragijowarricemaizebajraragijowarricemaizebajraragijowarricemaizebajraragijowarricemaizebajraragijowarricemaizebajraragijowarricemaizebajraragijowarricemaizebajraragijowarricemaizebajraragijowarricemaizebajraragijowarricemaizebajraragijowarricemaizebajraragijowarricemaizebajraragijowarricemaizebajraragijowarricemaizebajraragijowarricemaizebajraragijowarricemaizebajraragijowarricemaizebajraragijowarricemaizebajraragijowarricemaizebajraragijowarricemaizebajraragijowarricemaizebajraragijowarricemaizebajraragijowarricemaizebajraragijowarricemaizebajraragijowarricemaizebajraragijowarricemaizebajraragijowarricemaizebajraragijowarricemaizebajraragijowarricemaizebajraragijowarricemaizebajraragijowarricemaizebajraragijowarricemaizebajraragijowarricemaizebajraragijowarricemaizebajraragijowarricemaizebajraragijowarricemaizebajraragijowarricemaizebajraragijowarricemaizebajraragijowarricemaizebajraragijowarricemaizebajraragijowarricemaizebajraragijowarricemaizebajraragijowarricemaizebajraragijowarricemaizebajraragijowarricemaizebajraragijowarricemaizebajraragijowarricemaizebajraragijowarricemaizebajraragijowarricemaizebajraragijowarricemaizebajraragijowarricemaizebajraragijowarricemaizebajraragijowarricemaizebajraragijowarricemaizebajraragijowarricemaizebajraragijowarricemaizebajraragijowarricemaizebajraragijowarricemaizebajraragijowarricemaizebajraragijowarricemaizebajraragijowarricemaizebajraragijowarricemaizebajraragijowarricemaizebajraragijowarricemaizebajraragijowarricemaizebajraragijowarricemaizebajraragijowarricemaizebajraragijowarricemaizebajraragijowarricemaizebajraragijowarricemaizebajraragijowarricemaizebajraragijowarricemaizebajraragijowarricemaizebajraragijowarricemaizebajraragijowarricemaizebajraragijowarricemaizebajraragijowarricemaizebajraragijowarricemaizebajraragijowarricemaizebajraragijowarricemaizebajraragijowarricemaizebajraragijowarricemaizebajraragijowarricemaizebajraragijowarricemaizebajraragijowarricemaizebajraragijowarricemaizebajraragijowarricemaizebajraragijowarricemaizebajraragijowarricemaizebajraragijowarricemaizebajraragijowarricemaizebajraragijowarricemaizebajraragijowarricemaizebajraragijowarricemaizebajraragijowarricemaizebajraragijowarricemaizebajraragijowarricemaizebajraragijowarricemaizebajraragijowarricemaizebajraragijowarricemaizebajraragijowarricemaizebajraragijowarricemaizebajraragijowarricemaizebajraragijowarricemaizebajraragijowarricemaizebajraragijowarricemaizebajraragijowarricemaizebajraragijowarricemaizebajraragijowarricemaizebajraragijowarricemaizebajraragijowarricemaizebajraragijowarricemaizebajraragijowarricemaizebajraragijowarricemaizebajraragijowarricemaizebajraragijowarricemaizebajraragijowarricemaizebajraragijowarricemaizebajraragijowarricemaizebajraragijowarricemaizebajraragijowarricemaizebajraragijowarricemaizebajraragijowarricemaizebajraragijowarricemaizebajraragijowarricemaizebajraragijowarricemaizebajraragijowarricemaizebajraragijowarricemaizebajraragijowarricemaizebajraragijowarricemaizebajraragijowarricemaizebajraragijowarricemaizebajraragijowarricemaizebajraragijowarricemaizebajraragijowarricemaizebajraragijowarricemaizebajraragijowarricemaizebajraragijowarricemaizebajraragijowarricemaizebajraragijowarricemaizebajraragijowarricemaizebajraragijowarricemaizebajraragijowarricemaizebajraragijowarricemaizebajraragijowarricemaizebajraragijowarricemaizebajraragijowarricemaizebajraragijowarricemaizebajraragijowarricemaizebajraragijowarricemaizebajraragijowarricemaizebajraragijowarricemaizebajraragijowarricemaizebajraragijowarricemaizebajraragijowarricemaizebajraragijowarricemaizebajraragijowarricemaizebajraragijowarricemaizebajraragijowarricemaizebajraragijowarricemaizebajraragijowarricemaizebajraragijowarricemaizebajraragijowarricemaizebajraragijowarricemaizebajraragijowarricemaizebajraragijowarricemaizebajraragijowarricemaizebajraragijowarricemaizebajraragijowarricemaizebajraragijowarricemaizebajraragijowarricemaizebajraragijowarricemaizebajraragijowarricemaizebajraragijowarricemaizebajraragijowarricemaizebajraragijowarricemaizebajraragijowarricemaizebajraragijowarricemaizebajraragijowarricemaizebajraragijowarricemaizebajraragijowarricemaizebajraragijowarricemaizebajraragijowarricemaizebajraragijowarricemaizebajraragijowarricemaizebajraragijowarricemaizebajraragijowarricemaizebajraragijowarricemaizebajraragijowarricemaizebajraragijowarricemaizebajraragijowarricemaizebajraragijowarricemaizebajraragijowarricemaizebajraragijowarricemaizebajraragijowarricemaizebajraragijowarricemaizebajraragijowarricemaizebajraragijowarricemaizebajraragijowarricemaizebajraragijowarricemaizebajraragijowarricemaizebajraragijowarricemaizebajraragijowarricemaizebajraragijowarricemaizebajraragijowarricemaizebajraragijowarricemaizebajraragijowarricemaizebajraragijowarricemaizebajraragijowarricemaizebajraragijowarricemaizebajraragijowarricemaizebajraragijowarricemaizebajraragijowarricemaizebajraragijowarricemaizebajraragijowarricemaizebajraragijowarricemaizebajraragijowarricemaizebajraragijowarricemaizebajraragijowarricemaizebajraragijowarricemaizebajraragijowarricemaizebajraragijowarricemaizebajraragijowarricemaizebajraragijowarricemaizebajraragijowarricemaizebajraragijowarricemaizebajraragijowarricemaizebajraragijowarricemaizebajraragijowarricemaizebajraragijowarricemaizebajraragijowarricemaizebajraragijowarricemaizebajraragijowarricemaizebajraragijowarricemaizebajraragijowarricemaizebajraragijowarricemaizebajraragijowarricemaizebajraragijowarricemaizebajraragijowarricemaizebajraragijowarricemaizebajraragijowarricemaizebajraragijowarricemaizebajraragijowarricemaizebajraragijowarricemaizebajraragijowarricemaizebajraragijowarricemaizebajraragijowarricemaizebajraragijowarricemaizebajraragijowarricemaizebajraragijowarricemaizebajraragijowarricemaizebajraragijowarricemaizebajraragijowarricemaizebajraragijowarricemaizebajraragijowarricemaizebajraragijowarricemaizebajraragijowarricemaizebajraragijowarricemaizebajraragijowarricemaizebajraragijowarricemaizebajraragijowarricemaizebajraragijowarricemaizebajraragijowarricemaizebajraragijowarricemaizebajraragijowarricemaizebajraragijowarricemaizebajraragijowarricemaizebajraragijowarricemaizebajraragijowarricemaizebajraragijowarricemaizebajraragijowarricemaizebajraragijowarricemaizebajraragijowarricemaizebajraragijowarricemaizebajraragijowarricemaizebajraragijowarricemaizebajraragijowarricemaizebajraragijowarricemaizebajraragijowarricemaizebajraragijowarricemaizebajraragijowarricemaizebajraragijowarricemaizebajraragijowarricemaizebajraragijowarricemaizebajraragijowarricemaizebajraragijowarricemaizebajraragijowarricemaizebajraragijowarricemaizebajraragijowarricemaizebajraragijowarricemaizebajraragijowarricemaizebajraragijowarricemaizebajraragijowarricemaizebajraragijowarricemaizebajraragijowarricemaizebajraragijowarricemaizebajraragijowarricemaizebajraragijowarricemaizebajraragijowarricemaizebajraragijowarricemaizebajraragijowarricemaizebajraragijowarricemaizebajraragijowarricemaizebajraragijowarricemaizebajraragijowarricemaizebajraragijowarricemaizebajraragijowarricemaizebajraragijowarricemaizebajraragijowarricemaizebajraragijowarricemaizebajraragijowarricemaizebajraragijowarricemaizebajraragijowarricemaizebajraragijowarricemaizebajraragijowarricemaizebajraragijowarricemaizebajraragijowarricemaizebajraragijowarricemaizebajraragijowarricemaizebajraragijowarricemaizebajraragijowarricemaizebajraragijowarricemaizebajraragijowarricemaizebajraragijowarricemaizebajraragijowarricemaizebajraragijowarricemaizebajraragijowarricemaizebajraragijowarricemaizebajraragijowarricemaizebajraragijowarricemaizebajraragijowarricemaizebajraragijowarricemaizebajraragijowarricemaizebajraragijowarricemaizebajraragijowarricemaizebajraragijowarricemaizebajraragijowarricemaizebajraragijowarricemaizebajraragijowarricemaizebajraragijowarricemaizebajraragijowarricemaizebajraragijowarricemaizebajraragijowarricemaizebajraragijowarricemaizebajraragijowarricemaizebajraragijowarricemaizebajraragijowarricemaizebajraragijowarricemaizebajraragijowarricemaizebajraragijowarricemaizebajraragijowarricemaizebajraragijowarricemaizebajraragijowarricemaizebajraragijowarricemaizebajraragijowarricemaizebajraragijowarricemaizebajraragijowarricemaizebajraragijowarricemaizebajraragijowarricemaizebajraragijowarricemaizebajraragijowarricemaizebajraragijowarricemaizebajraragijowarricemaizebajraragijowarricemaizebajraragijowarricemaizebajraragijowarricemaizebajraragijowarricemaizebajraragijowarricemaizebajraragijowarricemaizebajraragijowarricemaizebajraragijowarricemaizebajraragijowarricemaizebajraragijowarricemaizebajraragijowarricemaizebajraragijowarricemaizebajraragijowarricemaizebajraragijowarricemaizebajraragijowarricemaizebajraragijowarricemaizebajraragijowarricemaizebajraragijowarricemaizebajraragijowarricemaizebajraragijowarricemaizebajraragijowarricemaizebajraragijowarricemaizebajraragijowarricemaizebajraragijowarricemaizebajraragijowarricemaizebajraragijowarricemaizebajraragijowarricemaizebajraragijowarricemaizebajraragijowarricemaizebajraragijowarricemaizebajraragijowarricemaizebajraragijowarricemaizebajraragijowarricemaizebajraragijowarricemaizebajraragijowarricemaizebajraragijowarricemaizebajraragijowarricemaizebajraragijowarricemaizebajraragijowarricemaizebajraragijowarricemaizebajraragijowarricemaizebajraragijowarricemaizebajraragijowarricemaizebajraragijowarricemaizebajraragijowarricemaizebajraragijowarricemaizebajraragijowarricemaizebajraragijowarricemaizebajraragijowarricemaizebajraragijowarricemaizebajraragijowarricemaizebajraragijowarricemaizebajraragijowarricemaizebajraragijowarricemaizebajraragijowarricemaizebajraragijowarricemaizebajraragijowarricemaizebajraragijowarricemaizebajraragijowarricemaizebajraragijowarricemaizebajraragijowarricemaizebajraragijowarricemaizebajraragijowarricemaizebajraragijowarricemaizebajraragijowarricemaizebajraragijowarricemaizebajraragijowarricemaizebajraragijowarricemaizebajraragijowarricemaizebajraragijowarricemaizebajraragijowarricemaizebajraragijowarricemaizebajraragijowarricemaizebajraragijowarricemaizebajraragijowarricemaizebajraragijowarricemaizebajraragijowarricemaizebajraragijowarricemaizebajraragijowarricemaizebajraragijowarricemaizebajraragijowarricemaizebajraragijowarricemaizebajraragijowarricemaizebajraragijowarricemaizebajraragijowarricemaizebajraragijowarricemaizebajraragijowarricemaizebajraragijowarricemaizebajraragijowarricemaizebajraragijowarricemaizebajraragijowarricemaizebajraragijowarricemaizebajraragijowarricemaizebajraragijowarricemaizebajraragijowarricemaizebajraragijowarricemaizebajraragijowarricemaizebajraragijowarricemaizebajraragijowarricemaizebajraragijowarricemaizebajraragijowarricemaizebajraragijowarricemaizebajraragijowarricemaizebajraragijowarricemaizebajraragijowarricemaizebajraragijowarricemaizebajraragijowarricemaizebajraragijowarricemaizebajraragijowarricemaizebajraragijowarricemaizebajraragijowarricemaizebajraragijowarricemaizebajraragijowarricemaizebajraragijowarricemaizebajraragijowarricemaizebajraragijowarricemaizebajraragijowarricemaizebajraragijowarricemaizebajraragijowarricemaizebajraragijowarricemaizebajraragijowarricemaizebajraragijowarricemaizebajraragijowarricemaizebajraragijowarricemaizebajraragijowarricemaizebajraragijowarricemaizebajraragijowarricemaizebajraragijowarricemaizebajraragijowarricemaizebajraragijowarricemaizebajraragijowarricemaizebajraragijowarricemaizebajraragijowarricemaizebajraragijowarricemaizebajraragijowarricemaizebajraragijowarricemaizebajraragijowarricemaizebajraragijowarricemaizebajraragijowarricemaizebajraragijowarricemaizebajraragijowarricemaizebajraragijowarricemaizebajraragijowarricemaizebajraragijowarricemaizebajraragijowarricemaizebajraragijowarricemaizebajraragijowarricemaizebajraragijowarricemaizebajraragijowarricemaizebajraragijowarricemaizebajraragijowarricemaizebajraragijowarricemaizebajraragijowarricemaizebajraragijowarricemaizebajraragijowarricemaizebajraragijowarricemaizebajraragijowarricemaizebajraragijowarricemaizebajraragijowarricemaizebajraragijowarricemaizebajraragijowarricemaizebajraragijowarricemaizebajraragijowarricemaizebajraragijowarricemaizebajraragijowarricemaizebajraragijowarricemaizebajraragijowarricemaizebajraragijowarricemaizebajraragijowarricemaizebajraragijowarricemaizebajraragijowarricemaizebajraragijowarricemaizebajraragijowarricemaizebajraragijowarricemaizebajraragijowarricemaizebajraragijowarricemaizebajraragijowarricemaizebajraragijowarricemaizebajraragijowarricemaizebajraragijowarricemaizebajraragijowarricemaizebajraragijowarricemaizebajraragijowarricemaizebajraragijowarricemaizebajraragijowarricemaizebajraragijowarricemaizebajraragijowarricemaizebajraragijowarricemaizebajraragijowarricemaizebajraragijowarricemaizebajraragijowarricemaizebajraragijowarricemaizebajraragijowarricemaizebajraragijowarricemaizebajraragijowarricemaizebajraragijowarricemaizebajraragijowarricemaizebajraragijowarricemaizebajraragijowarricemaizebajraragijowarricemaizebajraragijowarricemaizebajraragijowarricemaizebajraragijowarricemaizebajraragijowarricemaizebajraragijowarricemaizebajraragijowarricemaizebajraragijowarricemaizebajraragijowarricemaizebajraragijowarricemaizebajraragijowarricemaizebajraragijowarricemaizebajraragijowarricemaizebajraragijowarricemaizebajraragijowarricemaizebajraragijowarricemaizebajraragijowarricemaizebajraragijowarricemaizebajraragijowarricemaizebajraragijowarricemaizebajraragijowarricemaizebajraragijowarricemaizebajraragijowarricemaizebajraragijowarricemaizebajraragijowarricemaizebajraragijowarricemaizebajraragijowarricemaizebajraragijowarricemaizebajraragijowarricemaizebajraragijowarricemaizebajraragijowarricemaizebajraragijowarricemaizebajraragijowarricemaizebajraragijowarricemaizebajraragijowarricemaizebajraragijowarricemaizebajraragijowarricemaizebajraragijowarricemaizebajraragijowarricemaizebajraragijowarricemaizebajraragijowarricemaizebajraragijowarricemaizebajraragijowarricemaizebajraragijowarricemaizebajraragijowarricemaizebajraragijowarricemaizebajraragijowarricemaizebajraragijowarricemaizebajraragijowarricemaizebajraragijowarricemaizebajraragijowarricemaizebajraragijowarricemaizebajraragijowarricemaizebajraragijowarricemaizebajraragijowarricemaizebajraragijowarricemaizebajraragijowarricemaizebajraragijowarricemaizebajraragijowarricemaizebajraragijowarricemaizebajraragijowarricemaizebajraragijowarricemaizebajraragijowarricemaizebajraragijowarricemaizebajraragijowarricemaizebajraragijowarricemaizebajraragijowarricemaizebajraragijowarricemaizebajraragijowarricemaizebajraragijowarricemaizebajraragijowarricemaizebajraragijowarricemaizebajraragijowarricemaizebajraragijowarricemaizebajraragijowarricemaizebajraragijowarricemaizebajraragijowarricemaizebajraragijowarricemaizebajraragijowarricemaizebajraragijowarricemaizebajraragijowarricemaizebajraragijowarricemaizebajraragijowarricemaizebajraragijowar,3919570.0033,3919570.0,357039.11134,11134736072.94606,10957368000.44809,369224139.6327729,469929166.65830785,114150239.22179599,153817051.63280588,214161299.67785594,324147530.452205,73051126.57318252,118161241.23144668,38148961480239.555,38148961481583.43,4357788.341826629,17861247.84541953,33344914.359842174,50469770.491408326,7110155.149304817,10761698.011013208,4762486614.973845,9462300795.8666,32190958671.98962,16969155200.04455,3919570.0,49.668830893071664,33.930917388422415,38.17674407287695,21.42983116831286,25.788306296302594,3.5227040207864146e-09,-89.70277714181734,75.60199388339952,33.93091738842242,33.930917388422415
16,maharashtra,ariyalurariyalurariyalurariyalurariyalurcoimbatorecoimbatorecoimbatorecoimbatorecoimbatorecuddalorecuddalorecuddalorecuddalorecuddaloredharmapuridharmapuridharmapuridharmapuridharmapuridindiguldindiguldindiguldindiguldindigulerodeerodeerodeerodeerodekancheepuramkancheepuramkancheepuramkancheepuramkancheepuramkanniyakumarikanniyakumarikanniyakumarikanniyakumarikanniyakumarikarurkarurkarurkarurkarurkrishnagirikrishnagirikrishnagirikrishnagirikrishnagirimaduraimaduraimaduraimaduraimadurainagappattinamnagappattinamnagappattinamnagappattinamnagappattinamnamakkalnamakkalnamakkalnamakkalnamakkalperambalurperambalurperambalurperambalurperambalurpudukkottaipudukkottaipudukkottaipudukkottaipudukkottairamanathapuramramanathapuramramanathapuramramanathapuramramanathapuramsalemsalemsalemsalemsalemsivagangasivagangasivagangasivagangasivagangathanjavurthanjavurthanjavurthanjavurthanjavurthe nilgiristhe nilgiristhe nilgiristhe nilgiristhe nilgiristhenithenithenithenithenithiruvallurthiruvallurthiruvallurthiruvallurthiruvallurthiruvarurthiruvarurthiruvarurthiruvarurthiruvarurtiruchirappallitiruchirappallitiruchirappallitiruchirappallitiruchirappallitirunelvelitirunelvelitirunelvelitirunelvelitirunelvelitiruppurtiruppurtiruppurtiruppurtiruppurtiruvannamalaitiruvannamalaitiruvannamalaitiruvannamalaitiruvannamalaituticorintuticorintuticorintuticorintuticorinvellorevellorevellorevellorevelloreviluppuramviluppuramviluppuramviluppuramviluppuramvirudhunagarvirudhunagarvirudhunagarvirudhunagarvirudhunagaramritsaramritsaramritsaramritsaramritsarbarnalabarnalabarnalabarnalabarnalabathindabathindabathindabathindabathindafaridkotfaridkotfaridkotfaridkotfaridkotfatehgarh sahibfatehgarh sahibfatehgarh sahibfatehgarh sahibfatehgarh sahibfazilkafazilkafazilkafazilkafazilkafirozpurfirozpurfirozpurfirozpurfirozpurgurdaspurgurdaspurgurdaspurgurdaspurgurdaspurhoshiarpurhoshiarpurhoshiarpurhoshiarpurhoshiarpurjalandharjalandharjalandharjalandharjalandharkapurthalakapurthalakapurthalakapurthalakapurthalaludhianaludhianaludhianaludhianaludhianamansamansamansamansamansamogamogamogamogamogamuktsarmuktsarmuktsarmuktsarmuktsarpathankotpathankotpathankotpathankotpathankotpatialapatialapatialapatialapatialarupnagarrupnagarrupnagarrupnagarrupnagarsangrursangrursangrursangrursangrurshahid bhagat singh nagarshahid bhagat singh nagarshahid bhagat singh nagarshahid bhagat singh nagarshahid bhagat singh nagartarn tarantarn tarantarn tarantarn tarantarn taranambalaambalaambalaambalaambalabhiwanibhiwanibhiwanibhiwanibhiwanicharki dadricharki dadricharki dadricharki dadricharki dadrifaridabadfaridabadfaridabadfaridabadfaridabadfatehabadfatehabadfatehabadfatehabadfatehabadgurgaongurgaongurgaongurgaongurgaonhisarhisarhisarhisarhisarjhajjarjhajjarjhajjarjhajjarjhajjarjindjindjindjindjindkaithalkaithalkaithalkaithalkaithalkarnalkarnalkarnalkarnalkarnalkurukshetrakurukshetrakurukshetrakurukshetrakurukshetramewatmewatmewatmewatmewatpalwalpalwalpalwalpalwalpalwalpanchkulapanchkulapanchkulapanchkulapanchkulapanipatpanipatpanipatpanipatpanipatrewarirewarirewarirewarirewarirohtakrohtakrohtakrohtakrohtaksirsasirsasirsasirsasirsasonipatsonipatsonipatsonipatsonipatyamunanagaryamunanagaryamunanagaryamunanagaryamunanagaranantapuranantapuranantapuranantapuranantapurchittoorchittoorchittoorchittoorchittooreast godavarieast godavarieast godavarieast godavarieast godavarigunturgunturgunturgunturgunturkadapakadapakadapakadapakadapakrishnakrishnakrishnakrishnakrishnakurnoolkurnoolkurnoolkurnoolkurnoolprakasamprakasamprakasamprakasamprakasamnellorenellorenellorenellorenelloresrikakulamsrikakulamsrikakulamsrikakulamsrikakulamvisakhapatnamvisakhapatnamvisakhapatnamvisakhapatnamvisakhapatnamvizianagaramvizianagaramvizianagaramvizianagaramvizianagaramwest godavariwest godavariwest godavariwest godavariwest godavariballariballariballariballariballaribangalore ruralbangalore ruralbangalore ruralbangalore ruralbangalore ruralbelagavibelagavibelagavibelagavibelagavibengaluru urbanbengaluru urbanbengaluru urbanbengaluru urbanbengaluru urbanbidarbidarbidarbidarbidarchamarajanagarachamarajanagarachamarajanagarachamarajanagarachamarajanagarachikkaballapurachikkaballapurachikkaballapurachikkaballapurachikkaballapurachikmagalurchikmagalurchikmagalurchikmagalurchikmagalurchitradurgachitradurgachitradurgachitradurgachitradurgadakshina kannadadakshina kannadadakshina kannadadakshina kannadadakshina kannadadavangeredavangeredavangeredavangeredavangeredharwaddharwaddharwaddharwaddharwadgadaggadaggadaggadaggadaghassanhassanhassanhassanhassanhaverihaverihaverihaverihaverikalaburagikalaburagikalaburagikalaburagikalaburagikodagukodagukodagukodagukodagukolarkolarkolarkolarkolarkoppalkoppalkoppalkoppalkoppalmandyamandyamandyamandyamandyamysurumysurumysurumysurumysururaichurraichurraichurraichurraichurramanagararamanagararamanagararamanagararamanagarashivamoggashivamoggashivamoggashivamoggashivamoggatumakurutumakurutumakurutumakurutumakuruudupiudupiudupiudupiudupiuttara kannadauttara kannadauttara kannadauttara kannadauttara kannadavijayapuravijayapuravijayapuravijayapuravijayapurayadgiryadgiryadgiryadgiryadgiralmoraalmoraalmoraalmoraalmorabageshwarbageshwarbageshwarbageshwarbageshwarchamolichamolichamolichamolichamolichampawatchampawatchampawatchampawatchampawatdehradundehradundehradundehradundehradunhardwarhardwarhardwarhardwarhardwarnainitalnainitalnainitalnainitalnainitalpauri garhwalpauri garhwalpauri garhwalpauri garhwalpauri garhwalpithoragarhpithoragarhpithoragarhpithoragarhpithoragarhrudra prayagrudra prayagrudra prayagrudra prayagrudra prayagtehri garhwaltehri garhwaltehri garhwaltehri garhwaltehri garhwaludham singh nagarudham singh nagarudham singh nagarudham singh nagarudham singh nagaruttar kashiuttar kashiuttar kashiuttar kashiuttar kashispsr nellorespsr nellorespsr nellorespsr nellorespsr nellorevisakhapatanamvisakhapatanamvisakhapatanamvisakhapatanamvisakhapatanamparaganas northparaganas northparaganas northparaganas northparaganas northparaganas southparaganas southparaganas southparaganas southparaganas southalipurduaralipurduaralipurduaralipurduaralipurduarbankurabankurabankurabankurabankurabirbhumbirbhumbirbhumbirbhumbirbhumcoochbeharcoochbeharcoochbeharcoochbeharcoochbehardarjeelingdarjeelingdarjeelingdarjeelingdarjeelingdakshin dinajpurdakshin dinajpurdakshin dinajpurdakshin dinajpurdakshin dinajpuruttar dinajpuruttar dinajpuruttar dinajpuruttar dinajpuruttar dinajpurhooghlyhooghlyhooghlyhooghlyhooghlyhowrahhowrahhowrahhowrahhowrahjalpaigurijalpaigurijalpaigurijalpaigurijalpaigurijhargramjhargramjhargramjhargramjhargramkalimpongkalimpongkalimpongkalimpongkalimpongmaldahmaldahmaldahmaldahmaldahmedinipur eastmedinipur eastmedinipur eastmedinipur eastmedinipur eastmedinipur westmedinipur westmedinipur westmedinipur westmedinipur westmurshidabadmurshidabadmurshidabadmurshidabadmurshidabadnadianadianadianadianadiabarddhamanbarddhamanbarddhamanbarddhamanbarddhamanpuruliyapuruliyapuruliyapuruliyapuruliyaalappuzhaalappuzhaalappuzhaalappuzhaalappuzhaernakulamernakulamernakulamernakulamernakulamidukkiidukkiidukkiidukkiidukkikannurkannurkannurkannurkannurkasaragodkasaragodkasaragodkasaragodkasaragodkollamkollamkollamkollamkollamkottayamkottayamkottayamkottayamkottayamkozhikodekozhikodekozhikodekozhikodekozhikodemalappurammalappurammalappurammalappurammalappurampalakkadpalakkadpalakkadpalakkadpalakkadpathanamthittapathanamthittapathanamthittapathanamthittapathanamthittathiruvananthapuramthiruvananthapuramthiruvananthapuramthiruvananthapuramthiruvananthapuramthrissurthrissurthrissurthrissurthrissurwayanadwayanadwayanadwayanadwayanadbagalkotbagalkotbagalkotbagalkotbagalkotchikballapurachikballapurachikballapurachikballapurachikballapurachikkamagaluruchikkamagaluruchikkamagaluruchikkamagaluruchikkamagalurudavanageredavanageredavanageredavanageredavanagereyadagiriyadagiriyadagiriyadagiriyadagiriagraagraagraagraagraaligarhaligarhaligarhaligarhaligarhallahabadallahabadallahabadallahabadallahabadambedkar nagarambedkar nagarambedkar nagarambedkar nagarambedkar nagaramethiamethiamethiamethiamethiamrohaamrohaamrohaamrohaamrohaauraiyaauraiyaauraiyaauraiyaauraiyaazamgarhazamgarhazamgarhazamgarhazamgarhbaghpatbaghpatbaghpatbaghpatbaghpatbahraichbahraichbahraichbahraichbahraichballiaballiaballiaballiaballiabalrampurbalrampurbalrampurbalrampurbalrampurbandabandabandabandabandabarabankibarabankibarabankibarabankibarabankibareillybareillybareillybareillybareillybastibastibastibastibastibijnorbijnorbijnorbijnorbijnorbudaunbudaunbudaunbudaunbudaunbulandshahrbulandshahrbulandshahrbulandshahrbulandshahrchandaulichandaulichandaulichandaulichandaulichitrakootchitrakootchitrakootchitrakootchitrakootdeoriadeoriadeoriadeoriadeoriaetahetahetahetahetahetawahetawahetawahetawahetawahfaizabadfaizabadfaizabadfaizabadfaizabadfarrukhabadfarrukhabadfarrukhabadfarrukhabadfarrukhabadfatehpurfatehpurfatehpurfatehpurfatehpurfirozabadfirozabadfirozabadfirozabadfirozabadkanpur nagarkanpur nagarkanpur nagarkanpur nagarkanpur nagarghaziabadghaziabadghaziabadghaziabadghaziabadghazipurghazipurghazipurghazipurghazipurgondagondagondagondagondagorakhpurgorakhpurgorakhpurgorakhpurgorakhpurhamirpurhamirpurhamirpurhamirpurhamirpurhapurhapurhapurhapurhapurhardoihardoihardoihardoihardoihathrashathrashathrashathrashathrasjalaunjalaunjalaunjalaunjalaunjaunpurjaunpurjaunpurjaunpurjaunpurjhansijhansijhansijhansijhansikannaujkannaujkannaujkannaujkannaujkanpur dehatkanpur dehatkanpur dehatkanpur dehatkanpur dehatkasganjkasganjkasganjkasganjkasganjkaushambikaushambikaushambikaushambikaushambilakhimpur kherilakhimpur kherilakhimpur kherilakhimpur kherilakhimpur kherikushinagarkushinagarkushinagarkushinagarkushinagarlalitpurlalitpurlalitpurlalitpurlalitpurlucknowlucknowlucknowlucknowlucknowmaharajganjmaharajganjmaharajganjmaharajganjmaharajganjmahobamahobamahobamahobamahobamainpurimainpurimainpurimainpurimainpurimathuramathuramathuramathuramathuramaumaumaumaumaumeerutmeerutmeerutmeerutmeerutmirzapurmirzapurmirzapurmirzapurmirzapurmoradabadmoradabadmoradabadmoradabadmoradabadmuzaffarnagarmuzaffarnagarmuzaffarnagarmuzaffarnagarmuzaffarnagarpilibhitpilibhitpilibhitpilibhitpilibhitpratapgarhpratapgarhpratapgarhpratapgarhpratapgarhrae barelirae barelirae barelirae barelirae barelirampurrampurrampurrampurrampursaharanpursaharanpursaharanpursaharanpursaharanpursambhalsambhalsambhalsambhalsambhalsant kabeer nagarsant kabeer nagarsant kabeer nagarsant kabeer nagarsant kabeer nagarsant ravi das nagarsant ravi das nagarsant ravi das nagarsant ravi das nagarsant ravi das nagarshahajahanpurshahajahanpurshahajahanpurshahajahanpurshahajahanpurshamlishamlishamlishamlishamlishravastishravastishravastishravastishravastisiddharth nagarsiddharth nagarsiddharth nagarsiddharth nagarsiddharth nagarsitapursitapursitapursitapursitapursonbhadrasonbhadrasonbhadrasonbhadrasonbhadrasultanpursultanpursultanpursultanpursultanpurunnaounnaounnaounnaounnaovaranasivaranasivaranasivaranasivaranasiahmednagarahmednagarahmednagarahmednagarahmednagaramravatiamravatiamravatiamravatiamravatibeedbeedbeedbeedbeedbhandarabhandarabhandarabhandarabhandarachandrapurchandrapurchandrapurchandrapurchandrapurdhuledhuledhuledhuledhulegadchiroligadchiroligadchiroligadchiroligadchiroligondiagondiagondiagondiagondiakolhapurkolhapurkolhapurkolhapurkolhapurlaturlaturlaturlaturlaturnagpurnagpurnagpurnagpurnagpurnandednandednandednandednandednandurbarnandurbarnandurbarnandurbarnandurbarnashiknashiknashiknashiknashikosmanabadosmanabadosmanabadosmanabadosmanabadpalgharpalgharpalgharpalgharpalgharpunepunepunepunepuneraigadraigadraigadraigadraigadratnagiriratnagiriratnagiriratnagiriratnagirisanglisanglisanglisanglisanglisatarasatarasatarasatarasatarasindhudurgsindhudurgsindhudurgsindhudurgsindhudurgsolapursolapursolapursolapursolapurthanethanethanethanethaneanantnaganantnaganantnaganantnaganantnagbadgambadgambadgambadgambadgambandiporabandiporabandiporabandiporabandiporabaramullabaramullabaramullabaramullabaramulladodadodadodadodadodaganderbalganderbalganderbalganderbalganderbaljammujammujammujammujammukathuakathuakathuakathuakathuakishtwarkishtwarkishtwarkishtwarkishtwarkulgamkulgamkulgamkulgamkulgamkupwarakupwarakupwarakupwarakupwarapoonchpoonchpoonchpoonchpoonchpulwamapulwamapulwamapulwamapulwamarajaurirajaurirajaurirajaurirajaurirambanrambanrambanrambanrambanreasireasireasireasireasisambasambasambasambasambashopianshopianshopianshopianshopiansrinagarsrinagarsrinagarsrinagarsrinagarudhampurudhampurudhampurudhampurudhampurahmadabadahmadabadahmadabadahmadabadahmadabadanandanandanandanandanandaravalliaravalliaravalliaravalliaravallibharuchbharuchbharuchbharuchbharuchchhotaudepurchhotaudepurchhotaudepurchhotaudepurchhotaudepurdangdangdangdangdangdohaddohaddohaddohaddohadgandhinagargandhinagargandhinagargandhinagargandhinagarkhedakhedakhedakhedakhedamahesanamahesanamahesanamahesanamahesanamahisagarmahisagarmahisagarmahisagarmahisagarnarmadanarmadanarmadanarmadanarmadanavsarinavsarinavsarinavsarinavsaripanch mahalspanch mahalspanch mahalspanch mahalspanch mahalssabar kanthasabar kanthasabar kanthasabar kanthasabar kanthasuratsuratsuratsuratsuratsurendranagarsurendranagarsurendranagarsurendranagarsurendranagartapitapitapitapitapivadodaravadodaravadodaravadodaravadodaravalsadvalsadvalsadvalsadvalsadajmerajmerajmerajmerajmeralwaralwaralwaralwaralwarbanswarabanswarabanswarabanswarabanswarabaranbaranbaranbaranbaranbharatpurbharatpurbharatpurbharatpurbharatpurbhilwarabhilwarabhilwarabhilwarabhilwarabundibundibundibundibundichittorgarhchittorgarhchittorgarhchittorgarhchittorgarhdholpurdholpurdholpurdholpurdholpurdungarpurdungarpurdungarpurdungarpurdungarpurganganagarganganagarganganagarganganagarganganagarhanumangarhhanumangarhhanumangarhhanumangarhhanumangarhjhalawarjhalawarjhalawarjhalawarjhalawarkaraulikaraulikaraulikaraulikaraulikotakotakotakotakotarajsamandrajsamandrajsamandrajsamandrajsamandsawai madhopursawai madhopursawai madhopursawai madhopursawai madhopurtonktonktonktonktonkudaipurudaipurudaipurudaipurudaipurarariaarariaarariaarariaarariaarwalarwalarwalarwalarwalaurangabadaurangabadaurangabadaurangabadaurangabadbankabankabankabankabankabegusaraibegusaraibegusaraibegusaraibegusaraibhagalpurbhagalpurbhagalpurbhagalpurbhagalpurbhojpurbhojpurbhojpurbhojpurbhojpurbuxarbuxarbuxarbuxarbuxardarbhangadarbhangadarbhangadarbhangadarbhangagayagayagayagayagayagopalganjgopalganjgopalganjgopalganjgopalganjjamuijamuijamuijamuijamuijehanabadjehanabadjehanabadjehanabadjehanabadkaimurkaimurkaimurkaimurkaimurkatiharkatiharkatiharkatiharkatiharkhagariakhagariakhagariakhagariakhagariakishanganjkishanganjkishanganjkishanganjkishanganjlakhisarailakhisarailakhisarailakhisarailakhisaraimadhepuramadhepuramadhepuramadhepuramadhepuramadhubanimadhubanimadhubanimadhubanimadhubanimungermungermungermungermungermuzaffarpurmuzaffarpurmuzaffarpurmuzaffarpurmuzaffarpurnalandanalandanalandanalandanalandanawadanawadanawadanawadanawadapashchim champaranpashchim champaranpashchim champaranpashchim champaranpashchim champaranpatnapatnapatnapatnapatnapurbi champaranpurbi champaranpurbi champaranpurbi champaranpurbi champaranpurniapurniapurniapurniapurniarohtasrohtasrohtasrohtasrohtassaharsasaharsasaharsasaharsasaharsasamastipursamastipursamastipursamastipursamastipursaransaransaransaransaransheikhpurasheikhpurasheikhpurasheikhpurasheikhpurasheoharsheoharsheoharsheoharsheoharsitamarhisitamarhisitamarhisitamarhisitamarhisiwansiwansiwansiwansiwansupaulsupaulsupaulsupaulsupaulvaishalivaishalivaishalivaishalivaishalidinajpur dakshindinajpur dakshindinajpur dakshindinajpur dakshindinajpur dakshindinajpur uttardinajpur uttardinajpur uttardinajpur uttardinajpur uttarpaschim bardhamanpaschim bardhamanpaschim bardhamanpaschim bardhamanpaschim bardhamanpurba bardhamanpurba bardhamanpurba bardhamanpurba bardhamanpurba bardhamanpuruliapuruliapuruliapuruliapurulianagapattinamnagapattinamnagapattinamnagapattinamnagapattinamvirudunagarvirudunagarvirudunagarvirudunagarvirudunagaranugulanugulanugulanugulanugulbalangirbalangirbalangirbalangirbalangirbaleshwarbaleshwarbaleshwarbaleshwarbaleshwarbargarhbargarhbargarhbargarhbargarhbhadrakbhadrakbhadrakbhadrakbhadrakboudhboudhboudhboudhboudhcuttackcuttackcuttackcuttackcuttackdeogarhdeogarhdeogarhdeogarhdeogarhdhenkanaldhenkanaldhenkanaldhenkanaldhenkanalgajapatigajapatigajapatigajapatigajapatiganjamganjamganjamganjamganjamjagatsinghapurjagatsinghapurjagatsinghapurjagatsinghapurjagatsinghapurjajapurjajapurjajapurjajapurjajapurjharsugudajharsugudajharsugudajharsugudajharsugudakalahandikalahandikalahandikalahandikalahandikandhamalkandhamalkandhamalkandhamalkandhamalkendraparakendraparakendraparakendraparakendraparakendujharkendujharkendujharkendujharkendujharkhordhakhordhakhordhakhordhakhordhakoraputkoraputkoraputkoraputkoraputmalkangirimalkangirimalkangirimalkangirimalkangirimayurbhanjmayurbhanjmayurbhanjmayurbhanjmayurbhanjnabarangpurnabarangpurnabarangpurnabarangpurnabarangpurnayagarhnayagarhnayagarhnayagarhnayagarhnuapadanuapadanuapadanuapadanuapadapuripuripuripuripurirayagadarayagadarayagadarayagadarayagadasambalpursambalpursambalpursambalpursambalpursonepursonepursonepursonepursonepursundargarhsundargarhsundargarhsundargarhsundargarhbaksabaksabaksabaksabaksabarpetabarpetabarpetabarpetabarpetabongaigaonbongaigaonbongaigaonbongaigaonbongaigaoncacharcacharcacharcacharcacharchirangchirangchirangchirangchirangdarrangdarrangdarrangdarrangdarrangdhemajidhemajidhemajidhemajidhemajidhubridhubridhubridhubridhubridibrugarhdibrugarhdibrugarhdibrugarhdibrugarhdima hasaodima hasaodima hasaodima hasaodima hasaogoalparagoalparagoalparagoalparagoalparagolaghatgolaghatgolaghatgolaghatgolaghathailakandihailakandihailakandihailakandihailakandijorhatjorhatjorhatjorhatjorhatkamrupkamrupkamrupkamrupkamrupkarbi anglongkarbi anglongkarbi anglongkarbi anglongkarbi anglongkarimganjkarimganjkarimganjkarimganjkarimganjkokrajharkokrajharkokrajharkokrajharkokrajharlakhimpurlakhimpurlakhimpurlakhimpurlakhimpurmorigaonmorigaonmorigaonmorigaonmorigaonnagaonnagaonnagaonnagaonnagaonnalbarinalbarinalbarinalbarinalbarisivasagarsivasagarsivasagarsivasagarsivasagarsonitpursonitpursonitpursonitpursonitpurtinsukiatinsukiatinsukiatinsukiatinsukiaudalguriudalguriudalguriudalguriudalguribokarobokarobokarobokarobokarochatrachatrachatrachatrachatradeoghardeoghardeoghardeoghardeoghardhanbaddhanbaddhanbaddhanbaddhanbaddumkadumkadumkadumkadumkaeast singhbumeast singhbumeast singhbumeast singhbumeast singhbumgarhwagarhwagarhwagarhwagarhwagiridihgiridihgiridihgiridihgiridihgoddagoddagoddagoddagoddagumlagumlagumlagumlagumlahazaribaghhazaribaghhazaribaghhazaribaghhazaribaghjamtarajamtarajamtarajamtarajamtarakhuntikhuntikhuntikhuntikhuntikodermakodermakodermakodermakodermalateharlateharlateharlateharlateharlohardagalohardagalohardagalohardagalohardagapakurpakurpakurpakurpakurpalamupalamupalamupalamupalamuramgarhramgarhramgarhramgarhramgarhranchiranchiranchiranchiranchisahibganjsahibganjsahibganjsahibganjsahibganjsaraikelakharsawansaraikelakharsawansaraikelakharsawansaraikelakharsawansaraikelakharsawansimdegasimdegasimdegasimdegasimdegawest singhbhumwest singhbhumwest singhbhumwest singhbhumwest singhbhumbilaspurbilaspurbilaspurbilaspurbilaspurchambachambachambachambachambakangrakangrakangrakangrakangrakinnaurkinnaurkinnaurkinnaurkinnaurkullukullukullukullukullumandimandimandimandimandishimlashimlashimlashimlashimlasirmaursirmaursirmaursirmaursirmaursolansolansolansolansolanunaunaunaunaunakaimur (bhabua)kaimur (bhabua)kaimur (bhabua)kaimur (bhabua)kaimur (bhabua)baloda bazarbaloda bazarbaloda bazarbaloda bazarbaloda bazaruttar bastar kankeruttar bastar kankeruttar bastar kankeruttar bastar kankeruttar bastar kankerbemetarabemetarabemetarabemetarabemetarabijapurbijapurbijapurbijapurbijapurdantewadadantewadadantewadadantewadadantewadadhamtaridhamtaridhamtaridhamtaridhamtaridurgdurgdurgdurgdurggariabandgariabandgariabandgariabandgariabandjanjgirchampajanjgirchampajanjgirchampajanjgirchampajanjgirchampajashpurjashpurjashpurjashpurjashpurkabirdhamkabirdhamkabirdhamkabirdhamkabirdhamkondagaonkondagaonkondagaonkondagaonkondagaonkorbakorbakorbakorbakorbakoreakoreakoreakoreakoreamahasamundmahasamundmahasamundmahasamundmahasamundmungelimungelimungelimungelimungelinarayanpurnarayanpurnarayanpurnarayanpurnarayanpurraigarhraigarhraigarhraigarhraigarhraipurraipurraipurraipurraipurrajnandgaonrajnandgaonrajnandgaonrajnandgaonrajnandgaonsukmasukmasukmasukmasukmasurajpursurajpursurajpursurajpursurajpursurgujasurgujasurgujasurgujasurgujalahul and spitilahul and spitilahul and spitilahul and spitilahul and spitiarvalliarvalliarvalliarvalliarvallibanas kanthabanas kanthabanas kanthabanas kanthabanas kanthadevbhumi dwarkadevbhumi dwarkadevbhumi dwarkadevbhumi dwarkadevbhumi dwarkakachchhkachchhkachchhkachchhkachchhpatanpatanpatanpatanpatanrajkotrajkotrajkotrajkotrajkotahmadnagarahmadnagarahmadnagarahmadnagarahmadnagarakolaakolaakolaakolaakolabuldhanabuldhanabuldhanabuldhanabuldhanahingolihingolihingolihingolihingolijalgaonjalgaonjalgaonjalgaonjalgaonjalnajalnajalnajalnajalnaparbhaniparbhaniparbhaniparbhaniparbhaniwashimwashimwashimwashimwashimyavatmalyavatmalyavatmalyavatmalyavatmalagar malwaagar malwaagar malwaagar malwaagar malwaalirajpuralirajpuralirajpuralirajpuralirajpuranuppuranuppuranuppuranuppuranuppurashoknagarashoknagarashoknagarashoknagarashoknagarbalaghatbalaghatbalaghatbalaghatbalaghatbarwanibarwanibarwanibarwanibarwanibetulbetulbetulbetulbetulbhopalbhopalbhopalbhopalbhopalburhanpurburhanpurburhanpurburhanpurburhanpurchhatarpurchhatarpurchhatarpurchhatarpurchhatarpurchhindwarachhindwarachhindwarachhindwarachhindwaradamohdamohdamohdamohdamohdatiadatiadatiadatiadatiadewasdewasdewasdewasdewasdhardhardhardhardhardindoridindoridindoridindoridindorigunagunagunagunagunagwaliorgwaliorgwaliorgwaliorgwaliorhardahardahardahardahardahoshangabadhoshangabadhoshangabadhoshangabadhoshangabadindoreindoreindoreindoreindorejabalpurjabalpurjabalpurjabalpurjabalpurjhabuajhabuajhabuajhabuajhabuakatnikatnikatnikatnikatnikhandwakhandwakhandwakhandwakhandwakhargonekhargonekhargonekhargonekhargonemandlamandlamandlamandlamandlamandsaurmandsaurmandsaurmandsaurmandsaurmorenamorenamorenamorenamorenanarsinghpurnarsinghpurnarsinghpurnarsinghpurnarsinghpurneemuchneemuchneemuchneemuchneemuchpannapannapannapannapannaraisenraisenraisenraisenraisenrajgarhrajgarhrajgarhrajgarhrajgarhratlamratlamratlamratlamratlamrewarewarewarewarewasagarsagarsagarsagarsagarsatnasatnasatnasatnasatnasehoresehoresehoresehoresehoreseoniseoniseoniseoniseonishahdolshahdolshahdolshahdolshahdolshajapurshajapurshajapurshajapurshajapursheopursheopursheopursheopursheopurshivpurishivpurishivpurishivpurishivpurisidhisidhisidhisidhisidhisingraulisingraulisingraulisingraulisingraulitikamgarhtikamgarhtikamgarhtikamgarhtikamgarhujjainujjainujjainujjainujjainumariaumariaumariaumariaumariavidishavidishavidishavidishavidishabarmerbarmerbarmerbarmerbarmerchittaurgarhchittaurgarhchittaurgarhchittaurgarhchittaurgarhchuruchuruchuruchuruchurudausadausadausadausadausajaipurjaipurjaipurjaipurjaipurjalorejalorejalorejalorejalorejodhpurjodhpurjodhpurjodhpurjodhpurnagaurnagaurnagaurnagaurnagaurpalipalipalipalipalisikarsikarsikarsikarsikarsirohisirohisirohisirohisirohiharidwarharidwarharidwarharidwarharidwarudam singh nagarudam singh nagarudam singh nagarudam singh nagarudam singh nagarkanchipuramkanchipuramkanchipuramkanchipuramkanchipuramvillupuramvillupuramvillupuramvillupuramvillupurambhindbhindbhindbhindbhindbagalkotebagalkotebagalkotebagalkotebagalkotebuldanabuldanabuldanabuldanabuldanawardhawardhawardhawardhawardhasahebganjsahebganjsahebganjsahebganjsahebganjsaraikela kharsawansaraikela kharsawansaraikela kharsawansaraikela kharsawansaraikela kharsawangautam buddha nagargautam buddha nagargautam buddha nagargautam buddha nagargautam buddha nagarkherikherikherikherikherikushi nagarkushi nagarkushi nagarkushi nagarkushi nagarsant ravidas nagarsant ravidas nagarsant ravidas nagarsant ravidas nagarsant ravidas nagarmahendragarhmahendragarhmahendragarhmahendragarhmahendragarhjamnagarjamnagarjamnagarjamnagarjamnagarchamrajnagarchamrajnagarchamrajnagarchamrajnagarchamrajnagartumkurtumkurtumkurtumkurtumkurbalodbalodbalodbalodbalodbastarbastarbastarbastarbastargariyabandgariyabandgariyabandgariyabandgariyabandjanjgir-champajanjgir-champajanjgir-champajanjgir-champajanjgir-champakankerkankerkankerkankerkankeramreliamreliamreliamreliamrelibhavnagarbhavnagarbhavnagarbhavnagarbhavnagarbotadbotadbotadbotadbotadgir somnathgir somnathgir somnathgir somnathgir somnathjunagadhjunagadhjunagadhjunagadhjunagadhmorbimorbimorbimorbimorbikamrup metrokamrup metrokamrup metrokamrup metrokamrup metromarigaonmarigaonmarigaonmarigaonmarigaonbikanerbikanerbikanerbikanerbikanerjaisalmerjaisalmerjaisalmerjaisalmerjaisalmerjhunjhununjhunjhununjhunjhununjhunjhununjhunjhununshahjahanpurshahjahanpurshahjahanpurshahjahanpurshahjahanpurnicobarsnicobarsnicobarsnicobarsnicobarsnorth and middle andamannorth and middle andamannorth and middle andamannorth and middle andamannorth and middle andamansouth andamanssouth andamanssouth andamanssouth andamanssouth andamansanjawanjawanjawanjawanjawchanglangchanglangchanglangchanglangchanglangdibang valleydibang valleydibang valleydibang valleydibang valleyeast kamengeast kamengeast kamengeast kamengeast kamengeast siangeast siangeast siangeast siangeast siangkra daadikra daadikra daadikra daadikra daadikurung kumeykurung kumeykurung kumeykurung kumeykurung kumeylohitlohitlohitlohitlohitlongdinglongdinglongdinglongdinglongdinglower dibang valleylower dibang valleylower dibang valleylower dibang valleylower dibang valleylower subansirilower subansirilower subansirilower subansirilower subansirinamsainamsainamsainamsainamsaipapum parepapum parepapum parepapum parepapum paresiangsiangsiangsiangsiangtawangtawangtawangtawangtawangtiraptiraptiraptiraptirapupper siangupper siangupper siangupper siangupper siangupper subansiriupper subansiriupper subansiriupper subansiriupper subansiriwest kamengwest kamengwest kamengwest kamengwest kamengwest siangwest siangwest siangwest siangwest siangchandigarhchandigarhchandigarhchandigarhchandigarhdadra and nagar havelidadra and nagar havelidadra and nagar havelidadra and nagar havelidadra and nagar havelibishnupurbishnupurbishnupurbishnupurbishnupurchandelchandelchandelchandelchandelchurachandpurchurachandpurchurachandpurchurachandpurchurachandpurimphal eastimphal eastimphal eastimphal eastimphal eastimphal westimphal westimphal westimphal westimphal westsenapatisenapatisenapatisenapatisenapatitamenglongtamenglongtamenglongtamenglongtamenglongthoubalthoubalthoubalthoubalthoubalukhrulukhrulukhrulukhrulukhruleast garo hillseast garo hillseast garo hillseast garo hillseast garo hillseast jaintia hillseast jaintia hillseast jaintia hillseast jaintia hillseast jaintia hillseast khasi hillseast khasi hillseast khasi hillseast khasi hillseast khasi hillsnorth garo hillsnorth garo hillsnorth garo hillsnorth garo hillsnorth garo hillsri bhoiri bhoiri bhoiri bhoiri bhoisouth garo hillssouth garo hillssouth garo hillssouth garo hillssouth garo hillssouth west garo hillssouth west garo hillssouth west garo hillssouth west garo hillssouth west garo hillssouth west khasi hillssouth west khasi hillssouth west khasi hillssouth west khasi hillssouth west khasi hillswest garo hillswest garo hillswest garo hillswest garo hillswest garo hillswest jaintia hillswest jaintia hillswest jaintia hillswest jaintia hillswest jaintia hillswest khasi hillswest khasi hillswest khasi hillswest khasi hillswest khasi hillsaizawlaizawlaizawlaizawlaizawlchamphaichamphaichamphaichamphaichamphaikolasibkolasibkolasibkolasibkolasiblawngtlailawngtlailawngtlailawngtlailawngtlailungleilungleilungleilungleilungleimamitmamitmamitmamitmamitsaihasaihasaihasaihasaihaserchhipserchhipserchhipserchhipserchhipdimapurdimapurdimapurdimapurdimapurkiphirekiphirekiphirekiphirekiphirekohimakohimakohimakohimakohimalonglenglonglenglonglenglonglenglonglengmokokchungmokokchungmokokchungmokokchungmokokchungmonmonmonmonmonperenperenperenperenperenphekphekphekphekphektuensangtuensangtuensangtuensangtuensangwokhawokhawokhawokhawokhazunhebotozunhebotozunhebotozunhebotozunhebotokaraikalkaraikalkaraikalkaraikalkaraikalpondicherrypondicherrypondicherrypondicherrypondicherryyanamyanamyanamyanamyanameast districteast districteast districteast districteast districtnorth districtnorth districtnorth districtnorth districtnorth districtsouth districtsouth districtsouth districtsouth districtsouth districtwest districtwest districtwest districtwest districtwest districtadilabadadilabadadilabadadilabadadilabadbhadradribhadradribhadradribhadradribhadradrihanumakondahanumakondahanumakondahanumakondahanumakondajagitialjagitialjagitialjagitialjagitialjangoanjangoanjangoanjangoanjangoanjayashankarjayashankarjayashankarjayashankarjayashankarjogulambajogulambajogulambajogulambajogulambakamareddykamareddykamareddykamareddykamareddykarimnagarkarimnagarkarimnagarkarimnagarkarimnagarkhammamkhammamkhammamkhammamkhammamkomaram bheem asifabadkomaram bheem asifabadkomaram bheem asifabadkomaram bheem asifabadkomaram bheem asifabadmahabubabadmahabubabadmahabubabadmahabubabadmahabubabadmahbubnagarmahbubnagarmahbubnagarmahbubnagarmahbubnagarmancherialmancherialmancherialmancherialmancherialmedakmedakmedakmedakmedakmedchal malkajgirimedchal malkajgirimedchal malkajgirimedchal malkajgirimedchal malkajgirinagarkurnoolnagarkurnoolnagarkurnoolnagarkurnoolnagarkurnoolnalgondanalgondanalgondanalgondanalgondanirmalnirmalnirmalnirmalnirmalnizamabadnizamabadnizamabadnizamabadnizamabadpeddapallipeddapallipeddapallipeddapallipeddapallirajannarajannarajannarajannarajannarangareddirangareddirangareddirangareddirangareddisangareddysangareddysangareddysangareddysangareddysiddipetsiddipetsiddipetsiddipetsiddipetsuryapetsuryapetsuryapetsuryapetsuryapetvikarabadvikarabadvikarabadvikarabadvikarabadwanaparthywanaparthywanaparthywanaparthywanaparthywarangalwarangalwarangalwarangalwarangalyadadriyadadriyadadriyadadriyadadridhalaidhalaidhalaidhalaidhalaigomatigomatigomatigomatigomatikhowaikhowaikhowaikhowaikhowainorth tripuranorth tripuranorth tripuranorth tripuranorth tripurasepahijalasepahijalasepahijalasepahijalasepahijalasouth tripurasouth tripurasouth tripurasouth tripurasouth tripuraunakotiunakotiunakotiunakotiunakotiwest tripurawest tripurawest tripurawest tripurawest tripura,ricemaizebajraragijowarricemaizebajraragijowarricemaizebajraragijowarricemaizebajraragijowarricemaizebajraragijowarricemaizebajraragijowarricemaizebajraragijowarricemaizebajraragijowarricemaizebajraragijowarricemaizebajraragijowarricemaizebajraragijowarricemaizebajraragijowarricemaizebajraragijowarricemaizebajraragijowarricemaizebajraragijowarricemaizebajraragijowarricemaizebajraragijowarricemaizebajraragijowarricemaizebajraragijowarricemaizebajraragijowarricemaizebajraragijowarricemaizebajraragijowarricemaizebajraragijowarricemaizebajraragijowarricemaizebajraragijowarricemaizebajraragijowarricemaizebajraragijowarricemaizebajraragijowarricemaizebajraragijowarricemaizebajraragijowarricemaizebajraragijowarricemaizebajraragijowarricemaizebajraragijowarricemaizebajraragijowarricemaizebajraragijowarricemaizebajraragijowarricemaizebajraragijowarricemaizebajraragijowarricemaizebajraragijowarricemaizebajraragijowarricemaizebajraragijowarricemaizebajraragijowarricemaizebajraragijowarricemaizebajraragijowarricemaizebajraragijowarricemaizebajraragijowarricemaizebajraragijowarricemaizebajraragijowarricemaizebajraragijowarricemaizebajraragijowarricemaizebajraragijowarricemaizebajraragijowarricemaizebajraragijowarricemaizebajraragijowarricemaizebajraragijowarricemaizebajraragijowarricemaizebajraragijowarricemaizebajraragijowarricemaizebajraragijowarricemaizebajraragijowarricemaizebajraragijowarricemaizebajraragijowarricemaizebajraragijowarricemaizebajraragijowarricemaizebajraragijowarricemaizebajraragijowarricemaizebajraragijowarricemaizebajraragijowarricemaizebajraragijowarricemaizebajraragijowarricemaizebajraragijowarricemaizebajraragijowarricemaizebajraragijowarricemaizebajraragijowarricemaizebajraragijowarricemaizebajraragijowarricemaizebajraragijowarricemaizebajraragijowarricemaizebajraragijowarricemaizebajraragijowarricemaizebajraragijowarricemaizebajraragijowarricemaizebajraragijowarricemaizebajraragijowarricemaizebajraragijowarricemaizebajraragijowarricemaizebajraragijowarricemaizebajraragijowarricemaizebajraragijowarricemaizebajraragijowarricemaizebajraragijowarricemaizebajraragijowarricemaizebajraragijowarricemaizebajraragijowarricemaizebajraragijowarricemaizebajraragijowarricemaizebajraragijowarricemaizebajraragijowarricemaizebajraragijowarricemaizebajraragijowarricemaizebajraragijowarricemaizebajraragijowarricemaizebajraragijowarricemaizebajraragijowarricemaizebajraragijowarricemaizebajraragijowarricemaizebajraragijowarricemaizebajraragijowarricemaizebajraragijowarricemaizebajraragijowarricemaizebajraragijowarricemaizebajraragijowarricemaizebajraragijowarricemaizebajraragijowarricemaizebajraragijowarricemaizebajraragijowarricemaizebajraragijowarricemaizebajraragijowarricemaizebajraragijowarricemaizebajraragijowarricemaizebajraragijowarricemaizebajraragijowarricemaizebajraragijowarricemaizebajraragijowarricemaizebajraragijowarricemaizebajraragijowarricemaizebajraragijowarricemaizebajraragijowarricemaizebajraragijowarricemaizebajraragijowarricemaizebajraragijowarricemaizebajraragijowarricemaizebajraragijowarricemaizebajraragijowarricemaizebajraragijowarricemaizebajraragijowarricemaizebajraragijowarricemaizebajraragijowarricemaizebajraragijowarricemaizebajraragijowarricemaizebajraragijowarricemaizebajraragijowarricemaizebajraragijowarricemaizebajraragijowarricemaizebajraragijowarricemaizebajraragijowarricemaizebajraragijowarricemaizebajraragijowarricemaizebajraragijowarricemaizebajraragijowarricemaizebajraragijowarricemaizebajraragijowarricemaizebajraragijowarricemaizebajraragijowarricemaizebajraragijowarricemaizebajraragijowarricemaizebajraragijowarricemaizebajraragijowarricemaizebajraragijowarricemaizebajraragijowarricemaizebajraragijowarricemaizebajraragijowarricemaizebajraragijowarricemaizebajraragijowarricemaizebajraragijowarricemaizebajraragijowarricemaizebajraragijowarricemaizebajraragijowarricemaizebajraragijowarricemaizebajraragijowarricemaizebajraragijowarricemaizebajraragijowarricemaizebajraragijowarricemaizebajraragijowarricemaizebajraragijowarricemaizebajraragijowarricemaizebajraragijowarricemaizebajraragijowarricemaizebajraragijowarricemaizebajraragijowarricemaizebajraragijowarricemaizebajraragijowarricemaizebajraragijowarricemaizebajraragijowarricemaizebajraragijowarricemaizebajraragijowarricemaizebajraragijowarricemaizebajraragijowarricemaizebajraragijowarricemaizebajraragijowarricemaizebajraragijowarricemaizebajraragijowarricemaizebajraragijowarricemaizebajraragijowarricemaizebajraragijowarricemaizebajraragijowarricemaizebajraragijowarricemaizebajraragijowarricemaizebajraragijowarricemaizebajraragijowarricemaizebajraragijowarricemaizebajraragijowarricemaizebajraragijowarricemaizebajraragijowarricemaizebajraragijowarricemaizebajraragijowarricemaizebajraragijowarricemaizebajraragijowarricemaizebajraragijowarricemaizebajraragijowarricemaizebajraragijowarricemaizebajraragijowarricemaizebajraragijowarricemaizebajraragijowarricemaizebajraragijowarricemaizebajraragijowarricemaizebajraragijowarricemaizebajraragijowarricemaizebajraragijowarricemaizebajraragijowarricemaizebajraragijowarricemaizebajraragijowarricemaizebajraragijowarricemaizebajraragijowarricemaizebajraragijowarricemaizebajraragijowarricemaizebajraragijowarricemaizebajraragijowarricemaizebajraragijowarricemaizebajraragijowarricemaizebajraragijowarricemaizebajraragijowarricemaizebajraragijowarricemaizebajraragijowarricemaizebajraragijowarricemaizebajraragijowarricemaizebajraragijowarricemaizebajraragijowarricemaizebajraragijowarricemaizebajraragijowarricemaizebajraragijowarricemaizebajraragijowarricemaizebajraragijowarricemaizebajraragijowarricemaizebajraragijowarricemaizebajraragijowarricemaizebajraragijowarricemaizebajraragijowarricemaizebajraragijowarricemaizebajraragijowarricemaizebajraragijowarricemaizebajraragijowarricemaizebajraragijowarricemaizebajraragijowarricemaizebajraragijowarricemaizebajraragijowarricemaizebajraragijowarricemaizebajraragijowarricemaizebajraragijowarricemaizebajraragijowarricemaizebajraragijowarricemaizebajraragijowarricemaizebajraragijowarricemaizebajraragijowarricemaizebajraragijowarricemaizebajraragijowarricemaizebajraragijowarricemaizebajraragijowarricemaizebajraragijowarricemaizebajraragijowarricemaizebajraragijowarricemaizebajraragijowarricemaizebajraragijowarricemaizebajraragijowarricemaizebajraragijowarricemaizebajraragijowarricemaizebajraragijowarricemaizebajraragijowarricemaizebajraragijowarricemaizebajraragijowarricemaizebajraragijowarricemaizebajraragijowarricemaizebajraragijowarricemaizebajraragijowarricemaizebajraragijowarricemaizebajraragijowarricemaizebajraragijowarricemaizebajraragijowarricemaizebajraragijowarricemaizebajraragijowarricemaizebajraragijowarricemaizebajraragijowarricemaizebajraragijowarricemaizebajraragijowarricemaizebajraragijowarricemaizebajraragijowarricemaizebajraragijowarricemaizebajraragijowarricemaizebajraragijowarricemaizebajraragijowarricemaizebajraragijowarricemaizebajraragijowarricemaizebajraragijowarricemaizebajraragijowarricemaizebajraragijowarricemaizebajraragijowarricemaizebajraragijowarricemaizebajraragijowarricemaizebajraragijowarricemaizebajraragijowarricemaizebajraragijowarricemaizebajraragijowarricemaizebajraragijowarricemaizebajraragijowarricemaizebajraragijowarricemaizebajraragijowarricemaizebajraragijowarricemaizebajraragijowarricemaizebajraragijowarricemaizebajraragijowarricemaizebajraragijowarricemaizebajraragijowarricemaizebajraragijowarricemaizebajraragijowarricemaizebajraragijowarricemaizebajraragijowarricemaizebajraragijowarricemaizebajraragijowarricemaizebajraragijowarricemaizebajraragijowarricemaizebajraragijowarricemaizebajraragijowarricemaizebajraragijowarricemaizebajraragijowarricemaizebajraragijowarricemaizebajraragijowarricemaizebajraragijowarricemaizebajraragijowarricemaizebajraragijowarricemaizebajraragijowarricemaizebajraragijowarricemaizebajraragijowarricemaizebajraragijowarricemaizebajraragijowarricemaizebajraragijowarricemaizebajraragijowarricemaizebajraragijowarricemaizebajraragijowarricemaizebajraragijowarricemaizebajraragijowarricemaizebajraragijowarricemaizebajraragijowarricemaizebajraragijowarricemaizebajraragijowarricemaizebajraragijowarricemaizebajraragijowarricemaizebajraragijowarricemaizebajraragijowarricemaizebajraragijowarricemaizebajraragijowarricemaizebajraragijowarricemaizebajraragijowarricemaizebajraragijowarricemaizebajraragijowarricemaizebajraragijowarricemaizebajraragijowarricemaizebajraragijowarricemaizebajraragijowarricemaizebajraragijowarricemaizebajraragijowarricemaizebajraragijowarricemaizebajraragijowarricemaizebajraragijowarricemaizebajraragijowarricemaizebajraragijowarricemaizebajraragijowarricemaizebajraragijowarricemaizebajraragijowarricemaizebajraragijowarricemaizebajraragijowarricemaizebajraragijowarricemaizebajraragijowarricemaizebajraragijowarricemaizebajraragijowarricemaizebajraragijowarricemaizebajraragijowarricemaizebajraragijowarricemaizebajraragijowarricemaizebajraragijowarricemaizebajraragijowarricemaizebajraragijowarricemaizebajraragijowarricemaizebajraragijowarricemaizebajraragijowarricemaizebajraragijowarricemaizebajraragijowarricemaizebajraragijowarricemaizebajraragijowarricemaizebajraragijowarricemaizebajraragijowarricemaizebajraragijowarricemaizebajraragijowarricemaizebajraragijowarricemaizebajraragijowarricemaizebajraragijowarricemaizebajraragijowarricemaizebajraragijowarricemaizebajraragijowarricemaizebajraragijowarricemaizebajraragijowarricemaizebajraragijowarricemaizebajraragijowarricemaizebajraragijowarricemaizebajraragijowarricemaizebajraragijowarricemaizebajraragijowarricemaizebajraragijowarricemaizebajraragijowarricemaizebajraragijowarricemaizebajraragijowarricemaizebajraragijowarricemaizebajraragijowarricemaizebajraragijowarricemaizebajraragijowarricemaizebajraragijowarricemaizebajraragijowarricemaizebajraragijowarricemaizebajraragijowarricemaizebajraragijowarricemaizebajraragijowarricemaizebajraragijowarricemaizebajraragijowarricemaizebajraragijowarricemaizebajraragijowarricemaizebajraragijowarricemaizebajraragijowarricemaizebajraragijowarricemaizebajraragijowarricemaizebajraragijowarricemaizebajraragijowarricemaizebajraragijowarricemaizebajraragijowarricemaizebajraragijowarricemaizebajraragijowarricemaizebajraragijowarricemaizebajraragijowarricemaizebajraragijowarricemaizebajraragijowarricemaizebajraragijowarricemaizebajraragijowarricemaizebajraragijowarricemaizebajraragijowarricemaizebajraragijowarricemaizebajraragijowarricemaizebajraragijowarricemaizebajraragijowarricemaizebajraragijowarricemaizebajraragijowarricemaizebajraragijowarricemaizebajraragijowarricemaizebajraragijowarricemaizebajraragijowarricemaizebajraragijowarricemaizebajraragijowarricemaizebajraragijowarricemaizebajraragijowarricemaizebajraragijowarricemaizebajraragijowarricemaizebajraragijowarricemaizebajraragijowarricemaizebajraragijowarricemaizebajraragijowarricemaizebajraragijowarricemaizebajraragijowarricemaizebajraragijowarricemaizebajraragijowarricemaizebajraragijowarricemaizebajraragijowarricemaizebajraragijowarricemaizebajraragijowarricemaizebajraragijowarricemaizebajraragijowarricemaizebajraragijowarricemaizebajraragijowarricemaizebajraragijowarricemaizebajraragijowarricemaizebajraragijowarricemaizebajraragijowarricemaizebajraragijowarricemaizebajraragijowarricemaizebajraragijowarricemaizebajraragijowarricemaizebajraragijowarricemaizebajraragijowarricemaizebajraragijowarricemaizebajraragijowarricemaizebajraragijowarricemaizebajraragijowarricemaizebajraragijowarricemaizebajraragijowarricemaizebajraragijowarricemaizebajraragijowarricemaizebajraragijowarricemaizebajraragijowarricemaizebajraragijowarricemaizebajraragijowarricemaizebajraragijowarricemaizebajraragijowarricemaizebajraragijowarricemaizebajraragijowarricemaizebajraragijowarricemaizebajraragijowarricemaizebajraragijowarricemaizebajraragijowarricemaizebajraragijowarricemaizebajraragijowarricemaizebajraragijowarricemaizebajraragijowarricemaizebajraragijowarricemaizebajraragijowarricemaizebajraragijowarricemaizebajraragijowarricemaizebajraragijowarricemaizebajraragijowarricemaizebajraragijowarricemaizebajraragijowarricemaizebajraragijowarricemaizebajraragijowarricemaizebajraragijowarricemaizebajraragijowarricemaizebajraragijowarricemaizebajraragijowarricemaizebajraragijowarricemaizebajraragijowarricemaizebajraragijowarricemaizebajraragijowarricemaizebajraragijowarricemaizebajraragijowarricemaizebajraragijowarricemaizebajraragijowarricemaizebajraragijowarricemaizebajraragijowarricemaizebajraragijowarricemaizebajraragijowarricemaizebajraragijowarricemaizebajraragijowarricemaizebajraragijowarricemaizebajraragijowarricemaizebajraragijowarricemaizebajraragijowarricemaizebajraragijowarricemaizebajraragijowarricemaizebajraragijowarricemaizebajraragijowarricemaizebajraragijowarricemaizebajraragijowarricemaizebajraragijowarricemaizebajraragijowarricemaizebajraragijowarricemaizebajraragijowarricemaizebajraragijowarricemaizebajraragijowarricemaizebajraragijowarricemaizebajraragijowarricemaizebajraragijowarricemaizebajraragijowarricemaizebajraragijowarricemaizebajraragijowarricemaizebajraragijowarricemaizebajraragijowarricemaizebajraragijowarricemaizebajraragijowarricemaizebajraragijowarricemaizebajraragijowarricemaizebajraragijowarricemaizebajraragijowarricemaizebajraragijowarricemaizebajraragijowarricemaizebajraragijowarricemaizebajraragijowarricemaizebajraragijowarricemaizebajraragijowarricemaizebajraragijowarricemaizebajraragijowarricemaizebajraragijowarricemaizebajraragijowarricemaizebajraragijowarricemaizebajraragijowarricemaizebajraragijowarricemaizebajraragijowarricemaizebajraragijowarricemaizebajraragijowarricemaizebajraragijowarricemaizebajraragijowarricemaizebajraragijowarricemaizebajraragijowarricemaizebajraragijowarricemaizebajraragijowarricemaizebajraragijowarricemaizebajraragijowarricemaizebajraragijowarricemaizebajraragijowarricemaizebajraragijowarricemaizebajraragijowarricemaizebajraragijowarricemaizebajraragijowarricemaizebajraragijowarricemaizebajraragijowarricemaizebajraragijowarricemaizebajraragijowarricemaizebajraragijowarricemaizebajraragijowarricemaizebajraragijowarricemaizebajraragijowarricemaizebajraragijowarricemaizebajraragijowarricemaizebajraragijowarricemaizebajraragijowarricemaizebajraragijowarricemaizebajraragijowarricemaizebajraragijowarricemaizebajraragijowarricemaizebajraragijowarricemaizebajraragijowarricemaizebajraragijowarricemaizebajraragijowarricemaizebajraragijowarricemaizebajraragijowarricemaizebajraragijowarricemaizebajraragijowarricemaizebajraragijowarricemaizebajraragijowarricemaizebajraragijowarricemaizebajraragijowarricemaizebajraragijowarricemaizebajraragijowarricemaizebajraragijowarricemaizebajraragijowarricemaizebajraragijowarricemaizebajraragijowarricemaizebajraragijowarricemaizebajraragijowarricemaizebajraragijowarricemaizebajraragijowarricemaizebajraragijowarricemaizebajraragijowarricemaizebajraragijowarricemaizebajraragijowarricemaizebajraragijowarricemaizebajraragijowarricemaizebajraragijowarricemaizebajraragijowarricemaizebajraragijowarricemaizebajraragijowarricemaizebajraragijowarricemaizebajraragijowarricemaizebajraragijowarricemaizebajraragijowarricemaizebajraragijowarricemaizebajraragijowarricemaizebajraragijowarricemaizebajraragijowarricemaizebajraragijowarricemaizebajraragijowarricemaizebajraragijowarricemaizebajraragijowarricemaizebajraragijowarricemaizebajraragijowarricemaizebajraragijowarricemaizebajraragijowarricemaizebajraragijowarricemaizebajraragijowarricemaizebajraragijowarricemaizebajraragijowarricemaizebajraragijowarricemaizebajraragijowarricemaizebajraragijowarricemaizebajraragijowarricemaizebajraragijowarricemaizebajraragijowarricemaizebajraragijowarricemaizebajraragijowarricemaizebajraragijowarricemaizebajraragijowarricemaizebajraragijowarricemaizebajraragijowarricemaizebajraragijowarricemaizebajraragijowarricemaizebajraragijowarricemaizebajraragijowarricemaizebajraragijowarricemaizebajraragijowarricemaizebajraragijowarricemaizebajraragijowarricemaizebajraragijowarricemaizebajraragijowarricemaizebajraragijowarricemaizebajraragijowarricemaizebajraragijowarricemaizebajraragijowarricemaizebajraragijowarricemaizebajraragijowarricemaizebajraragijowarricemaizebajraragijowarricemaizebajraragijowarricemaizebajraragijowarricemaizebajraragijowar,3565497.996,3565498.0,147657.050024,6285565685.517391,6156997000.113624,345494476.3283471,500231377.588519,157615247.1639261,200651435.52318558,262260828.04186448,415141685.58693504,135853762.27587694,180096366.32281917,21404558484452.008,21404558520399.91,2415387.2067323364,12495595.204353921,49645974.748324946,78586321.08160679,9362711.56109456,14820558.175453579,5316171927.02218,21729177859.360233,8427459897.38298,-22397897227.453293,3565498.0,75.53440833596866,36.8261879866207,24.566072570080753,30.933065815686515,21.44823347365815,1.6794507725767552e-07,137.6261209335909,80.6700908021514,36.8261879866207,36.826187986620695
17,manipur,ariyalurariyalurariyalurariyalurariyalurcoimbatorecoimbatorecoimbatorecoimbatorecoimbatorecuddalorecuddalorecuddalorecuddalorecuddaloredharmapuridharmapuridharmapuridharmapuridharmapuridindiguldindiguldindiguldindiguldindigulerodeerodeerodeerodeerodekancheepuramkancheepuramkancheepuramkancheepuramkancheepuramkanniyakumarikanniyakumarikanniyakumarikanniyakumarikanniyakumarikarurkarurkarurkarurkarurkrishnagirikrishnagirikrishnagirikrishnagirikrishnagirimaduraimaduraimaduraimaduraimadurainagappattinamnagappattinamnagappattinamnagappattinamnagappattinamnamakkalnamakkalnamakkalnamakkalnamakkalperambalurperambalurperambalurperambalurperambalurpudukkottaipudukkottaipudukkottaipudukkottaipudukkottairamanathapuramramanathapuramramanathapuramramanathapuramramanathapuramsalemsalemsalemsalemsalemsivagangasivagangasivagangasivagangasivagangathanjavurthanjavurthanjavurthanjavurthanjavurthe nilgiristhe nilgiristhe nilgiristhe nilgiristhe nilgiristhenithenithenithenithenithiruvallurthiruvallurthiruvallurthiruvallurthiruvallurthiruvarurthiruvarurthiruvarurthiruvarurthiruvarurtiruchirappallitiruchirappallitiruchirappallitiruchirappallitiruchirappallitirunelvelitirunelvelitirunelvelitirunelvelitirunelvelitiruppurtiruppurtiruppurtiruppurtiruppurtiruvannamalaitiruvannamalaitiruvannamalaitiruvannamalaitiruvannamalaituticorintuticorintuticorintuticorintuticorinvellorevellorevellorevellorevelloreviluppuramviluppuramviluppuramviluppuramviluppuramvirudhunagarvirudhunagarvirudhunagarvirudhunagarvirudhunagaramritsaramritsaramritsaramritsaramritsarbarnalabarnalabarnalabarnalabarnalabathindabathindabathindabathindabathindafaridkotfaridkotfaridkotfaridkotfaridkotfatehgarh sahibfatehgarh sahibfatehgarh sahibfatehgarh sahibfatehgarh sahibfazilkafazilkafazilkafazilkafazilkafirozpurfirozpurfirozpurfirozpurfirozpurgurdaspurgurdaspurgurdaspurgurdaspurgurdaspurhoshiarpurhoshiarpurhoshiarpurhoshiarpurhoshiarpurjalandharjalandharjalandharjalandharjalandharkapurthalakapurthalakapurthalakapurthalakapurthalaludhianaludhianaludhianaludhianaludhianamansamansamansamansamansamogamogamogamogamogamuktsarmuktsarmuktsarmuktsarmuktsarpathankotpathankotpathankotpathankotpathankotpatialapatialapatialapatialapatialarupnagarrupnagarrupnagarrupnagarrupnagarsangrursangrursangrursangrursangrurshahid bhagat singh nagarshahid bhagat singh nagarshahid bhagat singh nagarshahid bhagat singh nagarshahid bhagat singh nagartarn tarantarn tarantarn tarantarn tarantarn taranambalaambalaambalaambalaambalabhiwanibhiwanibhiwanibhiwanibhiwanicharki dadricharki dadricharki dadricharki dadricharki dadrifaridabadfaridabadfaridabadfaridabadfaridabadfatehabadfatehabadfatehabadfatehabadfatehabadgurgaongurgaongurgaongurgaongurgaonhisarhisarhisarhisarhisarjhajjarjhajjarjhajjarjhajjarjhajjarjindjindjindjindjindkaithalkaithalkaithalkaithalkaithalkarnalkarnalkarnalkarnalkarnalkurukshetrakurukshetrakurukshetrakurukshetrakurukshetramewatmewatmewatmewatmewatpalwalpalwalpalwalpalwalpalwalpanchkulapanchkulapanchkulapanchkulapanchkulapanipatpanipatpanipatpanipatpanipatrewarirewarirewarirewarirewarirohtakrohtakrohtakrohtakrohtaksirsasirsasirsasirsasirsasonipatsonipatsonipatsonipatsonipatyamunanagaryamunanagaryamunanagaryamunanagaryamunanagaranantapuranantapuranantapuranantapuranantapurchittoorchittoorchittoorchittoorchittooreast godavarieast godavarieast godavarieast godavarieast godavarigunturgunturgunturgunturgunturkadapakadapakadapakadapakadapakrishnakrishnakrishnakrishnakrishnakurnoolkurnoolkurnoolkurnoolkurnoolprakasamprakasamprakasamprakasamprakasamnellorenellorenellorenellorenelloresrikakulamsrikakulamsrikakulamsrikakulamsrikakulamvisakhapatnamvisakhapatnamvisakhapatnamvisakhapatnamvisakhapatnamvizianagaramvizianagaramvizianagaramvizianagaramvizianagaramwest godavariwest godavariwest godavariwest godavariwest godavariballariballariballariballariballaribangalore ruralbangalore ruralbangalore ruralbangalore ruralbangalore ruralbelagavibelagavibelagavibelagavibelagavibengaluru urbanbengaluru urbanbengaluru urbanbengaluru urbanbengaluru urbanbidarbidarbidarbidarbidarchamarajanagarachamarajanagarachamarajanagarachamarajanagarachamarajanagarachikkaballapurachikkaballapurachikkaballapurachikkaballapurachikkaballapurachikmagalurchikmagalurchikmagalurchikmagalurchikmagalurchitradurgachitradurgachitradurgachitradurgachitradurgadakshina kannadadakshina kannadadakshina kannadadakshina kannadadakshina kannadadavangeredavangeredavangeredavangeredavangeredharwaddharwaddharwaddharwaddharwadgadaggadaggadaggadaggadaghassanhassanhassanhassanhassanhaverihaverihaverihaverihaverikalaburagikalaburagikalaburagikalaburagikalaburagikodagukodagukodagukodagukodagukolarkolarkolarkolarkolarkoppalkoppalkoppalkoppalkoppalmandyamandyamandyamandyamandyamysurumysurumysurumysurumysururaichurraichurraichurraichurraichurramanagararamanagararamanagararamanagararamanagarashivamoggashivamoggashivamoggashivamoggashivamoggatumakurutumakurutumakurutumakurutumakuruudupiudupiudupiudupiudupiuttara kannadauttara kannadauttara kannadauttara kannadauttara kannadavijayapuravijayapuravijayapuravijayapuravijayapurayadgiryadgiryadgiryadgiryadgiralmoraalmoraalmoraalmoraalmorabageshwarbageshwarbageshwarbageshwarbageshwarchamolichamolichamolichamolichamolichampawatchampawatchampawatchampawatchampawatdehradundehradundehradundehradundehradunhardwarhardwarhardwarhardwarhardwarnainitalnainitalnainitalnainitalnainitalpauri garhwalpauri garhwalpauri garhwalpauri garhwalpauri garhwalpithoragarhpithoragarhpithoragarhpithoragarhpithoragarhrudra prayagrudra prayagrudra prayagrudra prayagrudra prayagtehri garhwaltehri garhwaltehri garhwaltehri garhwaltehri garhwaludham singh nagarudham singh nagarudham singh nagarudham singh nagarudham singh nagaruttar kashiuttar kashiuttar kashiuttar kashiuttar kashispsr nellorespsr nellorespsr nellorespsr nellorespsr nellorevisakhapatanamvisakhapatanamvisakhapatanamvisakhapatanamvisakhapatanamparaganas northparaganas northparaganas northparaganas northparaganas northparaganas southparaganas southparaganas southparaganas southparaganas southalipurduaralipurduaralipurduaralipurduaralipurduarbankurabankurabankurabankurabankurabirbhumbirbhumbirbhumbirbhumbirbhumcoochbeharcoochbeharcoochbeharcoochbeharcoochbehardarjeelingdarjeelingdarjeelingdarjeelingdarjeelingdakshin dinajpurdakshin dinajpurdakshin dinajpurdakshin dinajpurdakshin dinajpuruttar dinajpuruttar dinajpuruttar dinajpuruttar dinajpuruttar dinajpurhooghlyhooghlyhooghlyhooghlyhooghlyhowrahhowrahhowrahhowrahhowrahjalpaigurijalpaigurijalpaigurijalpaigurijalpaigurijhargramjhargramjhargramjhargramjhargramkalimpongkalimpongkalimpongkalimpongkalimpongmaldahmaldahmaldahmaldahmaldahmedinipur eastmedinipur eastmedinipur eastmedinipur eastmedinipur eastmedinipur westmedinipur westmedinipur westmedinipur westmedinipur westmurshidabadmurshidabadmurshidabadmurshidabadmurshidabadnadianadianadianadianadiabarddhamanbarddhamanbarddhamanbarddhamanbarddhamanpuruliyapuruliyapuruliyapuruliyapuruliyaalappuzhaalappuzhaalappuzhaalappuzhaalappuzhaernakulamernakulamernakulamernakulamernakulamidukkiidukkiidukkiidukkiidukkikannurkannurkannurkannurkannurkasaragodkasaragodkasaragodkasaragodkasaragodkollamkollamkollamkollamkollamkottayamkottayamkottayamkottayamkottayamkozhikodekozhikodekozhikodekozhikodekozhikodemalappurammalappurammalappurammalappurammalappurampalakkadpalakkadpalakkadpalakkadpalakkadpathanamthittapathanamthittapathanamthittapathanamthittapathanamthittathiruvananthapuramthiruvananthapuramthiruvananthapuramthiruvananthapuramthiruvananthapuramthrissurthrissurthrissurthrissurthrissurwayanadwayanadwayanadwayanadwayanadbagalkotbagalkotbagalkotbagalkotbagalkotchikballapurachikballapurachikballapurachikballapurachikballapurachikkamagaluruchikkamagaluruchikkamagaluruchikkamagaluruchikkamagalurudavanageredavanageredavanageredavanageredavanagereyadagiriyadagiriyadagiriyadagiriyadagiriagraagraagraagraagraaligarhaligarhaligarhaligarhaligarhallahabadallahabadallahabadallahabadallahabadambedkar nagarambedkar nagarambedkar nagarambedkar nagarambedkar nagaramethiamethiamethiamethiamethiamrohaamrohaamrohaamrohaamrohaauraiyaauraiyaauraiyaauraiyaauraiyaazamgarhazamgarhazamgarhazamgarhazamgarhbaghpatbaghpatbaghpatbaghpatbaghpatbahraichbahraichbahraichbahraichbahraichballiaballiaballiaballiaballiabalrampurbalrampurbalrampurbalrampurbalrampurbandabandabandabandabandabarabankibarabankibarabankibarabankibarabankibareillybareillybareillybareillybareillybastibastibastibastibastibijnorbijnorbijnorbijnorbijnorbudaunbudaunbudaunbudaunbudaunbulandshahrbulandshahrbulandshahrbulandshahrbulandshahrchandaulichandaulichandaulichandaulichandaulichitrakootchitrakootchitrakootchitrakootchitrakootdeoriadeoriadeoriadeoriadeoriaetahetahetahetahetahetawahetawahetawahetawahetawahfaizabadfaizabadfaizabadfaizabadfaizabadfarrukhabadfarrukhabadfarrukhabadfarrukhabadfarrukhabadfatehpurfatehpurfatehpurfatehpurfatehpurfirozabadfirozabadfirozabadfirozabadfirozabadkanpur nagarkanpur nagarkanpur nagarkanpur nagarkanpur nagarghaziabadghaziabadghaziabadghaziabadghaziabadghazipurghazipurghazipurghazipurghazipurgondagondagondagondagondagorakhpurgorakhpurgorakhpurgorakhpurgorakhpurhamirpurhamirpurhamirpurhamirpurhamirpurhapurhapurhapurhapurhapurhardoihardoihardoihardoihardoihathrashathrashathrashathrashathrasjalaunjalaunjalaunjalaunjalaunjaunpurjaunpurjaunpurjaunpurjaunpurjhansijhansijhansijhansijhansikannaujkannaujkannaujkannaujkannaujkanpur dehatkanpur dehatkanpur dehatkanpur dehatkanpur dehatkasganjkasganjkasganjkasganjkasganjkaushambikaushambikaushambikaushambikaushambilakhimpur kherilakhimpur kherilakhimpur kherilakhimpur kherilakhimpur kherikushinagarkushinagarkushinagarkushinagarkushinagarlalitpurlalitpurlalitpurlalitpurlalitpurlucknowlucknowlucknowlucknowlucknowmaharajganjmaharajganjmaharajganjmaharajganjmaharajganjmahobamahobamahobamahobamahobamainpurimainpurimainpurimainpurimainpurimathuramathuramathuramathuramathuramaumaumaumaumaumeerutmeerutmeerutmeerutmeerutmirzapurmirzapurmirzapurmirzapurmirzapurmoradabadmoradabadmoradabadmoradabadmoradabadmuzaffarnagarmuzaffarnagarmuzaffarnagarmuzaffarnagarmuzaffarnagarpilibhitpilibhitpilibhitpilibhitpilibhitpratapgarhpratapgarhpratapgarhpratapgarhpratapgarhrae barelirae barelirae barelirae barelirae barelirampurrampurrampurrampurrampursaharanpursaharanpursaharanpursaharanpursaharanpursambhalsambhalsambhalsambhalsambhalsant kabeer nagarsant kabeer nagarsant kabeer nagarsant kabeer nagarsant kabeer nagarsant ravi das nagarsant ravi das nagarsant ravi das nagarsant ravi das nagarsant ravi das nagarshahajahanpurshahajahanpurshahajahanpurshahajahanpurshahajahanpurshamlishamlishamlishamlishamlishravastishravastishravastishravastishravastisiddharth nagarsiddharth nagarsiddharth nagarsiddharth nagarsiddharth nagarsitapursitapursitapursitapursitapursonbhadrasonbhadrasonbhadrasonbhadrasonbhadrasultanpursultanpursultanpursultanpursultanpurunnaounnaounnaounnaounnaovaranasivaranasivaranasivaranasivaranasiahmednagarahmednagarahmednagarahmednagarahmednagaramravatiamravatiamravatiamravatiamravatibeedbeedbeedbeedbeedbhandarabhandarabhandarabhandarabhandarachandrapurchandrapurchandrapurchandrapurchandrapurdhuledhuledhuledhuledhulegadchiroligadchiroligadchiroligadchiroligadchiroligondiagondiagondiagondiagondiakolhapurkolhapurkolhapurkolhapurkolhapurlaturlaturlaturlaturlaturnagpurnagpurnagpurnagpurnagpurnandednandednandednandednandednandurbarnandurbarnandurbarnandurbarnandurbarnashiknashiknashiknashiknashikosmanabadosmanabadosmanabadosmanabadosmanabadpalgharpalgharpalgharpalgharpalgharpunepunepunepunepuneraigadraigadraigadraigadraigadratnagiriratnagiriratnagiriratnagiriratnagirisanglisanglisanglisanglisanglisatarasatarasatarasatarasatarasindhudurgsindhudurgsindhudurgsindhudurgsindhudurgsolapursolapursolapursolapursolapurthanethanethanethanethaneanantnaganantnaganantnaganantnaganantnagbadgambadgambadgambadgambadgambandiporabandiporabandiporabandiporabandiporabaramullabaramullabaramullabaramullabaramulladodadodadodadodadodaganderbalganderbalganderbalganderbalganderbaljammujammujammujammujammukathuakathuakathuakathuakathuakishtwarkishtwarkishtwarkishtwarkishtwarkulgamkulgamkulgamkulgamkulgamkupwarakupwarakupwarakupwarakupwarapoonchpoonchpoonchpoonchpoonchpulwamapulwamapulwamapulwamapulwamarajaurirajaurirajaurirajaurirajaurirambanrambanrambanrambanrambanreasireasireasireasireasisambasambasambasambasambashopianshopianshopianshopianshopiansrinagarsrinagarsrinagarsrinagarsrinagarudhampurudhampurudhampurudhampurudhampurahmadabadahmadabadahmadabadahmadabadahmadabadanandanandanandanandanandaravalliaravalliaravalliaravalliaravallibharuchbharuchbharuchbharuchbharuchchhotaudepurchhotaudepurchhotaudepurchhotaudepurchhotaudepurdangdangdangdangdangdohaddohaddohaddohaddohadgandhinagargandhinagargandhinagargandhinagargandhinagarkhedakhedakhedakhedakhedamahesanamahesanamahesanamahesanamahesanamahisagarmahisagarmahisagarmahisagarmahisagarnarmadanarmadanarmadanarmadanarmadanavsarinavsarinavsarinavsarinavsaripanch mahalspanch mahalspanch mahalspanch mahalspanch mahalssabar kanthasabar kanthasabar kanthasabar kanthasabar kanthasuratsuratsuratsuratsuratsurendranagarsurendranagarsurendranagarsurendranagarsurendranagartapitapitapitapitapivadodaravadodaravadodaravadodaravadodaravalsadvalsadvalsadvalsadvalsadajmerajmerajmerajmerajmeralwaralwaralwaralwaralwarbanswarabanswarabanswarabanswarabanswarabaranbaranbaranbaranbaranbharatpurbharatpurbharatpurbharatpurbharatpurbhilwarabhilwarabhilwarabhilwarabhilwarabundibundibundibundibundichittorgarhchittorgarhchittorgarhchittorgarhchittorgarhdholpurdholpurdholpurdholpurdholpurdungarpurdungarpurdungarpurdungarpurdungarpurganganagarganganagarganganagarganganagarganganagarhanumangarhhanumangarhhanumangarhhanumangarhhanumangarhjhalawarjhalawarjhalawarjhalawarjhalawarkaraulikaraulikaraulikaraulikaraulikotakotakotakotakotarajsamandrajsamandrajsamandrajsamandrajsamandsawai madhopursawai madhopursawai madhopursawai madhopursawai madhopurtonktonktonktonktonkudaipurudaipurudaipurudaipurudaipurarariaarariaarariaarariaarariaarwalarwalarwalarwalarwalaurangabadaurangabadaurangabadaurangabadaurangabadbankabankabankabankabankabegusaraibegusaraibegusaraibegusaraibegusaraibhagalpurbhagalpurbhagalpurbhagalpurbhagalpurbhojpurbhojpurbhojpurbhojpurbhojpurbuxarbuxarbuxarbuxarbuxardarbhangadarbhangadarbhangadarbhangadarbhangagayagayagayagayagayagopalganjgopalganjgopalganjgopalganjgopalganjjamuijamuijamuijamuijamuijehanabadjehanabadjehanabadjehanabadjehanabadkaimurkaimurkaimurkaimurkaimurkatiharkatiharkatiharkatiharkatiharkhagariakhagariakhagariakhagariakhagariakishanganjkishanganjkishanganjkishanganjkishanganjlakhisarailakhisarailakhisarailakhisarailakhisaraimadhepuramadhepuramadhepuramadhepuramadhepuramadhubanimadhubanimadhubanimadhubanimadhubanimungermungermungermungermungermuzaffarpurmuzaffarpurmuzaffarpurmuzaffarpurmuzaffarpurnalandanalandanalandanalandanalandanawadanawadanawadanawadanawadapashchim champaranpashchim champaranpashchim champaranpashchim champaranpashchim champaranpatnapatnapatnapatnapatnapurbi champaranpurbi champaranpurbi champaranpurbi champaranpurbi champaranpurniapurniapurniapurniapurniarohtasrohtasrohtasrohtasrohtassaharsasaharsasaharsasaharsasaharsasamastipursamastipursamastipursamastipursamastipursaransaransaransaransaransheikhpurasheikhpurasheikhpurasheikhpurasheikhpurasheoharsheoharsheoharsheoharsheoharsitamarhisitamarhisitamarhisitamarhisitamarhisiwansiwansiwansiwansiwansupaulsupaulsupaulsupaulsupaulvaishalivaishalivaishalivaishalivaishalidinajpur dakshindinajpur dakshindinajpur dakshindinajpur dakshindinajpur dakshindinajpur uttardinajpur uttardinajpur uttardinajpur uttardinajpur uttarpaschim bardhamanpaschim bardhamanpaschim bardhamanpaschim bardhamanpaschim bardhamanpurba bardhamanpurba bardhamanpurba bardhamanpurba bardhamanpurba bardhamanpuruliapuruliapuruliapuruliapurulianagapattinamnagapattinamnagapattinamnagapattinamnagapattinamvirudunagarvirudunagarvirudunagarvirudunagarvirudunagaranugulanugulanugulanugulanugulbalangirbalangirbalangirbalangirbalangirbaleshwarbaleshwarbaleshwarbaleshwarbaleshwarbargarhbargarhbargarhbargarhbargarhbhadrakbhadrakbhadrakbhadrakbhadrakboudhboudhboudhboudhboudhcuttackcuttackcuttackcuttackcuttackdeogarhdeogarhdeogarhdeogarhdeogarhdhenkanaldhenkanaldhenkanaldhenkanaldhenkanalgajapatigajapatigajapatigajapatigajapatiganjamganjamganjamganjamganjamjagatsinghapurjagatsinghapurjagatsinghapurjagatsinghapurjagatsinghapurjajapurjajapurjajapurjajapurjajapurjharsugudajharsugudajharsugudajharsugudajharsugudakalahandikalahandikalahandikalahandikalahandikandhamalkandhamalkandhamalkandhamalkandhamalkendraparakendraparakendraparakendraparakendraparakendujharkendujharkendujharkendujharkendujharkhordhakhordhakhordhakhordhakhordhakoraputkoraputkoraputkoraputkoraputmalkangirimalkangirimalkangirimalkangirimalkangirimayurbhanjmayurbhanjmayurbhanjmayurbhanjmayurbhanjnabarangpurnabarangpurnabarangpurnabarangpurnabarangpurnayagarhnayagarhnayagarhnayagarhnayagarhnuapadanuapadanuapadanuapadanuapadapuripuripuripuripurirayagadarayagadarayagadarayagadarayagadasambalpursambalpursambalpursambalpursambalpursonepursonepursonepursonepursonepursundargarhsundargarhsundargarhsundargarhsundargarhbaksabaksabaksabaksabaksabarpetabarpetabarpetabarpetabarpetabongaigaonbongaigaonbongaigaonbongaigaonbongaigaoncacharcacharcacharcacharcacharchirangchirangchirangchirangchirangdarrangdarrangdarrangdarrangdarrangdhemajidhemajidhemajidhemajidhemajidhubridhubridhubridhubridhubridibrugarhdibrugarhdibrugarhdibrugarhdibrugarhdima hasaodima hasaodima hasaodima hasaodima hasaogoalparagoalparagoalparagoalparagoalparagolaghatgolaghatgolaghatgolaghatgolaghathailakandihailakandihailakandihailakandihailakandijorhatjorhatjorhatjorhatjorhatkamrupkamrupkamrupkamrupkamrupkarbi anglongkarbi anglongkarbi anglongkarbi anglongkarbi anglongkarimganjkarimganjkarimganjkarimganjkarimganjkokrajharkokrajharkokrajharkokrajharkokrajharlakhimpurlakhimpurlakhimpurlakhimpurlakhimpurmorigaonmorigaonmorigaonmorigaonmorigaonnagaonnagaonnagaonnagaonnagaonnalbarinalbarinalbarinalbarinalbarisivasagarsivasagarsivasagarsivasagarsivasagarsonitpursonitpursonitpursonitpursonitpurtinsukiatinsukiatinsukiatinsukiatinsukiaudalguriudalguriudalguriudalguriudalguribokarobokarobokarobokarobokarochatrachatrachatrachatrachatradeoghardeoghardeoghardeoghardeoghardhanbaddhanbaddhanbaddhanbaddhanbaddumkadumkadumkadumkadumkaeast singhbumeast singhbumeast singhbumeast singhbumeast singhbumgarhwagarhwagarhwagarhwagarhwagiridihgiridihgiridihgiridihgiridihgoddagoddagoddagoddagoddagumlagumlagumlagumlagumlahazaribaghhazaribaghhazaribaghhazaribaghhazaribaghjamtarajamtarajamtarajamtarajamtarakhuntikhuntikhuntikhuntikhuntikodermakodermakodermakodermakodermalateharlateharlateharlateharlateharlohardagalohardagalohardagalohardagalohardagapakurpakurpakurpakurpakurpalamupalamupalamupalamupalamuramgarhramgarhramgarhramgarhramgarhranchiranchiranchiranchiranchisahibganjsahibganjsahibganjsahibganjsahibganjsaraikelakharsawansaraikelakharsawansaraikelakharsawansaraikelakharsawansaraikelakharsawansimdegasimdegasimdegasimdegasimdegawest singhbhumwest singhbhumwest singhbhumwest singhbhumwest singhbhumbilaspurbilaspurbilaspurbilaspurbilaspurchambachambachambachambachambakangrakangrakangrakangrakangrakinnaurkinnaurkinnaurkinnaurkinnaurkullukullukullukullukullumandimandimandimandimandishimlashimlashimlashimlashimlasirmaursirmaursirmaursirmaursirmaursolansolansolansolansolanunaunaunaunaunakaimur (bhabua)kaimur (bhabua)kaimur (bhabua)kaimur (bhabua)kaimur (bhabua)baloda bazarbaloda bazarbaloda bazarbaloda bazarbaloda bazaruttar bastar kankeruttar bastar kankeruttar bastar kankeruttar bastar kankeruttar bastar kankerbemetarabemetarabemetarabemetarabemetarabijapurbijapurbijapurbijapurbijapurdantewadadantewadadantewadadantewadadantewadadhamtaridhamtaridhamtaridhamtaridhamtaridurgdurgdurgdurgdurggariabandgariabandgariabandgariabandgariabandjanjgirchampajanjgirchampajanjgirchampajanjgirchampajanjgirchampajashpurjashpurjashpurjashpurjashpurkabirdhamkabirdhamkabirdhamkabirdhamkabirdhamkondagaonkondagaonkondagaonkondagaonkondagaonkorbakorbakorbakorbakorbakoreakoreakoreakoreakoreamahasamundmahasamundmahasamundmahasamundmahasamundmungelimungelimungelimungelimungelinarayanpurnarayanpurnarayanpurnarayanpurnarayanpurraigarhraigarhraigarhraigarhraigarhraipurraipurraipurraipurraipurrajnandgaonrajnandgaonrajnandgaonrajnandgaonrajnandgaonsukmasukmasukmasukmasukmasurajpursurajpursurajpursurajpursurajpursurgujasurgujasurgujasurgujasurgujalahul and spitilahul and spitilahul and spitilahul and spitilahul and spitiarvalliarvalliarvalliarvalliarvallibanas kanthabanas kanthabanas kanthabanas kanthabanas kanthadevbhumi dwarkadevbhumi dwarkadevbhumi dwarkadevbhumi dwarkadevbhumi dwarkakachchhkachchhkachchhkachchhkachchhpatanpatanpatanpatanpatanrajkotrajkotrajkotrajkotrajkotahmadnagarahmadnagarahmadnagarahmadnagarahmadnagarakolaakolaakolaakolaakolabuldhanabuldhanabuldhanabuldhanabuldhanahingolihingolihingolihingolihingolijalgaonjalgaonjalgaonjalgaonjalgaonjalnajalnajalnajalnajalnaparbhaniparbhaniparbhaniparbhaniparbhaniwashimwashimwashimwashimwashimyavatmalyavatmalyavatmalyavatmalyavatmalagar malwaagar malwaagar malwaagar malwaagar malwaalirajpuralirajpuralirajpuralirajpuralirajpuranuppuranuppuranuppuranuppuranuppurashoknagarashoknagarashoknagarashoknagarashoknagarbalaghatbalaghatbalaghatbalaghatbalaghatbarwanibarwanibarwanibarwanibarwanibetulbetulbetulbetulbetulbhopalbhopalbhopalbhopalbhopalburhanpurburhanpurburhanpurburhanpurburhanpurchhatarpurchhatarpurchhatarpurchhatarpurchhatarpurchhindwarachhindwarachhindwarachhindwarachhindwaradamohdamohdamohdamohdamohdatiadatiadatiadatiadatiadewasdewasdewasdewasdewasdhardhardhardhardhardindoridindoridindoridindoridindorigunagunagunagunagunagwaliorgwaliorgwaliorgwaliorgwaliorhardahardahardahardahardahoshangabadhoshangabadhoshangabadhoshangabadhoshangabadindoreindoreindoreindoreindorejabalpurjabalpurjabalpurjabalpurjabalpurjhabuajhabuajhabuajhabuajhabuakatnikatnikatnikatnikatnikhandwakhandwakhandwakhandwakhandwakhargonekhargonekhargonekhargonekhargonemandlamandlamandlamandlamandlamandsaurmandsaurmandsaurmandsaurmandsaurmorenamorenamorenamorenamorenanarsinghpurnarsinghpurnarsinghpurnarsinghpurnarsinghpurneemuchneemuchneemuchneemuchneemuchpannapannapannapannapannaraisenraisenraisenraisenraisenrajgarhrajgarhrajgarhrajgarhrajgarhratlamratlamratlamratlamratlamrewarewarewarewarewasagarsagarsagarsagarsagarsatnasatnasatnasatnasatnasehoresehoresehoresehoresehoreseoniseoniseoniseoniseonishahdolshahdolshahdolshahdolshahdolshajapurshajapurshajapurshajapurshajapursheopursheopursheopursheopursheopurshivpurishivpurishivpurishivpurishivpurisidhisidhisidhisidhisidhisingraulisingraulisingraulisingraulisingraulitikamgarhtikamgarhtikamgarhtikamgarhtikamgarhujjainujjainujjainujjainujjainumariaumariaumariaumariaumariavidishavidishavidishavidishavidishabarmerbarmerbarmerbarmerbarmerchittaurgarhchittaurgarhchittaurgarhchittaurgarhchittaurgarhchuruchuruchuruchuruchurudausadausadausadausadausajaipurjaipurjaipurjaipurjaipurjalorejalorejalorejalorejalorejodhpurjodhpurjodhpurjodhpurjodhpurnagaurnagaurnagaurnagaurnagaurpalipalipalipalipalisikarsikarsikarsikarsikarsirohisirohisirohisirohisirohiharidwarharidwarharidwarharidwarharidwarudam singh nagarudam singh nagarudam singh nagarudam singh nagarudam singh nagarkanchipuramkanchipuramkanchipuramkanchipuramkanchipuramvillupuramvillupuramvillupuramvillupuramvillupurambhindbhindbhindbhindbhindbagalkotebagalkotebagalkotebagalkotebagalkotebuldanabuldanabuldanabuldanabuldanawardhawardhawardhawardhawardhasahebganjsahebganjsahebganjsahebganjsahebganjsaraikela kharsawansaraikela kharsawansaraikela kharsawansaraikela kharsawansaraikela kharsawangautam buddha nagargautam buddha nagargautam buddha nagargautam buddha nagargautam buddha nagarkherikherikherikherikherikushi nagarkushi nagarkushi nagarkushi nagarkushi nagarsant ravidas nagarsant ravidas nagarsant ravidas nagarsant ravidas nagarsant ravidas nagarmahendragarhmahendragarhmahendragarhmahendragarhmahendragarhjamnagarjamnagarjamnagarjamnagarjamnagarchamrajnagarchamrajnagarchamrajnagarchamrajnagarchamrajnagartumkurtumkurtumkurtumkurtumkurbalodbalodbalodbalodbalodbastarbastarbastarbastarbastargariyabandgariyabandgariyabandgariyabandgariyabandjanjgir-champajanjgir-champajanjgir-champajanjgir-champajanjgir-champakankerkankerkankerkankerkankeramreliamreliamreliamreliamrelibhavnagarbhavnagarbhavnagarbhavnagarbhavnagarbotadbotadbotadbotadbotadgir somnathgir somnathgir somnathgir somnathgir somnathjunagadhjunagadhjunagadhjunagadhjunagadhmorbimorbimorbimorbimorbikamrup metrokamrup metrokamrup metrokamrup metrokamrup metromarigaonmarigaonmarigaonmarigaonmarigaonbikanerbikanerbikanerbikanerbikanerjaisalmerjaisalmerjaisalmerjaisalmerjaisalmerjhunjhununjhunjhununjhunjhununjhunjhununjhunjhununshahjahanpurshahjahanpurshahjahanpurshahjahanpurshahjahanpurnicobarsnicobarsnicobarsnicobarsnicobarsnorth and middle andamannorth and middle andamannorth and middle andamannorth and middle andamannorth and middle andamansouth andamanssouth andamanssouth andamanssouth andamanssouth andamansanjawanjawanjawanjawanjawchanglangchanglangchanglangchanglangchanglangdibang valleydibang valleydibang valleydibang valleydibang valleyeast kamengeast kamengeast kamengeast kamengeast kamengeast siangeast siangeast siangeast siangeast siangkra daadikra daadikra daadikra daadikra daadikurung kumeykurung kumeykurung kumeykurung kumeykurung kumeylohitlohitlohitlohitlohitlongdinglongdinglongdinglongdinglongdinglower dibang valleylower dibang valleylower dibang valleylower dibang valleylower dibang valleylower subansirilower subansirilower subansirilower subansirilower subansirinamsainamsainamsainamsainamsaipapum parepapum parepapum parepapum parepapum paresiangsiangsiangsiangsiangtawangtawangtawangtawangtawangtiraptiraptiraptiraptirapupper siangupper siangupper siangupper siangupper siangupper subansiriupper subansiriupper subansiriupper subansiriupper subansiriwest kamengwest kamengwest kamengwest kamengwest kamengwest siangwest siangwest siangwest siangwest siangchandigarhchandigarhchandigarhchandigarhchandigarhdadra and nagar havelidadra and nagar havelidadra and nagar havelidadra and nagar havelidadra and nagar havelibishnupurbishnupurbishnupurbishnupurbishnupurchandelchandelchandelchandelchandelchurachandpurchurachandpurchurachandpurchurachandpurchurachandpurimphal eastimphal eastimphal eastimphal eastimphal eastimphal westimphal westimphal westimphal westimphal westsenapatisenapatisenapatisenapatisenapatitamenglongtamenglongtamenglongtamenglongtamenglongthoubalthoubalthoubalthoubalthoubalukhrulukhrulukhrulukhrulukhruleast garo hillseast garo hillseast garo hillseast garo hillseast garo hillseast jaintia hillseast jaintia hillseast jaintia hillseast jaintia hillseast jaintia hillseast khasi hillseast khasi hillseast khasi hillseast khasi hillseast khasi hillsnorth garo hillsnorth garo hillsnorth garo hillsnorth garo hillsnorth garo hillsri bhoiri bhoiri bhoiri bhoiri bhoisouth garo hillssouth garo hillssouth garo hillssouth garo hillssouth garo hillssouth west garo hillssouth west garo hillssouth west garo hillssouth west garo hillssouth west garo hillssouth west khasi hillssouth west khasi hillssouth west khasi hillssouth west khasi hillssouth west khasi hillswest garo hillswest garo hillswest garo hillswest garo hillswest garo hillswest jaintia hillswest jaintia hillswest jaintia hillswest jaintia hillswest jaintia hillswest khasi hillswest khasi hillswest khasi hillswest khasi hillswest khasi hillsaizawlaizawlaizawlaizawlaizawlchamphaichamphaichamphaichamphaichamphaikolasibkolasibkolasibkolasibkolasiblawngtlailawngtlailawngtlailawngtlailawngtlailungleilungleilungleilungleilungleimamitmamitmamitmamitmamitsaihasaihasaihasaihasaihaserchhipserchhipserchhipserchhipserchhipdimapurdimapurdimapurdimapurdimapurkiphirekiphirekiphirekiphirekiphirekohimakohimakohimakohimakohimalonglenglonglenglonglenglonglenglonglengmokokchungmokokchungmokokchungmokokchungmokokchungmonmonmonmonmonperenperenperenperenperenphekphekphekphekphektuensangtuensangtuensangtuensangtuensangwokhawokhawokhawokhawokhazunhebotozunhebotozunhebotozunhebotozunhebotokaraikalkaraikalkaraikalkaraikalkaraikalpondicherrypondicherrypondicherrypondicherrypondicherryyanamyanamyanamyanamyanameast districteast districteast districteast districteast districtnorth districtnorth districtnorth districtnorth districtnorth districtsouth districtsouth districtsouth districtsouth districtsouth districtwest districtwest districtwest districtwest districtwest districtadilabadadilabadadilabadadilabadadilabadbhadradribhadradribhadradribhadradribhadradrihanumakondahanumakondahanumakondahanumakondahanumakondajagitialjagitialjagitialjagitialjagitialjangoanjangoanjangoanjangoanjangoanjayashankarjayashankarjayashankarjayashankarjayashankarjogulambajogulambajogulambajogulambajogulambakamareddykamareddykamareddykamareddykamareddykarimnagarkarimnagarkarimnagarkarimnagarkarimnagarkhammamkhammamkhammamkhammamkhammamkomaram bheem asifabadkomaram bheem asifabadkomaram bheem asifabadkomaram bheem asifabadkomaram bheem asifabadmahabubabadmahabubabadmahabubabadmahabubabadmahabubabadmahbubnagarmahbubnagarmahbubnagarmahbubnagarmahbubnagarmancherialmancherialmancherialmancherialmancherialmedakmedakmedakmedakmedakmedchal malkajgirimedchal malkajgirimedchal malkajgirimedchal malkajgirimedchal malkajgirinagarkurnoolnagarkurnoolnagarkurnoolnagarkurnoolnagarkurnoolnalgondanalgondanalgondanalgondanalgondanirmalnirmalnirmalnirmalnirmalnizamabadnizamabadnizamabadnizamabadnizamabadpeddapallipeddapallipeddapallipeddapallipeddapallirajannarajannarajannarajannarajannarangareddirangareddirangareddirangareddirangareddisangareddysangareddysangareddysangareddysangareddysiddipetsiddipetsiddipetsiddipetsiddipetsuryapetsuryapetsuryapetsuryapetsuryapetvikarabadvikarabadvikarabadvikarabadvikarabadwanaparthywanaparthywanaparthywanaparthywanaparthywarangalwarangalwarangalwarangalwarangalyadadriyadadriyadadriyadadriyadadridhalaidhalaidhalaidhalaidhalaigomatigomatigomatigomatigomatikhowaikhowaikhowaikhowaikhowainorth tripuranorth tripuranorth tripuranorth tripuranorth tripurasepahijalasepahijalasepahijalasepahijalasepahijalasouth tripurasouth tripurasouth tripurasouth tripurasouth tripuraunakotiunakotiunakotiunakotiunakotiwest tripurawest tripurawest tripurawest tripurawest tripura,ricemaizebajraragijowarricemaizebajraragijowarricemaizebajraragijowarricemaizebajraragijowarricemaizebajraragijowarricemaizebajraragijowarricemaizebajraragijowarricemaizebajraragijowarricemaizebajraragijowarricemaizebajraragijowarricemaizebajraragijowarricemaizebajraragijowarricemaizebajraragijowarricemaizebajraragijowarricemaizebajraragijowarricemaizebajraragijowarricemaizebajraragijowarricemaizebajraragijowarricemaizebajraragijowarricemaizebajraragijowarricemaizebajraragijowarricemaizebajraragijowarricemaizebajraragijowarricemaizebajraragijowarricemaizebajraragijowarricemaizebajraragijowarricemaizebajraragijowarricemaizebajraragijowarricemaizebajraragijowarricemaizebajraragijowarricemaizebajraragijowarricemaizebajraragijowarricemaizebajraragijowarricemaizebajraragijowarricemaizebajraragijowarricemaizebajraragijowarricemaizebajraragijowarricemaizebajraragijowarricemaizebajraragijowarricemaizebajraragijowarricemaizebajraragijowarricemaizebajraragijowarricemaizebajraragijowarricemaizebajraragijowarricemaizebajraragijowarricemaizebajraragijowarricemaizebajraragijowarricemaizebajraragijowarricemaizebajraragijowarricemaizebajraragijowarricemaizebajraragijowarricemaizebajraragijowarricemaizebajraragijowarricemaizebajraragijowarricemaizebajraragijowarricemaizebajraragijowarricemaizebajraragijowarricemaizebajraragijowarricemaizebajraragijowarricemaizebajraragijowarricemaizebajraragijowarricemaizebajraragijowarricemaizebajraragijowarricemaizebajraragijowarricemaizebajraragijowarricemaizebajraragijowarricemaizebajraragijowarricemaizebajraragijowarricemaizebajraragijowarricemaizebajraragijowarricemaizebajraragijowarricemaizebajraragijowarricemaizebajraragijowarricemaizebajraragijowarricemaizebajraragijowarricemaizebajraragijowarricemaizebajraragijowarricemaizebajraragijowarricemaizebajraragijowarricemaizebajraragijowarricemaizebajraragijowarricemaizebajraragijowarricemaizebajraragijowarricemaizebajraragijowarricemaizebajraragijowarricemaizebajraragijowarricemaizebajraragijowarricemaizebajraragijowarricemaizebajraragijowarricemaizebajraragijowarricemaizebajraragijowarricemaizebajraragijowarricemaizebajraragijowarricemaizebajraragijowarricemaizebajraragijowarricemaizebajraragijowarricemaizebajraragijowarricemaizebajraragijowarricemaizebajraragijowarricemaizebajraragijowarricemaizebajraragijowarricemaizebajraragijowarricemaizebajraragijowarricemaizebajraragijowarricemaizebajraragijowarricemaizebajraragijowarricemaizebajraragijowarricemaizebajraragijowarricemaizebajraragijowarricemaizebajraragijowarricemaizebajraragijowarricemaizebajraragijowarricemaizebajraragijowarricemaizebajraragijowarricemaizebajraragijowarricemaizebajraragijowarricemaizebajraragijowarricemaizebajraragijowarricemaizebajraragijowarricemaizebajraragijowarricemaizebajraragijowarricemaizebajraragijowarricemaizebajraragijowarricemaizebajraragijowarricemaizebajraragijowarricemaizebajraragijowarricemaizebajraragijowarricemaizebajraragijowarricemaizebajraragijowarricemaizebajraragijowarricemaizebajraragijowarricemaizebajraragijowarricemaizebajraragijowarricemaizebajraragijowarricemaizebajraragijowarricemaizebajraragijowarricemaizebajraragijowarricemaizebajraragijowarricemaizebajraragijowarricemaizebajraragijowarricemaizebajraragijowarricemaizebajraragijowarricemaizebajraragijowarricemaizebajraragijowarricemaizebajraragijowarricemaizebajraragijowarricemaizebajraragijowarricemaizebajraragijowarricemaizebajraragijowarricemaizebajraragijowarricemaizebajraragijowarricemaizebajraragijowarricemaizebajraragijowarricemaizebajraragijowarricemaizebajraragijowarricemaizebajraragijowarricemaizebajraragijowarricemaizebajraragijowarricemaizebajraragijowarricemaizebajraragijowarricemaizebajraragijowarricemaizebajraragijowarricemaizebajraragijowarricemaizebajraragijowarricemaizebajraragijowarricemaizebajraragijowarricemaizebajraragijowarricemaizebajraragijowarricemaizebajraragijowarricemaizebajraragijowarricemaizebajraragijowarricemaizebajraragijowarricemaizebajraragijowarricemaizebajraragijowarricemaizebajraragijowarricemaizebajraragijowarricemaizebajraragijowarricemaizebajraragijowarricemaizebajraragijowarricemaizebajraragijowarricemaizebajraragijowarricemaizebajraragijowarricemaizebajraragijowarricemaizebajraragijowarricemaizebajraragijowarricemaizebajraragijowarricemaizebajraragijowarricemaizebajraragijowarricemaizebajraragijowarricemaizebajraragijowarricemaizebajraragijowarricemaizebajraragijowarricemaizebajraragijowarricemaizebajraragijowarricemaizebajraragijowarricemaizebajraragijowarricemaizebajraragijowarricemaizebajraragijowarricemaizebajraragijowarricemaizebajraragijowarricemaizebajraragijowarricemaizebajraragijowarricemaizebajraragijowarricemaizebajraragijowarricemaizebajraragijowarricemaizebajraragijowarricemaizebajraragijowarricemaizebajraragijowarricemaizebajraragijowarricemaizebajraragijowarricemaizebajraragijowarricemaizebajraragijowarricemaizebajraragijowarricemaizebajraragijowarricemaizebajraragijowarricemaizebajraragijowarricemaizebajraragijowarricemaizebajraragijowarricemaizebajraragijowarricemaizebajraragijowarricemaizebajraragijowarricemaizebajraragijowarricemaizebajraragijowarricemaizebajraragijowarricemaizebajraragijowarricemaizebajraragijowarricemaizebajraragijowarricemaizebajraragijowarricemaizebajraragijowarricemaizebajraragijowarricemaizebajraragijowarricemaizebajraragijowarricemaizebajraragijowarricemaizebajraragijowarricemaizebajraragijowarricemaizebajraragijowarricemaizebajraragijowarricemaizebajraragijowarricemaizebajraragijowarricemaizebajraragijowarricemaizebajraragijowarricemaizebajraragijowarricemaizebajraragijowarricemaizebajraragijowarricemaizebajraragijowarricemaizebajraragijowarricemaizebajraragijowarricemaizebajraragijowarricemaizebajraragijowarricemaizebajraragijowarricemaizebajraragijowarricemaizebajraragijowarricemaizebajraragijowarricemaizebajraragijowarricemaizebajraragijowarricemaizebajraragijowarricemaizebajraragijowarricemaizebajraragijowarricemaizebajraragijowarricemaizebajraragijowarricemaizebajraragijowarricemaizebajraragijowarricemaizebajraragijowarricemaizebajraragijowarricemaizebajraragijowarricemaizebajraragijowarricemaizebajraragijowarricemaizebajraragijowarricemaizebajraragijowarricemaizebajraragijowarricemaizebajraragijowarricemaizebajraragijowarricemaizebajraragijowarricemaizebajraragijowarricemaizebajraragijowarricemaizebajraragijowarricemaizebajraragijowarricemaizebajraragijowarricemaizebajraragijowarricemaizebajraragijowarricemaizebajraragijowarricemaizebajraragijowarricemaizebajraragijowarricemaizebajraragijowarricemaizebajraragijowarricemaizebajraragijowarricemaizebajraragijowarricemaizebajraragijowarricemaizebajraragijowarricemaizebajraragijowarricemaizebajraragijowarricemaizebajraragijowarricemaizebajraragijowarricemaizebajraragijowarricemaizebajraragijowarricemaizebajraragijowarricemaizebajraragijowarricemaizebajraragijowarricemaizebajraragijowarricemaizebajraragijowarricemaizebajraragijowarricemaizebajraragijowarricemaizebajraragijowarricemaizebajraragijowarricemaizebajraragijowarricemaizebajraragijowarricemaizebajraragijowarricemaizebajraragijowarricemaizebajraragijowarricemaizebajraragijowarricemaizebajraragijowarricemaizebajraragijowarricemaizebajraragijowarricemaizebajraragijowarricemaizebajraragijowarricemaizebajraragijowarricemaizebajraragijowarricemaizebajraragijowarricemaizebajraragijowarricemaizebajraragijowarricemaizebajraragijowarricemaizebajraragijowarricemaizebajraragijowarricemaizebajraragijowarricemaizebajraragijowarricemaizebajraragijowarricemaizebajraragijowarricemaizebajraragijowarricemaizebajraragijowarricemaizebajraragijowarricemaizebajraragijowarricemaizebajraragijowarricemaizebajraragijowarricemaizebajraragijowarricemaizebajraragijowarricemaizebajraragijowarricemaizebajraragijowarricemaizebajraragijowarricemaizebajraragijowarricemaizebajraragijowarricemaizebajraragijowarricemaizebajraragijowarricemaizebajraragijowarricemaizebajraragijowarricemaizebajraragijowarricemaizebajraragijowarricemaizebajraragijowarricemaizebajraragijowarricemaizebajraragijowarricemaizebajraragijowarricemaizebajraragijowarricemaizebajraragijowarricemaizebajraragijowarricemaizebajraragijowarricemaizebajraragijowarricemaizebajraragijowarricemaizebajraragijowarricemaizebajraragijowarricemaizebajraragijowarricemaizebajraragijowarricemaizebajraragijowarricemaizebajraragijowarricemaizebajraragijowarricemaizebajraragijowarricemaizebajraragijowarricemaizebajraragijowarricemaizebajraragijowarricemaizebajraragijowarricemaizebajraragijowarricemaizebajraragijowarricemaizebajraragijowarricemaizebajraragijowarricemaizebajraragijowarricemaizebajraragijowarricemaizebajraragijowarricemaizebajraragijowarricemaizebajraragijowarricemaizebajraragijowarricemaizebajraragijowarricemaizebajraragijowarricemaizebajraragijowarricemaizebajraragijowarricemaizebajraragijowarricemaizebajraragijowarricemaizebajraragijowarricemaizebajraragijowarricemaizebajraragijowarricemaizebajraragijowarricemaizebajraragijowarricemaizebajraragijowarricemaizebajraragijowarricemaizebajraragijowarricemaizebajraragijowarricemaizebajraragijowarricemaizebajraragijowarricemaizebajraragijowarricemaizebajraragijowarricemaizebajraragijowarricemaizebajraragijowarricemaizebajraragijowarricemaizebajraragijowarricemaizebajraragijowarricemaizebajraragijowarricemaizebajraragijowarricemaizebajraragijowarricemaizebajraragijowarricemaizebajraragijowarricemaizebajraragijowarricemaizebajraragijowarricemaizebajraragijowarricemaizebajraragijowarricemaizebajraragijowarricemaizebajraragijowarricemaizebajraragijowarricemaizebajraragijowarricemaizebajraragijowarricemaizebajraragijowarricemaizebajraragijowarricemaizebajraragijowarricemaizebajraragijowarricemaizebajraragijowarricemaizebajraragijowarricemaizebajraragijowarricemaizebajraragijowarricemaizebajraragijowarricemaizebajraragijowarricemaizebajraragijowarricemaizebajraragijowarricemaizebajraragijowarricemaizebajraragijowarricemaizebajraragijowarricemaizebajraragijowarricemaizebajraragijowarricemaizebajraragijowarricemaizebajraragijowarricemaizebajraragijowarricemaizebajraragijowarricemaizebajraragijowarricemaizebajraragijowarricemaizebajraragijowarricemaizebajraragijowarricemaizebajraragijowarricemaizebajraragijowarricemaizebajraragijowarricemaizebajraragijowarricemaizebajraragijowarricemaizebajraragijowarricemaizebajraragijowarricemaizebajraragijowarricemaizebajraragijowarricemaizebajraragijowarricemaizebajraragijowarricemaizebajraragijowarricemaizebajraragijowarricemaizebajraragijowarricemaizebajraragijowarricemaizebajraragijowarricemaizebajraragijowarricemaizebajraragijowarricemaizebajraragijowarricemaizebajraragijowarricemaizebajraragijowarricemaizebajraragijowarricemaizebajraragijowarricemaizebajraragijowarricemaizebajraragijowarricemaizebajraragijowarricemaizebajraragijowarricemaizebajraragijowarricemaizebajraragijowarricemaizebajraragijowarricemaizebajraragijowarricemaizebajraragijowarricemaizebajraragijowarricemaizebajraragijowarricemaizebajraragijowarricemaizebajraragijowarricemaizebajraragijowarricemaizebajraragijowarricemaizebajraragijowarricemaizebajraragijowarricemaizebajraragijowarricemaizebajraragijowarricemaizebajraragijowarricemaizebajraragijowarricemaizebajraragijowarricemaizebajraragijowarricemaizebajraragijowarricemaizebajraragijowarricemaizebajraragijowarricemaizebajraragijowarricemaizebajraragijowarricemaizebajraragijowarricemaizebajraragijowarricemaizebajraragijowarricemaizebajraragijowarricemaizebajraragijowarricemaizebajraragijowarricemaizebajraragijowarricemaizebajraragijowarricemaizebajraragijowarricemaizebajraragijowarricemaizebajraragijowarricemaizebajraragijowarricemaizebajraragijowarricemaizebajraragijowarricemaizebajraragijowarricemaizebajraragijowarricemaizebajraragijowarricemaizebajraragijowarricemaizebajraragijowarricemaizebajraragijowarricemaizebajraragijowarricemaizebajraragijowarricemaizebajraragijowarricemaizebajraragijowarricemaizebajraragijowarricemaizebajraragijowarricemaizebajraragijowarricemaizebajraragijowarricemaizebajraragijowarricemaizebajraragijowarricemaizebajraragijowarricemaizebajraragijowarricemaizebajraragijowarricemaizebajraragijowarricemaizebajraragijowarricemaizebajraragijowarricemaizebajraragijowarricemaizebajraragijowarricemaizebajraragijowarricemaizebajraragijowarricemaizebajraragijowarricemaizebajraragijowarricemaizebajraragijowarricemaizebajraragijowarricemaizebajraragijowarricemaizebajraragijowarricemaizebajraragijowarricemaizebajraragijowarricemaizebajraragijowarricemaizebajraragijowarricemaizebajraragijowarricemaizebajraragijowarricemaizebajraragijowarricemaizebajraragijowarricemaizebajraragijowarricemaizebajraragijowarricemaizebajraragijowarricemaizebajraragijowarricemaizebajraragijowarricemaizebajraragijowarricemaizebajraragijowarricemaizebajraragijowarricemaizebajraragijowarricemaizebajraragijowarricemaizebajraragijowarricemaizebajraragijowarricemaizebajraragijowarricemaizebajraragijowarricemaizebajraragijowarricemaizebajraragijowarricemaizebajraragijowarricemaizebajraragijowarricemaizebajraragijowarricemaizebajraragijowarricemaizebajraragijowarricemaizebajraragijowarricemaizebajraragijowarricemaizebajraragijowarricemaizebajraragijowarricemaizebajraragijowarricemaizebajraragijowarricemaizebajraragijowarricemaizebajraragijowarricemaizebajraragijowarricemaizebajraragijowarricemaizebajraragijowarricemaizebajraragijowarricemaizebajraragijowarricemaizebajraragijowarricemaizebajraragijowarricemaizebajraragijowarricemaizebajraragijowarricemaizebajraragijowarricemaizebajraragijowarricemaizebajraragijowarricemaizebajraragijowarricemaizebajraragijowarricemaizebajraragijowarricemaizebajraragijowarricemaizebajraragijowarricemaizebajraragijowarricemaizebajraragijowarricemaizebajraragijowarricemaizebajraragijowarricemaizebajraragijowarricemaizebajraragijowarricemaizebajraragijowarricemaizebajraragijowarricemaizebajraragijowarricemaizebajraragijowarricemaizebajraragijowarricemaizebajraragijowarricemaizebajraragijowarricemaizebajraragijowarricemaizebajraragijowarricemaizebajraragijowarricemaizebajraragijowarricemaizebajraragijowarricemaizebajraragijowarricemaizebajraragijowarricemaizebajraragijowarricemaizebajraragijowarricemaizebajraragijowarricemaizebajraragijowarricemaizebajraragijowarricemaizebajraragijowarricemaizebajraragijowarricemaizebajraragijowarricemaizebajraragijowarricemaizebajraragijowarricemaizebajraragijowarricemaizebajraragijowarricemaizebajraragijowarricemaizebajraragijowarricemaizebajraragijowarricemaizebajraragijowarricemaizebajraragijowarricemaizebajraragijowarricemaizebajraragijowarricemaizebajraragijowarricemaizebajraragijowarricemaizebajraragijowarricemaizebajraragijowarricemaizebajraragijowarricemaizebajraragijowarricemaizebajraragijowarricemaizebajraragijowarricemaizebajraragijowarricemaizebajraragijowarricemaizebajraragijowarricemaizebajraragijowarricemaizebajraragijowarricemaizebajraragijowarricemaizebajraragijowarricemaizebajraragijowarricemaizebajraragijowarricemaizebajraragijowarricemaizebajraragijowarricemaizebajraragijowarricemaizebajraragijowarricemaizebajraragijowarricemaizebajraragijowarricemaizebajraragijowarricemaizebajraragijowarricemaizebajraragijowarricemaizebajraragijowarricemaizebajraragijowarricemaizebajraragijowarricemaizebajraragijowarricemaizebajraragijowarricemaizebajraragijowarricemaizebajraragijowarricemaizebajraragijowarricemaizebajraragijowarricemaizebajraragijowarricemaizebajraragijowarricemaizebajraragijowarricemaizebajraragijowarricemaizebajraragijowarricemaizebajraragijowarricemaizebajraragijowarricemaizebajraragijowarricemaizebajraragijowarricemaizebajraragijowarricemaizebajraragijowarricemaizebajraragijowarricemaizebajraragijowarricemaizebajraragijowarricemaizebajraragijowarricemaizebajraragijowarricemaizebajraragijowarricemaizebajraragijowarricemaizebajraragijowarricemaizebajraragijowarricemaizebajraragijowarricemaizebajraragijowarricemaizebajraragijowarricemaizebajraragijowarricemaizebajraragijowarricemaizebajraragijowarricemaizebajraragijowarricemaizebajraragijowarricemaizebajraragijowarricemaizebajraragijowarricemaizebajraragijowarricemaizebajraragijowarricemaizebajraragijowarricemaizebajraragijowarricemaizebajraragijowarricemaizebajraragijowarricemaizebajraragijowarricemaizebajraragijowarricemaizebajraragijowarricemaizebajraragijowarricemaizebajraragijowar,256519.99985,256520.0,40188.221097,668904184.920291,653660000.0098001,31398787.28378928,33360757.692664355,11497375.426230708,12350461.045772864,22986662.22777506,24951463.69253561,9364356.993104853,10492709.045748215,2320611998068.127,2320612000035.539,707438.0435780075,1961943.49029744,14134498.603858884,15342655.024540147,657418.5397143667,713611.8616065185,1160217462.9003236,1719523111.8634088,186659082.53145316,-101586547.88688526,256520.0,32.52678868369371,7.874493813155868,10.753677126886366,5.881072687106531,6.907318005218414,8.477988174433597e-08,283.74389760669357,63.94197656168188,7.874493813155886,7.874493813155872
18,meghalaya,ariyalurariyalurariyalurariyalurariyalurcoimbatorecoimbatorecoimbatorecoimbatorecoimbatorecuddalorecuddalorecuddalorecuddalorecuddaloredharmapuridharmapuridharmapuridharmapuridharmapuridindiguldindiguldindiguldindiguldindigulerodeerodeerodeerodeerodekancheepuramkancheepuramkancheepuramkancheepuramkancheepuramkanniyakumarikanniyakumarikanniyakumarikanniyakumarikanniyakumarikarurkarurkarurkarurkarurkrishnagirikrishnagirikrishnagirikrishnagirikrishnagirimaduraimaduraimaduraimaduraimadurainagappattinamnagappattinamnagappattinamnagappattinamnagappattinamnamakkalnamakkalnamakkalnamakkalnamakkalperambalurperambalurperambalurperambalurperambalurpudukkottaipudukkottaipudukkottaipudukkottaipudukkottairamanathapuramramanathapuramramanathapuramramanathapuramramanathapuramsalemsalemsalemsalemsalemsivagangasivagangasivagangasivagangasivagangathanjavurthanjavurthanjavurthanjavurthanjavurthe nilgiristhe nilgiristhe nilgiristhe nilgiristhe nilgiristhenithenithenithenithenithiruvallurthiruvallurthiruvallurthiruvallurthiruvallurthiruvarurthiruvarurthiruvarurthiruvarurthiruvarurtiruchirappallitiruchirappallitiruchirappallitiruchirappallitiruchirappallitirunelvelitirunelvelitirunelvelitirunelvelitirunelvelitiruppurtiruppurtiruppurtiruppurtiruppurtiruvannamalaitiruvannamalaitiruvannamalaitiruvannamalaitiruvannamalaituticorintuticorintuticorintuticorintuticorinvellorevellorevellorevellorevelloreviluppuramviluppuramviluppuramviluppuramviluppuramvirudhunagarvirudhunagarvirudhunagarvirudhunagarvirudhunagaramritsaramritsaramritsaramritsaramritsarbarnalabarnalabarnalabarnalabarnalabathindabathindabathindabathindabathindafaridkotfaridkotfaridkotfaridkotfaridkotfatehgarh sahibfatehgarh sahibfatehgarh sahibfatehgarh sahibfatehgarh sahibfazilkafazilkafazilkafazilkafazilkafirozpurfirozpurfirozpurfirozpurfirozpurgurdaspurgurdaspurgurdaspurgurdaspurgurdaspurhoshiarpurhoshiarpurhoshiarpurhoshiarpurhoshiarpurjalandharjalandharjalandharjalandharjalandharkapurthalakapurthalakapurthalakapurthalakapurthalaludhianaludhianaludhianaludhianaludhianamansamansamansamansamansamogamogamogamogamogamuktsarmuktsarmuktsarmuktsarmuktsarpathankotpathankotpathankotpathankotpathankotpatialapatialapatialapatialapatialarupnagarrupnagarrupnagarrupnagarrupnagarsangrursangrursangrursangrursangrurshahid bhagat singh nagarshahid bhagat singh nagarshahid bhagat singh nagarshahid bhagat singh nagarshahid bhagat singh nagartarn tarantarn tarantarn tarantarn tarantarn taranambalaambalaambalaambalaambalabhiwanibhiwanibhiwanibhiwanibhiwanicharki dadricharki dadricharki dadricharki dadricharki dadrifaridabadfaridabadfaridabadfaridabadfaridabadfatehabadfatehabadfatehabadfatehabadfatehabadgurgaongurgaongurgaongurgaongurgaonhisarhisarhisarhisarhisarjhajjarjhajjarjhajjarjhajjarjhajjarjindjindjindjindjindkaithalkaithalkaithalkaithalkaithalkarnalkarnalkarnalkarnalkarnalkurukshetrakurukshetrakurukshetrakurukshetrakurukshetramewatmewatmewatmewatmewatpalwalpalwalpalwalpalwalpalwalpanchkulapanchkulapanchkulapanchkulapanchkulapanipatpanipatpanipatpanipatpanipatrewarirewarirewarirewarirewarirohtakrohtakrohtakrohtakrohtaksirsasirsasirsasirsasirsasonipatsonipatsonipatsonipatsonipatyamunanagaryamunanagaryamunanagaryamunanagaryamunanagaranantapuranantapuranantapuranantapuranantapurchittoorchittoorchittoorchittoorchittooreast godavarieast godavarieast godavarieast godavarieast godavarigunturgunturgunturgunturgunturkadapakadapakadapakadapakadapakrishnakrishnakrishnakrishnakrishnakurnoolkurnoolkurnoolkurnoolkurnoolprakasamprakasamprakasamprakasamprakasamnellorenellorenellorenellorenelloresrikakulamsrikakulamsrikakulamsrikakulamsrikakulamvisakhapatnamvisakhapatnamvisakhapatnamvisakhapatnamvisakhapatnamvizianagaramvizianagaramvizianagaramvizianagaramvizianagaramwest godavariwest godavariwest godavariwest godavariwest godavariballariballariballariballariballaribangalore ruralbangalore ruralbangalore ruralbangalore ruralbangalore ruralbelagavibelagavibelagavibelagavibelagavibengaluru urbanbengaluru urbanbengaluru urbanbengaluru urbanbengaluru urbanbidarbidarbidarbidarbidarchamarajanagarachamarajanagarachamarajanagarachamarajanagarachamarajanagarachikkaballapurachikkaballapurachikkaballapurachikkaballapurachikkaballapurachikmagalurchikmagalurchikmagalurchikmagalurchikmagalurchitradurgachitradurgachitradurgachitradurgachitradurgadakshina kannadadakshina kannadadakshina kannadadakshina kannadadakshina kannadadavangeredavangeredavangeredavangeredavangeredharwaddharwaddharwaddharwaddharwadgadaggadaggadaggadaggadaghassanhassanhassanhassanhassanhaverihaverihaverihaverihaverikalaburagikalaburagikalaburagikalaburagikalaburagikodagukodagukodagukodagukodagukolarkolarkolarkolarkolarkoppalkoppalkoppalkoppalkoppalmandyamandyamandyamandyamandyamysurumysurumysurumysurumysururaichurraichurraichurraichurraichurramanagararamanagararamanagararamanagararamanagarashivamoggashivamoggashivamoggashivamoggashivamoggatumakurutumakurutumakurutumakurutumakuruudupiudupiudupiudupiudupiuttara kannadauttara kannadauttara kannadauttara kannadauttara kannadavijayapuravijayapuravijayapuravijayapuravijayapurayadgiryadgiryadgiryadgiryadgiralmoraalmoraalmoraalmoraalmorabageshwarbageshwarbageshwarbageshwarbageshwarchamolichamolichamolichamolichamolichampawatchampawatchampawatchampawatchampawatdehradundehradundehradundehradundehradunhardwarhardwarhardwarhardwarhardwarnainitalnainitalnainitalnainitalnainitalpauri garhwalpauri garhwalpauri garhwalpauri garhwalpauri garhwalpithoragarhpithoragarhpithoragarhpithoragarhpithoragarhrudra prayagrudra prayagrudra prayagrudra prayagrudra prayagtehri garhwaltehri garhwaltehri garhwaltehri garhwaltehri garhwaludham singh nagarudham singh nagarudham singh nagarudham singh nagarudham singh nagaruttar kashiuttar kashiuttar kashiuttar kashiuttar kashispsr nellorespsr nellorespsr nellorespsr nellorespsr nellorevisakhapatanamvisakhapatanamvisakhapatanamvisakhapatanamvisakhapatanamparaganas northparaganas northparaganas northparaganas northparaganas northparaganas southparaganas southparaganas southparaganas southparaganas southalipurduaralipurduaralipurduaralipurduaralipurduarbankurabankurabankurabankurabankurabirbhumbirbhumbirbhumbirbhumbirbhumcoochbeharcoochbeharcoochbeharcoochbeharcoochbehardarjeelingdarjeelingdarjeelingdarjeelingdarjeelingdakshin dinajpurdakshin dinajpurdakshin dinajpurdakshin dinajpurdakshin dinajpuruttar dinajpuruttar dinajpuruttar dinajpuruttar dinajpuruttar dinajpurhooghlyhooghlyhooghlyhooghlyhooghlyhowrahhowrahhowrahhowrahhowrahjalpaigurijalpaigurijalpaigurijalpaigurijalpaigurijhargramjhargramjhargramjhargramjhargramkalimpongkalimpongkalimpongkalimpongkalimpongmaldahmaldahmaldahmaldahmaldahmedinipur eastmedinipur eastmedinipur eastmedinipur eastmedinipur eastmedinipur westmedinipur westmedinipur westmedinipur westmedinipur westmurshidabadmurshidabadmurshidabadmurshidabadmurshidabadnadianadianadianadianadiabarddhamanbarddhamanbarddhamanbarddhamanbarddhamanpuruliyapuruliyapuruliyapuruliyapuruliyaalappuzhaalappuzhaalappuzhaalappuzhaalappuzhaernakulamernakulamernakulamernakulamernakulamidukkiidukkiidukkiidukkiidukkikannurkannurkannurkannurkannurkasaragodkasaragodkasaragodkasaragodkasaragodkollamkollamkollamkollamkollamkottayamkottayamkottayamkottayamkottayamkozhikodekozhikodekozhikodekozhikodekozhikodemalappurammalappurammalappurammalappurammalappurampalakkadpalakkadpalakkadpalakkadpalakkadpathanamthittapathanamthittapathanamthittapathanamthittapathanamthittathiruvananthapuramthiruvananthapuramthiruvananthapuramthiruvananthapuramthiruvananthapuramthrissurthrissurthrissurthrissurthrissurwayanadwayanadwayanadwayanadwayanadbagalkotbagalkotbagalkotbagalkotbagalkotchikballapurachikballapurachikballapurachikballapurachikballapurachikkamagaluruchikkamagaluruchikkamagaluruchikkamagaluruchikkamagalurudavanageredavanageredavanageredavanageredavanagereyadagiriyadagiriyadagiriyadagiriyadagiriagraagraagraagraagraaligarhaligarhaligarhaligarhaligarhallahabadallahabadallahabadallahabadallahabadambedkar nagarambedkar nagarambedkar nagarambedkar nagarambedkar nagaramethiamethiamethiamethiamethiamrohaamrohaamrohaamrohaamrohaauraiyaauraiyaauraiyaauraiyaauraiyaazamgarhazamgarhazamgarhazamgarhazamgarhbaghpatbaghpatbaghpatbaghpatbaghpatbahraichbahraichbahraichbahraichbahraichballiaballiaballiaballiaballiabalrampurbalrampurbalrampurbalrampurbalrampurbandabandabandabandabandabarabankibarabankibarabankibarabankibarabankibareillybareillybareillybareillybareillybastibastibastibastibastibijnorbijnorbijnorbijnorbijnorbudaunbudaunbudaunbudaunbudaunbulandshahrbulandshahrbulandshahrbulandshahrbulandshahrchandaulichandaulichandaulichandaulichandaulichitrakootchitrakootchitrakootchitrakootchitrakootdeoriadeoriadeoriadeoriadeoriaetahetahetahetahetahetawahetawahetawahetawahetawahfaizabadfaizabadfaizabadfaizabadfaizabadfarrukhabadfarrukhabadfarrukhabadfarrukhabadfarrukhabadfatehpurfatehpurfatehpurfatehpurfatehpurfirozabadfirozabadfirozabadfirozabadfirozabadkanpur nagarkanpur nagarkanpur nagarkanpur nagarkanpur nagarghaziabadghaziabadghaziabadghaziabadghaziabadghazipurghazipurghazipurghazipurghazipurgondagondagondagondagondagorakhpurgorakhpurgorakhpurgorakhpurgorakhpurhamirpurhamirpurhamirpurhamirpurhamirpurhapurhapurhapurhapurhapurhardoihardoihardoihardoihardoihathrashathrashathrashathrashathrasjalaunjalaunjalaunjalaunjalaunjaunpurjaunpurjaunpurjaunpurjaunpurjhansijhansijhansijhansijhansikannaujkannaujkannaujkannaujkannaujkanpur dehatkanpur dehatkanpur dehatkanpur dehatkanpur dehatkasganjkasganjkasganjkasganjkasganjkaushambikaushambikaushambikaushambikaushambilakhimpur kherilakhimpur kherilakhimpur kherilakhimpur kherilakhimpur kherikushinagarkushinagarkushinagarkushinagarkushinagarlalitpurlalitpurlalitpurlalitpurlalitpurlucknowlucknowlucknowlucknowlucknowmaharajganjmaharajganjmaharajganjmaharajganjmaharajganjmahobamahobamahobamahobamahobamainpurimainpurimainpurimainpurimainpurimathuramathuramathuramathuramathuramaumaumaumaumaumeerutmeerutmeerutmeerutmeerutmirzapurmirzapurmirzapurmirzapurmirzapurmoradabadmoradabadmoradabadmoradabadmoradabadmuzaffarnagarmuzaffarnagarmuzaffarnagarmuzaffarnagarmuzaffarnagarpilibhitpilibhitpilibhitpilibhitpilibhitpratapgarhpratapgarhpratapgarhpratapgarhpratapgarhrae barelirae barelirae barelirae barelirae barelirampurrampurrampurrampurrampursaharanpursaharanpursaharanpursaharanpursaharanpursambhalsambhalsambhalsambhalsambhalsant kabeer nagarsant kabeer nagarsant kabeer nagarsant kabeer nagarsant kabeer nagarsant ravi das nagarsant ravi das nagarsant ravi das nagarsant ravi das nagarsant ravi das nagarshahajahanpurshahajahanpurshahajahanpurshahajahanpurshahajahanpurshamlishamlishamlishamlishamlishravastishravastishravastishravastishravastisiddharth nagarsiddharth nagarsiddharth nagarsiddharth nagarsiddharth nagarsitapursitapursitapursitapursitapursonbhadrasonbhadrasonbhadrasonbhadrasonbhadrasultanpursultanpursultanpursultanpursultanpurunnaounnaounnaounnaounnaovaranasivaranasivaranasivaranasivaranasiahmednagarahmednagarahmednagarahmednagarahmednagaramravatiamravatiamravatiamravatiamravatibeedbeedbeedbeedbeedbhandarabhandarabhandarabhandarabhandarachandrapurchandrapurchandrapurchandrapurchandrapurdhuledhuledhuledhuledhulegadchiroligadchiroligadchiroligadchiroligadchiroligondiagondiagondiagondiagondiakolhapurkolhapurkolhapurkolhapurkolhapurlaturlaturlaturlaturlaturnagpurnagpurnagpurnagpurnagpurnandednandednandednandednandednandurbarnandurbarnandurbarnandurbarnandurbarnashiknashiknashiknashiknashikosmanabadosmanabadosmanabadosmanabadosmanabadpalgharpalgharpalgharpalgharpalgharpunepunepunepunepuneraigadraigadraigadraigadraigadratnagiriratnagiriratnagiriratnagiriratnagirisanglisanglisanglisanglisanglisatarasatarasatarasatarasatarasindhudurgsindhudurgsindhudurgsindhudurgsindhudurgsolapursolapursolapursolapursolapurthanethanethanethanethaneanantnaganantnaganantnaganantnaganantnagbadgambadgambadgambadgambadgambandiporabandiporabandiporabandiporabandiporabaramullabaramullabaramullabaramullabaramulladodadodadodadodadodaganderbalganderbalganderbalganderbalganderbaljammujammujammujammujammukathuakathuakathuakathuakathuakishtwarkishtwarkishtwarkishtwarkishtwarkulgamkulgamkulgamkulgamkulgamkupwarakupwarakupwarakupwarakupwarapoonchpoonchpoonchpoonchpoonchpulwamapulwamapulwamapulwamapulwamarajaurirajaurirajaurirajaurirajaurirambanrambanrambanrambanrambanreasireasireasireasireasisambasambasambasambasambashopianshopianshopianshopianshopiansrinagarsrinagarsrinagarsrinagarsrinagarudhampurudhampurudhampurudhampurudhampurahmadabadahmadabadahmadabadahmadabadahmadabadanandanandanandanandanandaravalliaravalliaravalliaravalliaravallibharuchbharuchbharuchbharuchbharuchchhotaudepurchhotaudepurchhotaudepurchhotaudepurchhotaudepurdangdangdangdangdangdohaddohaddohaddohaddohadgandhinagargandhinagargandhinagargandhinagargandhinagarkhedakhedakhedakhedakhedamahesanamahesanamahesanamahesanamahesanamahisagarmahisagarmahisagarmahisagarmahisagarnarmadanarmadanarmadanarmadanarmadanavsarinavsarinavsarinavsarinavsaripanch mahalspanch mahalspanch mahalspanch mahalspanch mahalssabar kanthasabar kanthasabar kanthasabar kanthasabar kanthasuratsuratsuratsuratsuratsurendranagarsurendranagarsurendranagarsurendranagarsurendranagartapitapitapitapitapivadodaravadodaravadodaravadodaravadodaravalsadvalsadvalsadvalsadvalsadajmerajmerajmerajmerajmeralwaralwaralwaralwaralwarbanswarabanswarabanswarabanswarabanswarabaranbaranbaranbaranbaranbharatpurbharatpurbharatpurbharatpurbharatpurbhilwarabhilwarabhilwarabhilwarabhilwarabundibundibundibundibundichittorgarhchittorgarhchittorgarhchittorgarhchittorgarhdholpurdholpurdholpurdholpurdholpurdungarpurdungarpurdungarpurdungarpurdungarpurganganagarganganagarganganagarganganagarganganagarhanumangarhhanumangarhhanumangarhhanumangarhhanumangarhjhalawarjhalawarjhalawarjhalawarjhalawarkaraulikaraulikaraulikaraulikaraulikotakotakotakotakotarajsamandrajsamandrajsamandrajsamandrajsamandsawai madhopursawai madhopursawai madhopursawai madhopursawai madhopurtonktonktonktonktonkudaipurudaipurudaipurudaipurudaipurarariaarariaarariaarariaarariaarwalarwalarwalarwalarwalaurangabadaurangabadaurangabadaurangabadaurangabadbankabankabankabankabankabegusaraibegusaraibegusaraibegusaraibegusaraibhagalpurbhagalpurbhagalpurbhagalpurbhagalpurbhojpurbhojpurbhojpurbhojpurbhojpurbuxarbuxarbuxarbuxarbuxardarbhangadarbhangadarbhangadarbhangadarbhangagayagayagayagayagayagopalganjgopalganjgopalganjgopalganjgopalganjjamuijamuijamuijamuijamuijehanabadjehanabadjehanabadjehanabadjehanabadkaimurkaimurkaimurkaimurkaimurkatiharkatiharkatiharkatiharkatiharkhagariakhagariakhagariakhagariakhagariakishanganjkishanganjkishanganjkishanganjkishanganjlakhisarailakhisarailakhisarailakhisarailakhisaraimadhepuramadhepuramadhepuramadhepuramadhepuramadhubanimadhubanimadhubanimadhubanimadhubanimungermungermungermungermungermuzaffarpurmuzaffarpurmuzaffarpurmuzaffarpurmuzaffarpurnalandanalandanalandanalandanalandanawadanawadanawadanawadanawadapashchim champaranpashchim champaranpashchim champaranpashchim champaranpashchim champaranpatnapatnapatnapatnapatnapurbi champaranpurbi champaranpurbi champaranpurbi champaranpurbi champaranpurniapurniapurniapurniapurniarohtasrohtasrohtasrohtasrohtassaharsasaharsasaharsasaharsasaharsasamastipursamastipursamastipursamastipursamastipursaransaransaransaransaransheikhpurasheikhpurasheikhpurasheikhpurasheikhpurasheoharsheoharsheoharsheoharsheoharsitamarhisitamarhisitamarhisitamarhisitamarhisiwansiwansiwansiwansiwansupaulsupaulsupaulsupaulsupaulvaishalivaishalivaishalivaishalivaishalidinajpur dakshindinajpur dakshindinajpur dakshindinajpur dakshindinajpur dakshindinajpur uttardinajpur uttardinajpur uttardinajpur uttardinajpur uttarpaschim bardhamanpaschim bardhamanpaschim bardhamanpaschim bardhamanpaschim bardhamanpurba bardhamanpurba bardhamanpurba bardhamanpurba bardhamanpurba bardhamanpuruliapuruliapuruliapuruliapurulianagapattinamnagapattinamnagapattinamnagapattinamnagapattinamvirudunagarvirudunagarvirudunagarvirudunagarvirudunagaranugulanugulanugulanugulanugulbalangirbalangirbalangirbalangirbalangirbaleshwarbaleshwarbaleshwarbaleshwarbaleshwarbargarhbargarhbargarhbargarhbargarhbhadrakbhadrakbhadrakbhadrakbhadrakboudhboudhboudhboudhboudhcuttackcuttackcuttackcuttackcuttackdeogarhdeogarhdeogarhdeogarhdeogarhdhenkanaldhenkanaldhenkanaldhenkanaldhenkanalgajapatigajapatigajapatigajapatigajapatiganjamganjamganjamganjamganjamjagatsinghapurjagatsinghapurjagatsinghapurjagatsinghapurjagatsinghapurjajapurjajapurjajapurjajapurjajapurjharsugudajharsugudajharsugudajharsugudajharsugudakalahandikalahandikalahandikalahandikalahandikandhamalkandhamalkandhamalkandhamalkandhamalkendraparakendraparakendraparakendraparakendraparakendujharkendujharkendujharkendujharkendujharkhordhakhordhakhordhakhordhakhordhakoraputkoraputkoraputkoraputkoraputmalkangirimalkangirimalkangirimalkangirimalkangirimayurbhanjmayurbhanjmayurbhanjmayurbhanjmayurbhanjnabarangpurnabarangpurnabarangpurnabarangpurnabarangpurnayagarhnayagarhnayagarhnayagarhnayagarhnuapadanuapadanuapadanuapadanuapadapuripuripuripuripurirayagadarayagadarayagadarayagadarayagadasambalpursambalpursambalpursambalpursambalpursonepursonepursonepursonepursonepursundargarhsundargarhsundargarhsundargarhsundargarhbaksabaksabaksabaksabaksabarpetabarpetabarpetabarpetabarpetabongaigaonbongaigaonbongaigaonbongaigaonbongaigaoncacharcacharcacharcacharcacharchirangchirangchirangchirangchirangdarrangdarrangdarrangdarrangdarrangdhemajidhemajidhemajidhemajidhemajidhubridhubridhubridhubridhubridibrugarhdibrugarhdibrugarhdibrugarhdibrugarhdima hasaodima hasaodima hasaodima hasaodima hasaogoalparagoalparagoalparagoalparagoalparagolaghatgolaghatgolaghatgolaghatgolaghathailakandihailakandihailakandihailakandihailakandijorhatjorhatjorhatjorhatjorhatkamrupkamrupkamrupkamrupkamrupkarbi anglongkarbi anglongkarbi anglongkarbi anglongkarbi anglongkarimganjkarimganjkarimganjkarimganjkarimganjkokrajharkokrajharkokrajharkokrajharkokrajharlakhimpurlakhimpurlakhimpurlakhimpurlakhimpurmorigaonmorigaonmorigaonmorigaonmorigaonnagaonnagaonnagaonnagaonnagaonnalbarinalbarinalbarinalbarinalbarisivasagarsivasagarsivasagarsivasagarsivasagarsonitpursonitpursonitpursonitpursonitpurtinsukiatinsukiatinsukiatinsukiatinsukiaudalguriudalguriudalguriudalguriudalguribokarobokarobokarobokarobokarochatrachatrachatrachatrachatradeoghardeoghardeoghardeoghardeoghardhanbaddhanbaddhanbaddhanbaddhanbaddumkadumkadumkadumkadumkaeast singhbumeast singhbumeast singhbumeast singhbumeast singhbumgarhwagarhwagarhwagarhwagarhwagiridihgiridihgiridihgiridihgiridihgoddagoddagoddagoddagoddagumlagumlagumlagumlagumlahazaribaghhazaribaghhazaribaghhazaribaghhazaribaghjamtarajamtarajamtarajamtarajamtarakhuntikhuntikhuntikhuntikhuntikodermakodermakodermakodermakodermalateharlateharlateharlateharlateharlohardagalohardagalohardagalohardagalohardagapakurpakurpakurpakurpakurpalamupalamupalamupalamupalamuramgarhramgarhramgarhramgarhramgarhranchiranchiranchiranchiranchisahibganjsahibganjsahibganjsahibganjsahibganjsaraikelakharsawansaraikelakharsawansaraikelakharsawansaraikelakharsawansaraikelakharsawansimdegasimdegasimdegasimdegasimdegawest singhbhumwest singhbhumwest singhbhumwest singhbhumwest singhbhumbilaspurbilaspurbilaspurbilaspurbilaspurchambachambachambachambachambakangrakangrakangrakangrakangrakinnaurkinnaurkinnaurkinnaurkinnaurkullukullukullukullukullumandimandimandimandimandishimlashimlashimlashimlashimlasirmaursirmaursirmaursirmaursirmaursolansolansolansolansolanunaunaunaunaunakaimur (bhabua)kaimur (bhabua)kaimur (bhabua)kaimur (bhabua)kaimur (bhabua)baloda bazarbaloda bazarbaloda bazarbaloda bazarbaloda bazaruttar bastar kankeruttar bastar kankeruttar bastar kankeruttar bastar kankeruttar bastar kankerbemetarabemetarabemetarabemetarabemetarabijapurbijapurbijapurbijapurbijapurdantewadadantewadadantewadadantewadadantewadadhamtaridhamtaridhamtaridhamtaridhamtaridurgdurgdurgdurgdurggariabandgariabandgariabandgariabandgariabandjanjgirchampajanjgirchampajanjgirchampajanjgirchampajanjgirchampajashpurjashpurjashpurjashpurjashpurkabirdhamkabirdhamkabirdhamkabirdhamkabirdhamkondagaonkondagaonkondagaonkondagaonkondagaonkorbakorbakorbakorbakorbakoreakoreakoreakoreakoreamahasamundmahasamundmahasamundmahasamundmahasamundmungelimungelimungelimungelimungelinarayanpurnarayanpurnarayanpurnarayanpurnarayanpurraigarhraigarhraigarhraigarhraigarhraipurraipurraipurraipurraipurrajnandgaonrajnandgaonrajnandgaonrajnandgaonrajnandgaonsukmasukmasukmasukmasukmasurajpursurajpursurajpursurajpursurajpursurgujasurgujasurgujasurgujasurgujalahul and spitilahul and spitilahul and spitilahul and spitilahul and spitiarvalliarvalliarvalliarvalliarvallibanas kanthabanas kanthabanas kanthabanas kanthabanas kanthadevbhumi dwarkadevbhumi dwarkadevbhumi dwarkadevbhumi dwarkadevbhumi dwarkakachchhkachchhkachchhkachchhkachchhpatanpatanpatanpatanpatanrajkotrajkotrajkotrajkotrajkotahmadnagarahmadnagarahmadnagarahmadnagarahmadnagarakolaakolaakolaakolaakolabuldhanabuldhanabuldhanabuldhanabuldhanahingolihingolihingolihingolihingolijalgaonjalgaonjalgaonjalgaonjalgaonjalnajalnajalnajalnajalnaparbhaniparbhaniparbhaniparbhaniparbhaniwashimwashimwashimwashimwashimyavatmalyavatmalyavatmalyavatmalyavatmalagar malwaagar malwaagar malwaagar malwaagar malwaalirajpuralirajpuralirajpuralirajpuralirajpuranuppuranuppuranuppuranuppuranuppurashoknagarashoknagarashoknagarashoknagarashoknagarbalaghatbalaghatbalaghatbalaghatbalaghatbarwanibarwanibarwanibarwanibarwanibetulbetulbetulbetulbetulbhopalbhopalbhopalbhopalbhopalburhanpurburhanpurburhanpurburhanpurburhanpurchhatarpurchhatarpurchhatarpurchhatarpurchhatarpurchhindwarachhindwarachhindwarachhindwarachhindwaradamohdamohdamohdamohdamohdatiadatiadatiadatiadatiadewasdewasdewasdewasdewasdhardhardhardhardhardindoridindoridindoridindoridindorigunagunagunagunagunagwaliorgwaliorgwaliorgwaliorgwaliorhardahardahardahardahardahoshangabadhoshangabadhoshangabadhoshangabadhoshangabadindoreindoreindoreindoreindorejabalpurjabalpurjabalpurjabalpurjabalpurjhabuajhabuajhabuajhabuajhabuakatnikatnikatnikatnikatnikhandwakhandwakhandwakhandwakhandwakhargonekhargonekhargonekhargonekhargonemandlamandlamandlamandlamandlamandsaurmandsaurmandsaurmandsaurmandsaurmorenamorenamorenamorenamorenanarsinghpurnarsinghpurnarsinghpurnarsinghpurnarsinghpurneemuchneemuchneemuchneemuchneemuchpannapannapannapannapannaraisenraisenraisenraisenraisenrajgarhrajgarhrajgarhrajgarhrajgarhratlamratlamratlamratlamratlamrewarewarewarewarewasagarsagarsagarsagarsagarsatnasatnasatnasatnasatnasehoresehoresehoresehoresehoreseoniseoniseoniseoniseonishahdolshahdolshahdolshahdolshahdolshajapurshajapurshajapurshajapurshajapursheopursheopursheopursheopursheopurshivpurishivpurishivpurishivpurishivpurisidhisidhisidhisidhisidhisingraulisingraulisingraulisingraulisingraulitikamgarhtikamgarhtikamgarhtikamgarhtikamgarhujjainujjainujjainujjainujjainumariaumariaumariaumariaumariavidishavidishavidishavidishavidishabarmerbarmerbarmerbarmerbarmerchittaurgarhchittaurgarhchittaurgarhchittaurgarhchittaurgarhchuruchuruchuruchuruchurudausadausadausadausadausajaipurjaipurjaipurjaipurjaipurjalorejalorejalorejalorejalorejodhpurjodhpurjodhpurjodhpurjodhpurnagaurnagaurnagaurnagaurnagaurpalipalipalipalipalisikarsikarsikarsikarsikarsirohisirohisirohisirohisirohiharidwarharidwarharidwarharidwarharidwarudam singh nagarudam singh nagarudam singh nagarudam singh nagarudam singh nagarkanchipuramkanchipuramkanchipuramkanchipuramkanchipuramvillupuramvillupuramvillupuramvillupuramvillupurambhindbhindbhindbhindbhindbagalkotebagalkotebagalkotebagalkotebagalkotebuldanabuldanabuldanabuldanabuldanawardhawardhawardhawardhawardhasahebganjsahebganjsahebganjsahebganjsahebganjsaraikela kharsawansaraikela kharsawansaraikela kharsawansaraikela kharsawansaraikela kharsawangautam buddha nagargautam buddha nagargautam buddha nagargautam buddha nagargautam buddha nagarkherikherikherikherikherikushi nagarkushi nagarkushi nagarkushi nagarkushi nagarsant ravidas nagarsant ravidas nagarsant ravidas nagarsant ravidas nagarsant ravidas nagarmahendragarhmahendragarhmahendragarhmahendragarhmahendragarhjamnagarjamnagarjamnagarjamnagarjamnagarchamrajnagarchamrajnagarchamrajnagarchamrajnagarchamrajnagartumkurtumkurtumkurtumkurtumkurbalodbalodbalodbalodbalodbastarbastarbastarbastarbastargariyabandgariyabandgariyabandgariyabandgariyabandjanjgir-champajanjgir-champajanjgir-champajanjgir-champajanjgir-champakankerkankerkankerkankerkankeramreliamreliamreliamreliamrelibhavnagarbhavnagarbhavnagarbhavnagarbhavnagarbotadbotadbotadbotadbotadgir somnathgir somnathgir somnathgir somnathgir somnathjunagadhjunagadhjunagadhjunagadhjunagadhmorbimorbimorbimorbimorbikamrup metrokamrup metrokamrup metrokamrup metrokamrup metromarigaonmarigaonmarigaonmarigaonmarigaonbikanerbikanerbikanerbikanerbikanerjaisalmerjaisalmerjaisalmerjaisalmerjaisalmerjhunjhununjhunjhununjhunjhununjhunjhununjhunjhununshahjahanpurshahjahanpurshahjahanpurshahjahanpurshahjahanpurnicobarsnicobarsnicobarsnicobarsnicobarsnorth and middle andamannorth and middle andamannorth and middle andamannorth and middle andamannorth and middle andamansouth andamanssouth andamanssouth andamanssouth andamanssouth andamansanjawanjawanjawanjawanjawchanglangchanglangchanglangchanglangchanglangdibang valleydibang valleydibang valleydibang valleydibang valleyeast kamengeast kamengeast kamengeast kamengeast kamengeast siangeast siangeast siangeast siangeast siangkra daadikra daadikra daadikra daadikra daadikurung kumeykurung kumeykurung kumeykurung kumeykurung kumeylohitlohitlohitlohitlohitlongdinglongdinglongdinglongdinglongdinglower dibang valleylower dibang valleylower dibang valleylower dibang valleylower dibang valleylower subansirilower subansirilower subansirilower subansirilower subansirinamsainamsainamsainamsainamsaipapum parepapum parepapum parepapum parepapum paresiangsiangsiangsiangsiangtawangtawangtawangtawangtawangtiraptiraptiraptiraptirapupper siangupper siangupper siangupper siangupper siangupper subansiriupper subansiriupper subansiriupper subansiriupper subansiriwest kamengwest kamengwest kamengwest kamengwest kamengwest siangwest siangwest siangwest siangwest siangchandigarhchandigarhchandigarhchandigarhchandigarhdadra and nagar havelidadra and nagar havelidadra and nagar havelidadra and nagar havelidadra and nagar havelibishnupurbishnupurbishnupurbishnupurbishnupurchandelchandelchandelchandelchandelchurachandpurchurachandpurchurachandpurchurachandpurchurachandpurimphal eastimphal eastimphal eastimphal eastimphal eastimphal westimphal westimphal westimphal westimphal westsenapatisenapatisenapatisenapatisenapatitamenglongtamenglongtamenglongtamenglongtamenglongthoubalthoubalthoubalthoubalthoubalukhrulukhrulukhrulukhrulukhruleast garo hillseast garo hillseast garo hillseast garo hillseast garo hillseast jaintia hillseast jaintia hillseast jaintia hillseast jaintia hillseast jaintia hillseast khasi hillseast khasi hillseast khasi hillseast khasi hillseast khasi hillsnorth garo hillsnorth garo hillsnorth garo hillsnorth garo hillsnorth garo hillsri bhoiri bhoiri bhoiri bhoiri bhoisouth garo hillssouth garo hillssouth garo hillssouth garo hillssouth garo hillssouth west garo hillssouth west garo hillssouth west garo hillssouth west garo hillssouth west garo hillssouth west khasi hillssouth west khasi hillssouth west khasi hillssouth west khasi hillssouth west khasi hillswest garo hillswest garo hillswest garo hillswest garo hillswest garo hillswest jaintia hillswest jaintia hillswest jaintia hillswest jaintia hillswest jaintia hillswest khasi hillswest khasi hillswest khasi hillswest khasi hillswest khasi hillsaizawlaizawlaizawlaizawlaizawlchamphaichamphaichamphaichamphaichamphaikolasibkolasibkolasibkolasibkolasiblawngtlailawngtlailawngtlailawngtlailawngtlailungleilungleilungleilungleilungleimamitmamitmamitmamitmamitsaihasaihasaihasaihasaihaserchhipserchhipserchhipserchhipserchhipdimapurdimapurdimapurdimapurdimapurkiphirekiphirekiphirekiphirekiphirekohimakohimakohimakohimakohimalonglenglonglenglonglenglonglenglonglengmokokchungmokokchungmokokchungmokokchungmokokchungmonmonmonmonmonperenperenperenperenperenphekphekphekphekphektuensangtuensangtuensangtuensangtuensangwokhawokhawokhawokhawokhazunhebotozunhebotozunhebotozunhebotozunhebotokaraikalkaraikalkaraikalkaraikalkaraikalpondicherrypondicherrypondicherrypondicherrypondicherryyanamyanamyanamyanamyanameast districteast districteast districteast districteast districtnorth districtnorth districtnorth districtnorth districtnorth districtsouth districtsouth districtsouth districtsouth districtsouth districtwest districtwest districtwest districtwest districtwest districtadilabadadilabadadilabadadilabadadilabadbhadradribhadradribhadradribhadradribhadradrihanumakondahanumakondahanumakondahanumakondahanumakondajagitialjagitialjagitialjagitialjagitialjangoanjangoanjangoanjangoanjangoanjayashankarjayashankarjayashankarjayashankarjayashankarjogulambajogulambajogulambajogulambajogulambakamareddykamareddykamareddykamareddykamareddykarimnagarkarimnagarkarimnagarkarimnagarkarimnagarkhammamkhammamkhammamkhammamkhammamkomaram bheem asifabadkomaram bheem asifabadkomaram bheem asifabadkomaram bheem asifabadkomaram bheem asifabadmahabubabadmahabubabadmahabubabadmahabubabadmahabubabadmahbubnagarmahbubnagarmahbubnagarmahbubnagarmahbubnagarmancherialmancherialmancherialmancherialmancherialmedakmedakmedakmedakmedakmedchal malkajgirimedchal malkajgirimedchal malkajgirimedchal malkajgirimedchal malkajgirinagarkurnoolnagarkurnoolnagarkurnoolnagarkurnoolnagarkurnoolnalgondanalgondanalgondanalgondanalgondanirmalnirmalnirmalnirmalnirmalnizamabadnizamabadnizamabadnizamabadnizamabadpeddapallipeddapallipeddapallipeddapallipeddapallirajannarajannarajannarajannarajannarangareddirangareddirangareddirangareddirangareddisangareddysangareddysangareddysangareddysangareddysiddipetsiddipetsiddipetsiddipetsiddipetsuryapetsuryapetsuryapetsuryapetsuryapetvikarabadvikarabadvikarabadvikarabadvikarabadwanaparthywanaparthywanaparthywanaparthywanaparthywarangalwarangalwarangalwarangalwarangalyadadriyadadriyadadriyadadriyadadridhalaidhalaidhalaidhalaidhalaigomatigomatigomatigomatigomatikhowaikhowaikhowaikhowaikhowainorth tripuranorth tripuranorth tripuranorth tripuranorth tripurasepahijalasepahijalasepahijalasepahijalasepahijalasouth tripurasouth tripurasouth tripurasouth tripurasouth tripuraunakotiunakotiunakotiunakotiunakotiwest tripurawest tripurawest tripurawest tripurawest tripura,ricemaizebajraragijowarricemaizebajraragijowarricemaizebajraragijowarricemaizebajraragijowarricemaizebajraragijowarricemaizebajraragijowarricemaizebajraragijowarricemaizebajraragijowarricemaizebajraragijowarricemaizebajraragijowarricemaizebajraragijowarricemaizebajraragijowarricemaizebajraragijowarricemaizebajraragijowarricemaizebajraragijowarricemaizebajraragijowarricemaizebajraragijowarricemaizebajraragijowarricemaizebajraragijowarricemaizebajraragijowarricemaizebajraragijowarricemaizebajraragijowarricemaizebajraragijowarricemaizebajraragijowarricemaizebajraragijowarricemaizebajraragijowarricemaizebajraragijowarricemaizebajraragijowarricemaizebajraragijowarricemaizebajraragijowarricemaizebajraragijowarricemaizebajraragijowarricemaizebajraragijowarricemaizebajraragijowarricemaizebajraragijowarricemaizebajraragijowarricemaizebajraragijowarricemaizebajraragijowarricemaizebajraragijowarricemaizebajraragijowarricemaizebajraragijowarricemaizebajraragijowarricemaizebajraragijowarricemaizebajraragijowarricemaizebajraragijowarricemaizebajraragijowarricemaizebajraragijowarricemaizebajraragijowarricemaizebajraragijowarricemaizebajraragijowarricemaizebajraragijowarricemaizebajraragijowarricemaizebajraragijowarricemaizebajraragijowarricemaizebajraragijowarricemaizebajraragijowarricemaizebajraragijowarricemaizebajraragijowarricemaizebajraragijowarricemaizebajraragijowarricemaizebajraragijowarricemaizebajraragijowarricemaizebajraragijowarricemaizebajraragijowarricemaizebajraragijowarricemaizebajraragijowarricemaizebajraragijowarricemaizebajraragijowarricemaizebajraragijowarricemaizebajraragijowarricemaizebajraragijowarricemaizebajraragijowarricemaizebajraragijowarricemaizebajraragijowarricemaizebajraragijowarricemaizebajraragijowarricemaizebajraragijowarricemaizebajraragijowarricemaizebajraragijowarricemaizebajraragijowarricemaizebajraragijowarricemaizebajraragijowarricemaizebajraragijowarricemaizebajraragijowarricemaizebajraragijowarricemaizebajraragijowarricemaizebajraragijowarricemaizebajraragijowarricemaizebajraragijowarricemaizebajraragijowarricemaizebajraragijowarricemaizebajraragijowarricemaizebajraragijowarricemaizebajraragijowarricemaizebajraragijowarricemaizebajraragijowarricemaizebajraragijowarricemaizebajraragijowarricemaizebajraragijowarricemaizebajraragijowarricemaizebajraragijowarricemaizebajraragijowarricemaizebajraragijowarricemaizebajraragijowarricemaizebajraragijowarricemaizebajraragijowarricemaizebajraragijowarricemaizebajraragijowarricemaizebajraragijowarricemaizebajraragijowarricemaizebajraragijowarricemaizebajraragijowarricemaizebajraragijowarricemaizebajraragijowarricemaizebajraragijowarricemaizebajraragijowarricemaizebajraragijowarricemaizebajraragijowarricemaizebajraragijowarricemaizebajraragijowarricemaizebajraragijowarricemaizebajraragijowarricemaizebajraragijowarricemaizebajraragijowarricemaizebajraragijowarricemaizebajraragijowarricemaizebajraragijowarricemaizebajraragijowarricemaizebajraragijowarricemaizebajraragijowarricemaizebajraragijowarricemaizebajraragijowarricemaizebajraragijowarricemaizebajraragijowarricemaizebajraragijowarricemaizebajraragijowarricemaizebajraragijowarricemaizebajraragijowarricemaizebajraragijowarricemaizebajraragijowarricemaizebajraragijowarricemaizebajraragijowarricemaizebajraragijowarricemaizebajraragijowarricemaizebajraragijowarricemaizebajraragijowarricemaizebajraragijowarricemaizebajraragijowarricemaizebajraragijowarricemaizebajraragijowarricemaizebajraragijowarricemaizebajraragijowarricemaizebajraragijowarricemaizebajraragijowarricemaizebajraragijowarricemaizebajraragijowarricemaizebajraragijowarricemaizebajraragijowarricemaizebajraragijowarricemaizebajraragijowarricemaizebajraragijowarricemaizebajraragijowarricemaizebajraragijowarricemaizebajraragijowarricemaizebajraragijowarricemaizebajraragijowarricemaizebajraragijowarricemaizebajraragijowarricemaizebajraragijowarricemaizebajraragijowarricemaizebajraragijowarricemaizebajraragijowarricemaizebajraragijowarricemaizebajraragijowarricemaizebajraragijowarricemaizebajraragijowarricemaizebajraragijowarricemaizebajraragijowarricemaizebajraragijowarricemaizebajraragijowarricemaizebajraragijowarricemaizebajraragijowarricemaizebajraragijowarricemaizebajraragijowarricemaizebajraragijowarricemaizebajraragijowarricemaizebajraragijowarricemaizebajraragijowarricemaizebajraragijowarricemaizebajraragijowarricemaizebajraragijowarricemaizebajraragijowarricemaizebajraragijowarricemaizebajraragijowarricemaizebajraragijowarricemaizebajraragijowarricemaizebajraragijowarricemaizebajraragijowarricemaizebajraragijowarricemaizebajraragijowarricemaizebajraragijowarricemaizebajraragijowarricemaizebajraragijowarricemaizebajraragijowarricemaizebajraragijowarricemaizebajraragijowarricemaizebajraragijowarricemaizebajraragijowarricemaizebajraragijowarricemaizebajraragijowarricemaizebajraragijowarricemaizebajraragijowarricemaizebajraragijowarricemaizebajraragijowarricemaizebajraragijowarricemaizebajraragijowarricemaizebajraragijowarricemaizebajraragijowarricemaizebajraragijowarricemaizebajraragijowarricemaizebajraragijowarricemaizebajraragijowarricemaizebajraragijowarricemaizebajraragijowarricemaizebajraragijowarricemaizebajraragijowarricemaizebajraragijowarricemaizebajraragijowarricemaizebajraragijowarricemaizebajraragijowarricemaizebajraragijowarricemaizebajraragijowarricemaizebajraragijowarricemaizebajraragijowarricemaizebajraragijowarricemaizebajraragijowarricemaizebajraragijowarricemaizebajraragijowarricemaizebajraragijowarricemaizebajraragijowarricemaizebajraragijowarricemaizebajraragijowarricemaizebajraragijowarricemaizebajraragijowarricemaizebajraragijowarricemaizebajraragijowarricemaizebajraragijowarricemaizebajraragijowarricemaizebajraragijowarricemaizebajraragijowarricemaizebajraragijowarricemaizebajraragijowarricemaizebajraragijowarricemaizebajraragijowarricemaizebajraragijowarricemaizebajraragijowarricemaizebajraragijowarricemaizebajraragijowarricemaizebajraragijowarricemaizebajraragijowarricemaizebajraragijowarricemaizebajraragijowarricemaizebajraragijowarricemaizebajraragijowarricemaizebajraragijowarricemaizebajraragijowarricemaizebajraragijowarricemaizebajraragijowarricemaizebajraragijowarricemaizebajraragijowarricemaizebajraragijowarricemaizebajraragijowarricemaizebajraragijowarricemaizebajraragijowarricemaizebajraragijowarricemaizebajraragijowarricemaizebajraragijowarricemaizebajraragijowarricemaizebajraragijowarricemaizebajraragijowarricemaizebajraragijowarricemaizebajraragijowarricemaizebajraragijowarricemaizebajraragijowarricemaizebajraragijowarricemaizebajraragijowarricemaizebajraragijowarricemaizebajraragijowarricemaizebajraragijowarricemaizebajraragijowarricemaizebajraragijowarricemaizebajraragijowarricemaizebajraragijowarricemaizebajraragijowarricemaizebajraragijowarricemaizebajraragijowarricemaizebajraragijowarricemaizebajraragijowarricemaizebajraragijowarricemaizebajraragijowarricemaizebajraragijowarricemaizebajraragijowarricemaizebajraragijowarricemaizebajraragijowarricemaizebajraragijowarricemaizebajraragijowarricemaizebajraragijowarricemaizebajraragijowarricemaizebajraragijowarricemaizebajraragijowarricemaizebajraragijowarricemaizebajraragijowarricemaizebajraragijowarricemaizebajraragijowarricemaizebajraragijowarricemaizebajraragijowarricemaizebajraragijowarricemaizebajraragijowarricemaizebajraragijowarricemaizebajraragijowarricemaizebajraragijowarricemaizebajraragijowarricemaizebajraragijowarricemaizebajraragijowarricemaizebajraragijowarricemaizebajraragijowarricemaizebajraragijowarricemaizebajraragijowarricemaizebajraragijowarricemaizebajraragijowarricemaizebajraragijowarricemaizebajraragijowarricemaizebajraragijowarricemaizebajraragijowarricemaizebajraragijowarricemaizebajraragijowarricemaizebajraragijowarricemaizebajraragijowarricemaizebajraragijowarricemaizebajraragijowarricemaizebajraragijowarricemaizebajraragijowarricemaizebajraragijowarricemaizebajraragijowarricemaizebajraragijowarricemaizebajraragijowarricemaizebajraragijowarricemaizebajraragijowarricemaizebajraragijowarricemaizebajraragijowarricemaizebajraragijowarricemaizebajraragijowarricemaizebajraragijowarricemaizebajraragijowarricemaizebajraragijowarricemaizebajraragijowarricemaizebajraragijowarricemaizebajraragijowarricemaizebajraragijowarricemaizebajraragijowarricemaizebajraragijowarricemaizebajraragijowarricemaizebajraragijowarricemaizebajraragijowarricemaizebajraragijowarricemaizebajraragijowarricemaizebajraragijowarricemaizebajraragijowarricemaizebajraragijowarricemaizebajraragijowarricemaizebajraragijowarricemaizebajraragijowarricemaizebajraragijowarricemaizebajraragijowarricemaizebajraragijowarricemaizebajraragijowarricemaizebajraragijowarricemaizebajraragijowarricemaizebajraragijowarricemaizebajraragijowarricemaizebajraragijowarricemaizebajraragijowarricemaizebajraragijowarricemaizebajraragijowarricemaizebajraragijowarricemaizebajraragijowarricemaizebajraragijowarricemaizebajraragijowarricemaizebajraragijowarricemaizebajraragijowarricemaizebajraragijowarricemaizebajraragijowarricemaizebajraragijowarricemaizebajraragijowarricemaizebajraragijowarricemaizebajraragijowarricemaizebajraragijowarricemaizebajraragijowarricemaizebajraragijowarricemaizebajraragijowarricemaizebajraragijowarricemaizebajraragijowarricemaizebajraragijowarricemaizebajraragijowarricemaizebajraragijowarricemaizebajraragijowarricemaizebajraragijowarricemaizebajraragijowarricemaizebajraragijowarricemaizebajraragijowarricemaizebajraragijowarricemaizebajraragijowarricemaizebajraragijowarricemaizebajraragijowarricemaizebajraragijowarricemaizebajraragijowarricemaizebajraragijowarricemaizebajraragijowarricemaizebajraragijowarricemaizebajraragijowarricemaizebajraragijowarricemaizebajraragijowarricemaizebajraragijowarricemaizebajraragijowarricemaizebajraragijowarricemaizebajraragijowarricemaizebajraragijowarricemaizebajraragijowarricemaizebajraragijowarricemaizebajraragijowarricemaizebajraragijowarricemaizebajraragijowarricemaizebajraragijowarricemaizebajraragijowarricemaizebajraragijowarricemaizebajraragijowarricemaizebajraragijowarricemaizebajraragijowarricemaizebajraragijowarricemaizebajraragijowarricemaizebajraragijowarricemaizebajraragijowarricemaizebajraragijowarricemaizebajraragijowarricemaizebajraragijowarricemaizebajraragijowarricemaizebajraragijowarricemaizebajraragijowarricemaizebajraragijowarricemaizebajraragijowarricemaizebajraragijowarricemaizebajraragijowarricemaizebajraragijowarricemaizebajraragijowarricemaizebajraragijowarricemaizebajraragijowarricemaizebajraragijowarricemaizebajraragijowarricemaizebajraragijowarricemaizebajraragijowarricemaizebajraragijowarricemaizebajraragijowarricemaizebajraragijowarricemaizebajraragijowarricemaizebajraragijowarricemaizebajraragijowarricemaizebajraragijowarricemaizebajraragijowarricemaizebajraragijowarricemaizebajraragijowarricemaizebajraragijowarricemaizebajraragijowarricemaizebajraragijowarricemaizebajraragijowarricemaizebajraragijowarricemaizebajraragijowarricemaizebajraragijowarricemaizebajraragijowarricemaizebajraragijowarricemaizebajraragijowarricemaizebajraragijowarricemaizebajraragijowarricemaizebajraragijowarricemaizebajraragijowarricemaizebajraragijowarricemaizebajraragijowarricemaizebajraragijowarricemaizebajraragijowarricemaizebajraragijowarricemaizebajraragijowarricemaizebajraragijowarricemaizebajraragijowarricemaizebajraragijowarricemaizebajraragijowarricemaizebajraragijowarricemaizebajraragijowarricemaizebajraragijowarricemaizebajraragijowarricemaizebajraragijowarricemaizebajraragijowarricemaizebajraragijowarricemaizebajraragijowarricemaizebajraragijowarricemaizebajraragijowarricemaizebajraragijowarricemaizebajraragijowarricemaizebajraragijowarricemaizebajraragijowarricemaizebajraragijowarricemaizebajraragijowarricemaizebajraragijowarricemaizebajraragijowarricemaizebajraragijowarricemaizebajraragijowarricemaizebajraragijowarricemaizebajraragijowarricemaizebajraragijowarricemaizebajraragijowarricemaizebajraragijowarricemaizebajraragijowarricemaizebajraragijowarricemaizebajraragijowarricemaizebajraragijowarricemaizebajraragijowarricemaizebajraragijowarricemaizebajraragijowarricemaizebajraragijowarricemaizebajraragijowarricemaizebajraragijowarricemaizebajraragijowarricemaizebajraragijowarricemaizebajraragijowarricemaizebajraragijowarricemaizebajraragijowarricemaizebajraragijowarricemaizebajraragijowarricemaizebajraragijowarricemaizebajraragijowarricemaizebajraragijowarricemaizebajraragijowarricemaizebajraragijowarricemaizebajraragijowarricemaizebajraragijowarricemaizebajraragijowarricemaizebajraragijowarricemaizebajraragijowarricemaizebajraragijowarricemaizebajraragijowarricemaizebajraragijowarricemaizebajraragijowarricemaizebajraragijowarricemaizebajraragijowarricemaizebajraragijowarricemaizebajraragijowarricemaizebajraragijowarricemaizebajraragijowarricemaizebajraragijowarricemaizebajraragijowarricemaizebajraragijowarricemaizebajraragijowarricemaizebajraragijowarricemaizebajraragijowarricemaizebajraragijowarricemaizebajraragijowarricemaizebajraragijowarricemaizebajraragijowarricemaizebajraragijowarricemaizebajraragijowarricemaizebajraragijowarricemaizebajraragijowarricemaizebajraragijowarricemaizebajraragijowarricemaizebajraragijowarricemaizebajraragijowarricemaizebajraragijowarricemaizebajraragijowarricemaizebajraragijowarricemaizebajraragijowarricemaizebajraragijowarricemaizebajraragijowarricemaizebajraragijowarricemaizebajraragijowarricemaizebajraragijowarricemaizebajraragijowarricemaizebajraragijowarricemaizebajraragijowarricemaizebajraragijowarricemaizebajraragijowarricemaizebajraragijowarricemaizebajraragijowarricemaizebajraragijowarricemaizebajraragijowarricemaizebajraragijowarricemaizebajraragijowarricemaizebajraragijowarricemaizebajraragijowarricemaizebajraragijowarricemaizebajraragijowarricemaizebajraragijowarricemaizebajraragijowarricemaizebajraragijowarricemaizebajraragijowarricemaizebajraragijowarricemaizebajraragijowarricemaizebajraragijowarricemaizebajraragijowarricemaizebajraragijowarricemaizebajraragijowarricemaizebajraragijowarricemaizebajraragijowarricemaizebajraragijowarricemaizebajraragijowarricemaizebajraragijowarricemaizebajraragijowarricemaizebajraragijowarricemaizebajraragijowarricemaizebajraragijowarricemaizebajraragijowarricemaizebajraragijowarricemaizebajraragijowarricemaizebajraragijowarricemaizebajraragijowarricemaizebajraragijowarricemaizebajraragijowarricemaizebajraragijowarricemaizebajraragijowarricemaizebajraragijowarricemaizebajraragijowarricemaizebajraragijowarricemaizebajraragijowarricemaizebajraragijowarricemaizebajraragijowarricemaizebajraragijowarricemaizebajraragijowarricemaizebajraragijowarricemaizebajraragijowarricemaizebajraragijowarricemaizebajraragijowarricemaizebajraragijowarricemaizebajraragijowarricemaizebajraragijowarricemaizebajraragijowarricemaizebajraragijowarricemaizebajraragijowarricemaizebajraragijowarricemaizebajraragijowarricemaizebajraragijowarricemaizebajraragijowarricemaizebajraragijowarricemaizebajraragijowarricemaizebajraragijowarricemaizebajraragijowarricemaizebajraragijowarricemaizebajraragijowarricemaizebajraragijowarricemaizebajraragijowarricemaizebajraragijowarricemaizebajraragijowarricemaizebajraragijowarricemaizebajraragijowarricemaizebajraragijowarricemaizebajraragijowarricemaizebajraragijowarricemaizebajraragijowarricemaizebajraragijowarricemaizebajraragijowarricemaizebajraragijowarricemaizebajraragijowarricemaizebajraragijowarricemaizebajraragijowarricemaizebajraragijowarricemaizebajraragijowarricemaizebajraragijowarricemaizebajraragijowarricemaizebajraragijowarricemaizebajraragijowarricemaizebajraragijowarricemaizebajraragijowarricemaizebajraragijowarricemaizebajraragijowarricemaizebajraragijowarricemaizebajraragijowarricemaizebajraragijowarricemaizebajraragijowarricemaizebajraragijowarricemaizebajraragijowarricemaizebajraragijowarricemaizebajraragijowarricemaizebajraragijowarricemaizebajraragijowarricemaizebajraragijowarricemaizebajraragijowarricemaizebajraragijowarricemaizebajraragijowarricemaizebajraragijowarricemaizebajraragijowarricemaizebajraragijowarricemaizebajraragijowarricemaizebajraragijowarricemaizebajraragijowarricemaizebajraragijowarricemaizebajraragijowarricemaizebajraragijowarricemaizebajraragijowarricemaizebajraragijowarricemaizebajraragijowarricemaizebajraragijowar,115610.0001,115610.0,50606.329681,286700782.26294816,282743999.99796003,14576130.700076822,15002257.497883031,5334957.2014715485,5520241.670546417,10948810.26590513,11375671.897909319,4446851.422710886,4703584.070552162,1000741280890.4006,1000741279992.7454,544194.1067394627,816664.275577126,6313083.999320898,6559212.416334514,389777.6454662226,404973.91956557176,623368561.6704242,744845996.8267155,47260827.946945935,-27556231.13576885,115610.0,16.309067333895108,3.7524080848590513,5.458234486518647,2.8404178362245798,3.356455751991169,-8.969903524355539e-08,271.50686432441734,33.363791828057145,3.7524080848590646,3.7524080848590566
19,mizoram,ariyalurariyalurariyalurariyalurariyalurcoimbatorecoimbatorecoimbatorecoimbatorecoimbatorecuddalorecuddalorecuddalorecuddalorecuddaloredharmapuridharmapuridharmapuridharmapuridharmapuridindiguldindiguldindiguldindiguldindigulerodeerodeerodeerodeerodekancheepuramkancheepuramkancheepuramkancheepuramkancheepuramkanniyakumarikanniyakumarikanniyakumarikanniyakumarikanniyakumarikarurkarurkarurkarurkarurkrishnagirikrishnagirikrishnagirikrishnagirikrishnagirimaduraimaduraimaduraimaduraimadurainagappattinamnagappattinamnagappattinamnagappattinamnagappattinamnamakkalnamakkalnamakkalnamakkalnamakkalperambalurperambalurperambalurperambalurperambalurpudukkottaipudukkottaipudukkottaipudukkottaipudukkottairamanathapuramramanathapuramramanathapuramramanathapuramramanathapuramsalemsalemsalemsalemsalemsivagangasivagangasivagangasivagangasivagangathanjavurthanjavurthanjavurthanjavurthanjavurthe nilgiristhe nilgiristhe nilgiristhe nilgiristhe nilgiristhenithenithenithenithenithiruvallurthiruvallurthiruvallurthiruvallurthiruvallurthiruvarurthiruvarurthiruvarurthiruvarurthiruvarurtiruchirappallitiruchirappallitiruchirappallitiruchirappallitiruchirappallitirunelvelitirunelvelitirunelvelitirunelvelitirunelvelitiruppurtiruppurtiruppurtiruppurtiruppurtiruvannamalaitiruvannamalaitiruvannamalaitiruvannamalaitiruvannamalaituticorintuticorintuticorintuticorintuticorinvellorevellorevellorevellorevelloreviluppuramviluppuramviluppuramviluppuramviluppuramvirudhunagarvirudhunagarvirudhunagarvirudhunagarvirudhunagaramritsaramritsaramritsaramritsaramritsarbarnalabarnalabarnalabarnalabarnalabathindabathindabathindabathindabathindafaridkotfaridkotfaridkotfaridkotfaridkotfatehgarh sahibfatehgarh sahibfatehgarh sahibfatehgarh sahibfatehgarh sahibfazilkafazilkafazilkafazilkafazilkafirozpurfirozpurfirozpurfirozpurfirozpurgurdaspurgurdaspurgurdaspurgurdaspurgurdaspurhoshiarpurhoshiarpurhoshiarpurhoshiarpurhoshiarpurjalandharjalandharjalandharjalandharjalandharkapurthalakapurthalakapurthalakapurthalakapurthalaludhianaludhianaludhianaludhianaludhianamansamansamansamansamansamogamogamogamogamogamuktsarmuktsarmuktsarmuktsarmuktsarpathankotpathankotpathankotpathankotpathankotpatialapatialapatialapatialapatialarupnagarrupnagarrupnagarrupnagarrupnagarsangrursangrursangrursangrursangrurshahid bhagat singh nagarshahid bhagat singh nagarshahid bhagat singh nagarshahid bhagat singh nagarshahid bhagat singh nagartarn tarantarn tarantarn tarantarn tarantarn taranambalaambalaambalaambalaambalabhiwanibhiwanibhiwanibhiwanibhiwanicharki dadricharki dadricharki dadricharki dadricharki dadrifaridabadfaridabadfaridabadfaridabadfaridabadfatehabadfatehabadfatehabadfatehabadfatehabadgurgaongurgaongurgaongurgaongurgaonhisarhisarhisarhisarhisarjhajjarjhajjarjhajjarjhajjarjhajjarjindjindjindjindjindkaithalkaithalkaithalkaithalkaithalkarnalkarnalkarnalkarnalkarnalkurukshetrakurukshetrakurukshetrakurukshetrakurukshetramewatmewatmewatmewatmewatpalwalpalwalpalwalpalwalpalwalpanchkulapanchkulapanchkulapanchkulapanchkulapanipatpanipatpanipatpanipatpanipatrewarirewarirewarirewarirewarirohtakrohtakrohtakrohtakrohtaksirsasirsasirsasirsasirsasonipatsonipatsonipatsonipatsonipatyamunanagaryamunanagaryamunanagaryamunanagaryamunanagaranantapuranantapuranantapuranantapuranantapurchittoorchittoorchittoorchittoorchittooreast godavarieast godavarieast godavarieast godavarieast godavarigunturgunturgunturgunturgunturkadapakadapakadapakadapakadapakrishnakrishnakrishnakrishnakrishnakurnoolkurnoolkurnoolkurnoolkurnoolprakasamprakasamprakasamprakasamprakasamnellorenellorenellorenellorenelloresrikakulamsrikakulamsrikakulamsrikakulamsrikakulamvisakhapatnamvisakhapatnamvisakhapatnamvisakhapatnamvisakhapatnamvizianagaramvizianagaramvizianagaramvizianagaramvizianagaramwest godavariwest godavariwest godavariwest godavariwest godavariballariballariballariballariballaribangalore ruralbangalore ruralbangalore ruralbangalore ruralbangalore ruralbelagavibelagavibelagavibelagavibelagavibengaluru urbanbengaluru urbanbengaluru urbanbengaluru urbanbengaluru urbanbidarbidarbidarbidarbidarchamarajanagarachamarajanagarachamarajanagarachamarajanagarachamarajanagarachikkaballapurachikkaballapurachikkaballapurachikkaballapurachikkaballapurachikmagalurchikmagalurchikmagalurchikmagalurchikmagalurchitradurgachitradurgachitradurgachitradurgachitradurgadakshina kannadadakshina kannadadakshina kannadadakshina kannadadakshina kannadadavangeredavangeredavangeredavangeredavangeredharwaddharwaddharwaddharwaddharwadgadaggadaggadaggadaggadaghassanhassanhassanhassanhassanhaverihaverihaverihaverihaverikalaburagikalaburagikalaburagikalaburagikalaburagikodagukodagukodagukodagukodagukolarkolarkolarkolarkolarkoppalkoppalkoppalkoppalkoppalmandyamandyamandyamandyamandyamysurumysurumysurumysurumysururaichurraichurraichurraichurraichurramanagararamanagararamanagararamanagararamanagarashivamoggashivamoggashivamoggashivamoggashivamoggatumakurutumakurutumakurutumakurutumakuruudupiudupiudupiudupiudupiuttara kannadauttara kannadauttara kannadauttara kannadauttara kannadavijayapuravijayapuravijayapuravijayapuravijayapurayadgiryadgiryadgiryadgiryadgiralmoraalmoraalmoraalmoraalmorabageshwarbageshwarbageshwarbageshwarbageshwarchamolichamolichamolichamolichamolichampawatchampawatchampawatchampawatchampawatdehradundehradundehradundehradundehradunhardwarhardwarhardwarhardwarhardwarnainitalnainitalnainitalnainitalnainitalpauri garhwalpauri garhwalpauri garhwalpauri garhwalpauri garhwalpithoragarhpithoragarhpithoragarhpithoragarhpithoragarhrudra prayagrudra prayagrudra prayagrudra prayagrudra prayagtehri garhwaltehri garhwaltehri garhwaltehri garhwaltehri garhwaludham singh nagarudham singh nagarudham singh nagarudham singh nagarudham singh nagaruttar kashiuttar kashiuttar kashiuttar kashiuttar kashispsr nellorespsr nellorespsr nellorespsr nellorespsr nellorevisakhapatanamvisakhapatanamvisakhapatanamvisakhapatanamvisakhapatanamparaganas northparaganas northparaganas northparaganas northparaganas northparaganas southparaganas southparaganas southparaganas southparaganas southalipurduaralipurduaralipurduaralipurduaralipurduarbankurabankurabankurabankurabankurabirbhumbirbhumbirbhumbirbhumbirbhumcoochbeharcoochbeharcoochbeharcoochbeharcoochbehardarjeelingdarjeelingdarjeelingdarjeelingdarjeelingdakshin dinajpurdakshin dinajpurdakshin dinajpurdakshin dinajpurdakshin dinajpuruttar dinajpuruttar dinajpuruttar dinajpuruttar dinajpuruttar dinajpurhooghlyhooghlyhooghlyhooghlyhooghlyhowrahhowrahhowrahhowrahhowrahjalpaigurijalpaigurijalpaigurijalpaigurijalpaigurijhargramjhargramjhargramjhargramjhargramkalimpongkalimpongkalimpongkalimpongkalimpongmaldahmaldahmaldahmaldahmaldahmedinipur eastmedinipur eastmedinipur eastmedinipur eastmedinipur eastmedinipur westmedinipur westmedinipur westmedinipur westmedinipur westmurshidabadmurshidabadmurshidabadmurshidabadmurshidabadnadianadianadianadianadiabarddhamanbarddhamanbarddhamanbarddhamanbarddhamanpuruliyapuruliyapuruliyapuruliyapuruliyaalappuzhaalappuzhaalappuzhaalappuzhaalappuzhaernakulamernakulamernakulamernakulamernakulamidukkiidukkiidukkiidukkiidukkikannurkannurkannurkannurkannurkasaragodkasaragodkasaragodkasaragodkasaragodkollamkollamkollamkollamkollamkottayamkottayamkottayamkottayamkottayamkozhikodekozhikodekozhikodekozhikodekozhikodemalappurammalappurammalappurammalappurammalappurampalakkadpalakkadpalakkadpalakkadpalakkadpathanamthittapathanamthittapathanamthittapathanamthittapathanamthittathiruvananthapuramthiruvananthapuramthiruvananthapuramthiruvananthapuramthiruvananthapuramthrissurthrissurthrissurthrissurthrissurwayanadwayanadwayanadwayanadwayanadbagalkotbagalkotbagalkotbagalkotbagalkotchikballapurachikballapurachikballapurachikballapurachikballapurachikkamagaluruchikkamagaluruchikkamagaluruchikkamagaluruchikkamagalurudavanageredavanageredavanageredavanageredavanagereyadagiriyadagiriyadagiriyadagiriyadagiriagraagraagraagraagraaligarhaligarhaligarhaligarhaligarhallahabadallahabadallahabadallahabadallahabadambedkar nagarambedkar nagarambedkar nagarambedkar nagarambedkar nagaramethiamethiamethiamethiamethiamrohaamrohaamrohaamrohaamrohaauraiyaauraiyaauraiyaauraiyaauraiyaazamgarhazamgarhazamgarhazamgarhazamgarhbaghpatbaghpatbaghpatbaghpatbaghpatbahraichbahraichbahraichbahraichbahraichballiaballiaballiaballiaballiabalrampurbalrampurbalrampurbalrampurbalrampurbandabandabandabandabandabarabankibarabankibarabankibarabankibarabankibareillybareillybareillybareillybareillybastibastibastibastibastibijnorbijnorbijnorbijnorbijnorbudaunbudaunbudaunbudaunbudaunbulandshahrbulandshahrbulandshahrbulandshahrbulandshahrchandaulichandaulichandaulichandaulichandaulichitrakootchitrakootchitrakootchitrakootchitrakootdeoriadeoriadeoriadeoriadeoriaetahetahetahetahetahetawahetawahetawahetawahetawahfaizabadfaizabadfaizabadfaizabadfaizabadfarrukhabadfarrukhabadfarrukhabadfarrukhabadfarrukhabadfatehpurfatehpurfatehpurfatehpurfatehpurfirozabadfirozabadfirozabadfirozabadfirozabadkanpur nagarkanpur nagarkanpur nagarkanpur nagarkanpur nagarghaziabadghaziabadghaziabadghaziabadghaziabadghazipurghazipurghazipurghazipurghazipurgondagondagondagondagondagorakhpurgorakhpurgorakhpurgorakhpurgorakhpurhamirpurhamirpurhamirpurhamirpurhamirpurhapurhapurhapurhapurhapurhardoihardoihardoihardoihardoihathrashathrashathrashathrashathrasjalaunjalaunjalaunjalaunjalaunjaunpurjaunpurjaunpurjaunpurjaunpurjhansijhansijhansijhansijhansikannaujkannaujkannaujkannaujkannaujkanpur dehatkanpur dehatkanpur dehatkanpur dehatkanpur dehatkasganjkasganjkasganjkasganjkasganjkaushambikaushambikaushambikaushambikaushambilakhimpur kherilakhimpur kherilakhimpur kherilakhimpur kherilakhimpur kherikushinagarkushinagarkushinagarkushinagarkushinagarlalitpurlalitpurlalitpurlalitpurlalitpurlucknowlucknowlucknowlucknowlucknowmaharajganjmaharajganjmaharajganjmaharajganjmaharajganjmahobamahobamahobamahobamahobamainpurimainpurimainpurimainpurimainpurimathuramathuramathuramathuramathuramaumaumaumaumaumeerutmeerutmeerutmeerutmeerutmirzapurmirzapurmirzapurmirzapurmirzapurmoradabadmoradabadmoradabadmoradabadmoradabadmuzaffarnagarmuzaffarnagarmuzaffarnagarmuzaffarnagarmuzaffarnagarpilibhitpilibhitpilibhitpilibhitpilibhitpratapgarhpratapgarhpratapgarhpratapgarhpratapgarhrae barelirae barelirae barelirae barelirae barelirampurrampurrampurrampurrampursaharanpursaharanpursaharanpursaharanpursaharanpursambhalsambhalsambhalsambhalsambhalsant kabeer nagarsant kabeer nagarsant kabeer nagarsant kabeer nagarsant kabeer nagarsant ravi das nagarsant ravi das nagarsant ravi das nagarsant ravi das nagarsant ravi das nagarshahajahanpurshahajahanpurshahajahanpurshahajahanpurshahajahanpurshamlishamlishamlishamlishamlishravastishravastishravastishravastishravastisiddharth nagarsiddharth nagarsiddharth nagarsiddharth nagarsiddharth nagarsitapursitapursitapursitapursitapursonbhadrasonbhadrasonbhadrasonbhadrasonbhadrasultanpursultanpursultanpursultanpursultanpurunnaounnaounnaounnaounnaovaranasivaranasivaranasivaranasivaranasiahmednagarahmednagarahmednagarahmednagarahmednagaramravatiamravatiamravatiamravatiamravatibeedbeedbeedbeedbeedbhandarabhandarabhandarabhandarabhandarachandrapurchandrapurchandrapurchandrapurchandrapurdhuledhuledhuledhuledhulegadchiroligadchiroligadchiroligadchiroligadchiroligondiagondiagondiagondiagondiakolhapurkolhapurkolhapurkolhapurkolhapurlaturlaturlaturlaturlaturnagpurnagpurnagpurnagpurnagpurnandednandednandednandednandednandurbarnandurbarnandurbarnandurbarnandurbarnashiknashiknashiknashiknashikosmanabadosmanabadosmanabadosmanabadosmanabadpalgharpalgharpalgharpalgharpalgharpunepunepunepunepuneraigadraigadraigadraigadraigadratnagiriratnagiriratnagiriratnagiriratnagirisanglisanglisanglisanglisanglisatarasatarasatarasatarasatarasindhudurgsindhudurgsindhudurgsindhudurgsindhudurgsolapursolapursolapursolapursolapurthanethanethanethanethaneanantnaganantnaganantnaganantnaganantnagbadgambadgambadgambadgambadgambandiporabandiporabandiporabandiporabandiporabaramullabaramullabaramullabaramullabaramulladodadodadodadodadodaganderbalganderbalganderbalganderbalganderbaljammujammujammujammujammukathuakathuakathuakathuakathuakishtwarkishtwarkishtwarkishtwarkishtwarkulgamkulgamkulgamkulgamkulgamkupwarakupwarakupwarakupwarakupwarapoonchpoonchpoonchpoonchpoonchpulwamapulwamapulwamapulwamapulwamarajaurirajaurirajaurirajaurirajaurirambanrambanrambanrambanrambanreasireasireasireasireasisambasambasambasambasambashopianshopianshopianshopianshopiansrinagarsrinagarsrinagarsrinagarsrinagarudhampurudhampurudhampurudhampurudhampurahmadabadahmadabadahmadabadahmadabadahmadabadanandanandanandanandanandaravalliaravalliaravalliaravalliaravallibharuchbharuchbharuchbharuchbharuchchhotaudepurchhotaudepurchhotaudepurchhotaudepurchhotaudepurdangdangdangdangdangdohaddohaddohaddohaddohadgandhinagargandhinagargandhinagargandhinagargandhinagarkhedakhedakhedakhedakhedamahesanamahesanamahesanamahesanamahesanamahisagarmahisagarmahisagarmahisagarmahisagarnarmadanarmadanarmadanarmadanarmadanavsarinavsarinavsarinavsarinavsaripanch mahalspanch mahalspanch mahalspanch mahalspanch mahalssabar kanthasabar kanthasabar kanthasabar kanthasabar kanthasuratsuratsuratsuratsuratsurendranagarsurendranagarsurendranagarsurendranagarsurendranagartapitapitapitapitapivadodaravadodaravadodaravadodaravadodaravalsadvalsadvalsadvalsadvalsadajmerajmerajmerajmerajmeralwaralwaralwaralwaralwarbanswarabanswarabanswarabanswarabanswarabaranbaranbaranbaranbaranbharatpurbharatpurbharatpurbharatpurbharatpurbhilwarabhilwarabhilwarabhilwarabhilwarabundibundibundibundibundichittorgarhchittorgarhchittorgarhchittorgarhchittorgarhdholpurdholpurdholpurdholpurdholpurdungarpurdungarpurdungarpurdungarpurdungarpurganganagarganganagarganganagarganganagarganganagarhanumangarhhanumangarhhanumangarhhanumangarhhanumangarhjhalawarjhalawarjhalawarjhalawarjhalawarkaraulikaraulikaraulikaraulikaraulikotakotakotakotakotarajsamandrajsamandrajsamandrajsamandrajsamandsawai madhopursawai madhopursawai madhopursawai madhopursawai madhopurtonktonktonktonktonkudaipurudaipurudaipurudaipurudaipurarariaarariaarariaarariaarariaarwalarwalarwalarwalarwalaurangabadaurangabadaurangabadaurangabadaurangabadbankabankabankabankabankabegusaraibegusaraibegusaraibegusaraibegusaraibhagalpurbhagalpurbhagalpurbhagalpurbhagalpurbhojpurbhojpurbhojpurbhojpurbhojpurbuxarbuxarbuxarbuxarbuxardarbhangadarbhangadarbhangadarbhangadarbhangagayagayagayagayagayagopalganjgopalganjgopalganjgopalganjgopalganjjamuijamuijamuijamuijamuijehanabadjehanabadjehanabadjehanabadjehanabadkaimurkaimurkaimurkaimurkaimurkatiharkatiharkatiharkatiharkatiharkhagariakhagariakhagariakhagariakhagariakishanganjkishanganjkishanganjkishanganjkishanganjlakhisarailakhisarailakhisarailakhisarailakhisaraimadhepuramadhepuramadhepuramadhepuramadhepuramadhubanimadhubanimadhubanimadhubanimadhubanimungermungermungermungermungermuzaffarpurmuzaffarpurmuzaffarpurmuzaffarpurmuzaffarpurnalandanalandanalandanalandanalandanawadanawadanawadanawadanawadapashchim champaranpashchim champaranpashchim champaranpashchim champaranpashchim champaranpatnapatnapatnapatnapatnapurbi champaranpurbi champaranpurbi champaranpurbi champaranpurbi champaranpurniapurniapurniapurniapurniarohtasrohtasrohtasrohtasrohtassaharsasaharsasaharsasaharsasaharsasamastipursamastipursamastipursamastipursamastipursaransaransaransaransaransheikhpurasheikhpurasheikhpurasheikhpurasheikhpurasheoharsheoharsheoharsheoharsheoharsitamarhisitamarhisitamarhisitamarhisitamarhisiwansiwansiwansiwansiwansupaulsupaulsupaulsupaulsupaulvaishalivaishalivaishalivaishalivaishalidinajpur dakshindinajpur dakshindinajpur dakshindinajpur dakshindinajpur dakshindinajpur uttardinajpur uttardinajpur uttardinajpur uttardinajpur uttarpaschim bardhamanpaschim bardhamanpaschim bardhamanpaschim bardhamanpaschim bardhamanpurba bardhamanpurba bardhamanpurba bardhamanpurba bardhamanpurba bardhamanpuruliapuruliapuruliapuruliapurulianagapattinamnagapattinamnagapattinamnagapattinamnagapattinamvirudunagarvirudunagarvirudunagarvirudunagarvirudunagaranugulanugulanugulanugulanugulbalangirbalangirbalangirbalangirbalangirbaleshwarbaleshwarbaleshwarbaleshwarbaleshwarbargarhbargarhbargarhbargarhbargarhbhadrakbhadrakbhadrakbhadrakbhadrakboudhboudhboudhboudhboudhcuttackcuttackcuttackcuttackcuttackdeogarhdeogarhdeogarhdeogarhdeogarhdhenkanaldhenkanaldhenkanaldhenkanaldhenkanalgajapatigajapatigajapatigajapatigajapatiganjamganjamganjamganjamganjamjagatsinghapurjagatsinghapurjagatsinghapurjagatsinghapurjagatsinghapurjajapurjajapurjajapurjajapurjajapurjharsugudajharsugudajharsugudajharsugudajharsugudakalahandikalahandikalahandikalahandikalahandikandhamalkandhamalkandhamalkandhamalkandhamalkendraparakendraparakendraparakendraparakendraparakendujharkendujharkendujharkendujharkendujharkhordhakhordhakhordhakhordhakhordhakoraputkoraputkoraputkoraputkoraputmalkangirimalkangirimalkangirimalkangirimalkangirimayurbhanjmayurbhanjmayurbhanjmayurbhanjmayurbhanjnabarangpurnabarangpurnabarangpurnabarangpurnabarangpurnayagarhnayagarhnayagarhnayagarhnayagarhnuapadanuapadanuapadanuapadanuapadapuripuripuripuripurirayagadarayagadarayagadarayagadarayagadasambalpursambalpursambalpursambalpursambalpursonepursonepursonepursonepursonepursundargarhsundargarhsundargarhsundargarhsundargarhbaksabaksabaksabaksabaksabarpetabarpetabarpetabarpetabarpetabongaigaonbongaigaonbongaigaonbongaigaonbongaigaoncacharcacharcacharcacharcacharchirangchirangchirangchirangchirangdarrangdarrangdarrangdarrangdarrangdhemajidhemajidhemajidhemajidhemajidhubridhubridhubridhubridhubridibrugarhdibrugarhdibrugarhdibrugarhdibrugarhdima hasaodima hasaodima hasaodima hasaodima hasaogoalparagoalparagoalparagoalparagoalparagolaghatgolaghatgolaghatgolaghatgolaghathailakandihailakandihailakandihailakandihailakandijorhatjorhatjorhatjorhatjorhatkamrupkamrupkamrupkamrupkamrupkarbi anglongkarbi anglongkarbi anglongkarbi anglongkarbi anglongkarimganjkarimganjkarimganjkarimganjkarimganjkokrajharkokrajharkokrajharkokrajharkokrajharlakhimpurlakhimpurlakhimpurlakhimpurlakhimpurmorigaonmorigaonmorigaonmorigaonmorigaonnagaonnagaonnagaonnagaonnagaonnalbarinalbarinalbarinalbarinalbarisivasagarsivasagarsivasagarsivasagarsivasagarsonitpursonitpursonitpursonitpursonitpurtinsukiatinsukiatinsukiatinsukiatinsukiaudalguriudalguriudalguriudalguriudalguribokarobokarobokarobokarobokarochatrachatrachatrachatrachatradeoghardeoghardeoghardeoghardeoghardhanbaddhanbaddhanbaddhanbaddhanbaddumkadumkadumkadumkadumkaeast singhbumeast singhbumeast singhbumeast singhbumeast singhbumgarhwagarhwagarhwagarhwagarhwagiridihgiridihgiridihgiridihgiridihgoddagoddagoddagoddagoddagumlagumlagumlagumlagumlahazaribaghhazaribaghhazaribaghhazaribaghhazaribaghjamtarajamtarajamtarajamtarajamtarakhuntikhuntikhuntikhuntikhuntikodermakodermakodermakodermakodermalateharlateharlateharlateharlateharlohardagalohardagalohardagalohardagalohardagapakurpakurpakurpakurpakurpalamupalamupalamupalamupalamuramgarhramgarhramgarhramgarhramgarhranchiranchiranchiranchiranchisahibganjsahibganjsahibganjsahibganjsahibganjsaraikelakharsawansaraikelakharsawansaraikelakharsawansaraikelakharsawansaraikelakharsawansimdegasimdegasimdegasimdegasimdegawest singhbhumwest singhbhumwest singhbhumwest singhbhumwest singhbhumbilaspurbilaspurbilaspurbilaspurbilaspurchambachambachambachambachambakangrakangrakangrakangrakangrakinnaurkinnaurkinnaurkinnaurkinnaurkullukullukullukullukullumandimandimandimandimandishimlashimlashimlashimlashimlasirmaursirmaursirmaursirmaursirmaursolansolansolansolansolanunaunaunaunaunakaimur (bhabua)kaimur (bhabua)kaimur (bhabua)kaimur (bhabua)kaimur (bhabua)baloda bazarbaloda bazarbaloda bazarbaloda bazarbaloda bazaruttar bastar kankeruttar bastar kankeruttar bastar kankeruttar bastar kankeruttar bastar kankerbemetarabemetarabemetarabemetarabemetarabijapurbijapurbijapurbijapurbijapurdantewadadantewadadantewadadantewadadantewadadhamtaridhamtaridhamtaridhamtaridhamtaridurgdurgdurgdurgdurggariabandgariabandgariabandgariabandgariabandjanjgirchampajanjgirchampajanjgirchampajanjgirchampajanjgirchampajashpurjashpurjashpurjashpurjashpurkabirdhamkabirdhamkabirdhamkabirdhamkabirdhamkondagaonkondagaonkondagaonkondagaonkondagaonkorbakorbakorbakorbakorbakoreakoreakoreakoreakoreamahasamundmahasamundmahasamundmahasamundmahasamundmungelimungelimungelimungelimungelinarayanpurnarayanpurnarayanpurnarayanpurnarayanpurraigarhraigarhraigarhraigarhraigarhraipurraipurraipurraipurraipurrajnandgaonrajnandgaonrajnandgaonrajnandgaonrajnandgaonsukmasukmasukmasukmasukmasurajpursurajpursurajpursurajpursurajpursurgujasurgujasurgujasurgujasurgujalahul and spitilahul and spitilahul and spitilahul and spitilahul and spitiarvalliarvalliarvalliarvalliarvallibanas kanthabanas kanthabanas kanthabanas kanthabanas kanthadevbhumi dwarkadevbhumi dwarkadevbhumi dwarkadevbhumi dwarkadevbhumi dwarkakachchhkachchhkachchhkachchhkachchhpatanpatanpatanpatanpatanrajkotrajkotrajkotrajkotrajkotahmadnagarahmadnagarahmadnagarahmadnagarahmadnagarakolaakolaakolaakolaakolabuldhanabuldhanabuldhanabuldhanabuldhanahingolihingolihingolihingolihingolijalgaonjalgaonjalgaonjalgaonjalgaonjalnajalnajalnajalnajalnaparbhaniparbhaniparbhaniparbhaniparbhaniwashimwashimwashimwashimwashimyavatmalyavatmalyavatmalyavatmalyavatmalagar malwaagar malwaagar malwaagar malwaagar malwaalirajpuralirajpuralirajpuralirajpuralirajpuranuppuranuppuranuppuranuppuranuppurashoknagarashoknagarashoknagarashoknagarashoknagarbalaghatbalaghatbalaghatbalaghatbalaghatbarwanibarwanibarwanibarwanibarwanibetulbetulbetulbetulbetulbhopalbhopalbhopalbhopalbhopalburhanpurburhanpurburhanpurburhanpurburhanpurchhatarpurchhatarpurchhatarpurchhatarpurchhatarpurchhindwarachhindwarachhindwarachhindwarachhindwaradamohdamohdamohdamohdamohdatiadatiadatiadatiadatiadewasdewasdewasdewasdewasdhardhardhardhardhardindoridindoridindoridindoridindorigunagunagunagunagunagwaliorgwaliorgwaliorgwaliorgwaliorhardahardahardahardahardahoshangabadhoshangabadhoshangabadhoshangabadhoshangabadindoreindoreindoreindoreindorejabalpurjabalpurjabalpurjabalpurjabalpurjhabuajhabuajhabuajhabuajhabuakatnikatnikatnikatnikatnikhandwakhandwakhandwakhandwakhandwakhargonekhargonekhargonekhargonekhargonemandlamandlamandlamandlamandlamandsaurmandsaurmandsaurmandsaurmandsaurmorenamorenamorenamorenamorenanarsinghpurnarsinghpurnarsinghpurnarsinghpurnarsinghpurneemuchneemuchneemuchneemuchneemuchpannapannapannapannapannaraisenraisenraisenraisenraisenrajgarhrajgarhrajgarhrajgarhrajgarhratlamratlamratlamratlamratlamrewarewarewarewarewasagarsagarsagarsagarsagarsatnasatnasatnasatnasatnasehoresehoresehoresehoresehoreseoniseoniseoniseoniseonishahdolshahdolshahdolshahdolshahdolshajapurshajapurshajapurshajapurshajapursheopursheopursheopursheopursheopurshivpurishivpurishivpurishivpurishivpurisidhisidhisidhisidhisidhisingraulisingraulisingraulisingraulisingraulitikamgarhtikamgarhtikamgarhtikamgarhtikamgarhujjainujjainujjainujjainujjainumariaumariaumariaumariaumariavidishavidishavidishavidishavidishabarmerbarmerbarmerbarmerbarmerchittaurgarhchittaurgarhchittaurgarhchittaurgarhchittaurgarhchuruchuruchuruchuruchurudausadausadausadausadausajaipurjaipurjaipurjaipurjaipurjalorejalorejalorejalorejalorejodhpurjodhpurjodhpurjodhpurjodhpurnagaurnagaurnagaurnagaurnagaurpalipalipalipalipalisikarsikarsikarsikarsikarsirohisirohisirohisirohisirohiharidwarharidwarharidwarharidwarharidwarudam singh nagarudam singh nagarudam singh nagarudam singh nagarudam singh nagarkanchipuramkanchipuramkanchipuramkanchipuramkanchipuramvillupuramvillupuramvillupuramvillupuramvillupurambhindbhindbhindbhindbhindbagalkotebagalkotebagalkotebagalkotebagalkotebuldanabuldanabuldanabuldanabuldanawardhawardhawardhawardhawardhasahebganjsahebganjsahebganjsahebganjsahebganjsaraikela kharsawansaraikela kharsawansaraikela kharsawansaraikela kharsawansaraikela kharsawangautam buddha nagargautam buddha nagargautam buddha nagargautam buddha nagargautam buddha nagarkherikherikherikherikherikushi nagarkushi nagarkushi nagarkushi nagarkushi nagarsant ravidas nagarsant ravidas nagarsant ravidas nagarsant ravidas nagarsant ravidas nagarmahendragarhmahendragarhmahendragarhmahendragarhmahendragarhjamnagarjamnagarjamnagarjamnagarjamnagarchamrajnagarchamrajnagarchamrajnagarchamrajnagarchamrajnagartumkurtumkurtumkurtumkurtumkurbalodbalodbalodbalodbalodbastarbastarbastarbastarbastargariyabandgariyabandgariyabandgariyabandgariyabandjanjgir-champajanjgir-champajanjgir-champajanjgir-champajanjgir-champakankerkankerkankerkankerkankeramreliamreliamreliamreliamrelibhavnagarbhavnagarbhavnagarbhavnagarbhavnagarbotadbotadbotadbotadbotadgir somnathgir somnathgir somnathgir somnathgir somnathjunagadhjunagadhjunagadhjunagadhjunagadhmorbimorbimorbimorbimorbikamrup metrokamrup metrokamrup metrokamrup metrokamrup metromarigaonmarigaonmarigaonmarigaonmarigaonbikanerbikanerbikanerbikanerbikanerjaisalmerjaisalmerjaisalmerjaisalmerjaisalmerjhunjhununjhunjhununjhunjhununjhunjhununjhunjhununshahjahanpurshahjahanpurshahjahanpurshahjahanpurshahjahanpurnicobarsnicobarsnicobarsnicobarsnicobarsnorth and middle andamannorth and middle andamannorth and middle andamannorth and middle andamannorth and middle andamansouth andamanssouth andamanssouth andamanssouth andamanssouth andamansanjawanjawanjawanjawanjawchanglangchanglangchanglangchanglangchanglangdibang valleydibang valleydibang valleydibang valleydibang valleyeast kamengeast kamengeast kamengeast kamengeast kamengeast siangeast siangeast siangeast siangeast siangkra daadikra daadikra daadikra daadikra daadikurung kumeykurung kumeykurung kumeykurung kumeykurung kumeylohitlohitlohitlohitlohitlongdinglongdinglongdinglongdinglongdinglower dibang valleylower dibang valleylower dibang valleylower dibang valleylower dibang valleylower subansirilower subansirilower subansirilower subansirilower subansirinamsainamsainamsainamsainamsaipapum parepapum parepapum parepapum parepapum paresiangsiangsiangsiangsiangtawangtawangtawangtawangtawangtiraptiraptiraptiraptirapupper siangupper siangupper siangupper siangupper siangupper subansiriupper subansiriupper subansiriupper subansiriupper subansiriwest kamengwest kamengwest kamengwest kamengwest kamengwest siangwest siangwest siangwest siangwest siangchandigarhchandigarhchandigarhchandigarhchandigarhdadra and nagar havelidadra and nagar havelidadra and nagar havelidadra and nagar havelidadra and nagar havelibishnupurbishnupurbishnupurbishnupurbishnupurchandelchandelchandelchandelchandelchurachandpurchurachandpurchurachandpurchurachandpurchurachandpurimphal eastimphal eastimphal eastimphal eastimphal eastimphal westimphal westimphal westimphal westimphal westsenapatisenapatisenapatisenapatisenapatitamenglongtamenglongtamenglongtamenglongtamenglongthoubalthoubalthoubalthoubalthoubalukhrulukhrulukhrulukhrulukhruleast garo hillseast garo hillseast garo hillseast garo hillseast garo hillseast jaintia hillseast jaintia hillseast jaintia hillseast jaintia hillseast jaintia hillseast khasi hillseast khasi hillseast khasi hillseast khasi hillseast khasi hillsnorth garo hillsnorth garo hillsnorth garo hillsnorth garo hillsnorth garo hillsri bhoiri bhoiri bhoiri bhoiri bhoisouth garo hillssouth garo hillssouth garo hillssouth garo hillssouth garo hillssouth west garo hillssouth west garo hillssouth west garo hillssouth west garo hillssouth west garo hillssouth west khasi hillssouth west khasi hillssouth west khasi hillssouth west khasi hillssouth west khasi hillswest garo hillswest garo hillswest garo hillswest garo hillswest garo hillswest jaintia hillswest jaintia hillswest jaintia hillswest jaintia hillswest jaintia hillswest khasi hillswest khasi hillswest khasi hillswest khasi hillswest khasi hillsaizawlaizawlaizawlaizawlaizawlchamphaichamphaichamphaichamphaichamphaikolasibkolasibkolasibkolasibkolasiblawngtlailawngtlailawngtlailawngtlailawngtlailungleilungleilungleilungleilungleimamitmamitmamitmamitmamitsaihasaihasaihasaihasaihaserchhipserchhipserchhipserchhipserchhipdimapurdimapurdimapurdimapurdimapurkiphirekiphirekiphirekiphirekiphirekohimakohimakohimakohimakohimalonglenglonglenglonglenglonglenglonglengmokokchungmokokchungmokokchungmokokchungmokokchungmonmonmonmonmonperenperenperenperenperenphekphekphekphekphektuensangtuensangtuensangtuensangtuensangwokhawokhawokhawokhawokhazunhebotozunhebotozunhebotozunhebotozunhebotokaraikalkaraikalkaraikalkaraikalkaraikalpondicherrypondicherrypondicherrypondicherrypondicherryyanamyanamyanamyanamyanameast districteast districteast districteast districteast districtnorth districtnorth districtnorth districtnorth districtnorth districtsouth districtsouth districtsouth districtsouth districtsouth districtwest districtwest districtwest districtwest districtwest districtadilabadadilabadadilabadadilabadadilabadbhadradribhadradribhadradribhadradribhadradrihanumakondahanumakondahanumakondahanumakondahanumakondajagitialjagitialjagitialjagitialjagitialjangoanjangoanjangoanjangoanjangoanjayashankarjayashankarjayashankarjayashankarjayashankarjogulambajogulambajogulambajogulambajogulambakamareddykamareddykamareddykamareddykamareddykarimnagarkarimnagarkarimnagarkarimnagarkarimnagarkhammamkhammamkhammamkhammamkhammamkomaram bheem asifabadkomaram bheem asifabadkomaram bheem asifabadkomaram bheem asifabadkomaram bheem asifabadmahabubabadmahabubabadmahabubabadmahabubabadmahabubabadmahbubnagarmahbubnagarmahbubnagarmahbubnagarmahbubnagarmancherialmancherialmancherialmancherialmancherialmedakmedakmedakmedakmedakmedchal malkajgirimedchal malkajgirimedchal malkajgirimedchal malkajgirimedchal malkajgirinagarkurnoolnagarkurnoolnagarkurnoolnagarkurnoolnagarkurnoolnalgondanalgondanalgondanalgondanalgondanirmalnirmalnirmalnirmalnirmalnizamabadnizamabadnizamabadnizamabadnizamabadpeddapallipeddapallipeddapallipeddapallipeddapallirajannarajannarajannarajannarajannarangareddirangareddirangareddirangareddirangareddisangareddysangareddysangareddysangareddysangareddysiddipetsiddipetsiddipetsiddipetsiddipetsuryapetsuryapetsuryapetsuryapetsuryapetvikarabadvikarabadvikarabadvikarabadvikarabadwanaparthywanaparthywanaparthywanaparthywanaparthywarangalwarangalwarangalwarangalwarangalyadadriyadadriyadadriyadadriyadadridhalaidhalaidhalaidhalaidhalaigomatigomatigomatigomatigomatikhowaikhowaikhowaikhowaikhowainorth tripuranorth tripuranorth tripuranorth tripuranorth tripurasepahijalasepahijalasepahijalasepahijalasepahijalasouth tripurasouth tripurasouth tripurasouth tripurasouth tripuraunakotiunakotiunakotiunakotiunakotiwest tripurawest tripurawest tripurawest tripurawest tripura,ricemaizebajraragijowarricemaizebajraragijowarricemaizebajraragijowarricemaizebajraragijowarricemaizebajraragijowarricemaizebajraragijowarricemaizebajraragijowarricemaizebajraragijowarricemaizebajraragijowarricemaizebajraragijowarricemaizebajraragijowarricemaizebajraragijowarricemaizebajraragijowarricemaizebajraragijowarricemaizebajraragijowarricemaizebajraragijowarricemaizebajraragijowarricemaizebajraragijowarricemaizebajraragijowarricemaizebajraragijowarricemaizebajraragijowarricemaizebajraragijowarricemaizebajraragijowarricemaizebajraragijowarricemaizebajraragijowarricemaizebajraragijowarricemaizebajraragijowarricemaizebajraragijowarricemaizebajraragijowarricemaizebajraragijowarricemaizebajraragijowarricemaizebajraragijowarricemaizebajraragijowarricemaizebajraragijowarricemaizebajraragijowarricemaizebajraragijowarricemaizebajraragijowarricemaizebajraragijowarricemaizebajraragijowarricemaizebajraragijowarricemaizebajraragijowarricemaizebajraragijowarricemaizebajraragijowarricemaizebajraragijowarricemaizebajraragijowarricemaizebajraragijowarricemaizebajraragijowarricemaizebajraragijowarricemaizebajraragijowarricemaizebajraragijowarricemaizebajraragijowarricemaizebajraragijowarricemaizebajraragijowarricemaizebajraragijowarricemaizebajraragijowarricemaizebajraragijowarricemaizebajraragijowarricemaizebajraragijowarricemaizebajraragijowarricemaizebajraragijowarricemaizebajraragijowarricemaizebajraragijowarricemaizebajraragijowarricemaizebajraragijowarricemaizebajraragijowarricemaizebajraragijowarricemaizebajraragijowarricemaizebajraragijowarricemaizebajraragijowarricemaizebajraragijowarricemaizebajraragijowarricemaizebajraragijowarricemaizebajraragijowarricemaizebajraragijowarricemaizebajraragijowarricemaizebajraragijowarricemaizebajraragijowarricemaizebajraragijowarricemaizebajraragijowarricemaizebajraragijowarricemaizebajraragijowarricemaizebajraragijowarricemaizebajraragijowarricemaizebajraragijowarricemaizebajraragijowarricemaizebajraragijowarricemaizebajraragijowarricemaizebajraragijowarricemaizebajraragijowarricemaizebajraragijowarricemaizebajraragijowarricemaizebajraragijowarricemaizebajraragijowarricemaizebajraragijowarricemaizebajraragijowarricemaizebajraragijowarricemaizebajraragijowarricemaizebajraragijowarricemaizebajraragijowarricemaizebajraragijowarricemaizebajraragijowarricemaizebajraragijowarricemaizebajraragijowarricemaizebajraragijowarricemaizebajraragijowarricemaizebajraragijowarricemaizebajraragijowarricemaizebajraragijowarricemaizebajraragijowarricemaizebajraragijowarricemaizebajraragijowarricemaizebajraragijowarricemaizebajraragijowarricemaizebajraragijowarricemaizebajraragijowarricemaizebajraragijowarricemaizebajraragijowarricemaizebajraragijowarricemaizebajraragijowarricemaizebajraragijowarricemaizebajraragijowarricemaizebajraragijowarricemaizebajraragijowarricemaizebajraragijowarricemaizebajraragijowarricemaizebajraragijowarricemaizebajraragijowarricemaizebajraragijowarricemaizebajraragijowarricemaizebajraragijowarricemaizebajraragijowarricemaizebajraragijowarricemaizebajraragijowarricemaizebajraragijowarricemaizebajraragijowarricemaizebajraragijowarricemaizebajraragijowarricemaizebajraragijowarricemaizebajraragijowarricemaizebajraragijowarricemaizebajraragijowarricemaizebajraragijowarricemaizebajraragijowarricemaizebajraragijowarricemaizebajraragijowarricemaizebajraragijowarricemaizebajraragijowarricemaizebajraragijowarricemaizebajraragijowarricemaizebajraragijowarricemaizebajraragijowarricemaizebajraragijowarricemaizebajraragijowarricemaizebajraragijowarricemaizebajraragijowarricemaizebajraragijowarricemaizebajraragijowarricemaizebajraragijowarricemaizebajraragijowarricemaizebajraragijowarricemaizebajraragijowarricemaizebajraragijowarricemaizebajraragijowarricemaizebajraragijowarricemaizebajraragijowarricemaizebajraragijowarricemaizebajraragijowarricemaizebajraragijowarricemaizebajraragijowarricemaizebajraragijowarricemaizebajraragijowarricemaizebajraragijowarricemaizebajraragijowarricemaizebajraragijowarricemaizebajraragijowarricemaizebajraragijowarricemaizebajraragijowarricemaizebajraragijowarricemaizebajraragijowarricemaizebajraragijowarricemaizebajraragijowarricemaizebajraragijowarricemaizebajraragijowarricemaizebajraragijowarricemaizebajraragijowarricemaizebajraragijowarricemaizebajraragijowarricemaizebajraragijowarricemaizebajraragijowarricemaizebajraragijowarricemaizebajraragijowarricemaizebajraragijowarricemaizebajraragijowarricemaizebajraragijowarricemaizebajraragijowarricemaizebajraragijowarricemaizebajraragijowarricemaizebajraragijowarricemaizebajraragijowarricemaizebajraragijowarricemaizebajraragijowarricemaizebajraragijowarricemaizebajraragijowarricemaizebajraragijowarricemaizebajraragijowarricemaizebajraragijowarricemaizebajraragijowarricemaizebajraragijowarricemaizebajraragijowarricemaizebajraragijowarricemaizebajraragijowarricemaizebajraragijowarricemaizebajraragijowarricemaizebajraragijowarricemaizebajraragijowarricemaizebajraragijowarricemaizebajraragijowarricemaizebajraragijowarricemaizebajraragijowarricemaizebajraragijowarricemaizebajraragijowarricemaizebajraragijowarricemaizebajraragijowarricemaizebajraragijowarricemaizebajraragijowarricemaizebajraragijowarricemaizebajraragijowarricemaizebajraragijowarricemaizebajraragijowarricemaizebajraragijowarricemaizebajraragijowarricemaizebajraragijowarricemaizebajraragijowarricemaizebajraragijowarricemaizebajraragijowarricemaizebajraragijowarricemaizebajraragijowarricemaizebajraragijowarricemaizebajraragijowarricemaizebajraragijowarricemaizebajraragijowarricemaizebajraragijowarricemaizebajraragijowarricemaizebajraragijowarricemaizebajraragijowarricemaizebajraragijowarricemaizebajraragijowarricemaizebajraragijowarricemaizebajraragijowarricemaizebajraragijowarricemaizebajraragijowarricemaizebajraragijowarricemaizebajraragijowarricemaizebajraragijowarricemaizebajraragijowarricemaizebajraragijowarricemaizebajraragijowarricemaizebajraragijowarricemaizebajraragijowarricemaizebajraragijowarricemaizebajraragijowarricemaizebajraragijowarricemaizebajraragijowarricemaizebajraragijowarricemaizebajraragijowarricemaizebajraragijowarricemaizebajraragijowarricemaizebajraragijowarricemaizebajraragijowarricemaizebajraragijowarricemaizebajraragijowarricemaizebajraragijowarricemaizebajraragijowarricemaizebajraragijowarricemaizebajraragijowarricemaizebajraragijowarricemaizebajraragijowarricemaizebajraragijowarricemaizebajraragijowarricemaizebajraragijowarricemaizebajraragijowarricemaizebajraragijowarricemaizebajraragijowarricemaizebajraragijowarricemaizebajraragijowarricemaizebajraragijowarricemaizebajraragijowarricemaizebajraragijowarricemaizebajraragijowarricemaizebajraragijowarricemaizebajraragijowarricemaizebajraragijowarricemaizebajraragijowarricemaizebajraragijowarricemaizebajraragijowarricemaizebajraragijowarricemaizebajraragijowarricemaizebajraragijowarricemaizebajraragijowarricemaizebajraragijowarricemaizebajraragijowarricemaizebajraragijowarricemaizebajraragijowarricemaizebajraragijowarricemaizebajraragijowarricemaizebajraragijowarricemaizebajraragijowarricemaizebajraragijowarricemaizebajraragijowarricemaizebajraragijowarricemaizebajraragijowarricemaizebajraragijowarricemaizebajraragijowarricemaizebajraragijowarricemaizebajraragijowarricemaizebajraragijowarricemaizebajraragijowarricemaizebajraragijowarricemaizebajraragijowarricemaizebajraragijowarricemaizebajraragijowarricemaizebajraragijowarricemaizebajraragijowarricemaizebajraragijowarricemaizebajraragijowarricemaizebajraragijowarricemaizebajraragijowarricemaizebajraragijowarricemaizebajraragijowarricemaizebajraragijowarricemaizebajraragijowarricemaizebajraragijowarricemaizebajraragijowarricemaizebajraragijowarricemaizebajraragijowarricemaizebajraragijowarricemaizebajraragijowarricemaizebajraragijowarricemaizebajraragijowarricemaizebajraragijowarricemaizebajraragijowarricemaizebajraragijowarricemaizebajraragijowarricemaizebajraragijowarricemaizebajraragijowarricemaizebajraragijowarricemaizebajraragijowarricemaizebajraragijowarricemaizebajraragijowarricemaizebajraragijowarricemaizebajraragijowarricemaizebajraragijowarricemaizebajraragijowarricemaizebajraragijowarricemaizebajraragijowarricemaizebajraragijowarricemaizebajraragijowarricemaizebajraragijowarricemaizebajraragijowarricemaizebajraragijowarricemaizebajraragijowarricemaizebajraragijowarricemaizebajraragijowarricemaizebajraragijowarricemaizebajraragijowarricemaizebajraragijowarricemaizebajraragijowarricemaizebajraragijowarricemaizebajraragijowarricemaizebajraragijowarricemaizebajraragijowarricemaizebajraragijowarricemaizebajraragijowarricemaizebajraragijowarricemaizebajraragijowarricemaizebajraragijowarricemaizebajraragijowarricemaizebajraragijowarricemaizebajraragijowarricemaizebajraragijowarricemaizebajraragijowarricemaizebajraragijowarricemaizebajraragijowarricemaizebajraragijowarricemaizebajraragijowarricemaizebajraragijowarricemaizebajraragijowarricemaizebajraragijowarricemaizebajraragijowarricemaizebajraragijowarricemaizebajraragijowarricemaizebajraragijowarricemaizebajraragijowarricemaizebajraragijowarricemaizebajraragijowarricemaizebajraragijowarricemaizebajraragijowarricemaizebajraragijowarricemaizebajraragijowarricemaizebajraragijowarricemaizebajraragijowarricemaizebajraragijowarricemaizebajraragijowarricemaizebajraragijowarricemaizebajraragijowarricemaizebajraragijowarricemaizebajraragijowarricemaizebajraragijowarricemaizebajraragijowarricemaizebajraragijowarricemaizebajraragijowarricemaizebajraragijowarricemaizebajraragijowarricemaizebajraragijowarricemaizebajraragijowarricemaizebajraragijowarricemaizebajraragijowarricemaizebajraragijowarricemaizebajraragijowarricemaizebajraragijowarricemaizebajraragijowarricemaizebajraragijowarricemaizebajraragijowarricemaizebajraragijowarricemaizebajraragijowarricemaizebajraragijowarricemaizebajraragijowarricemaizebajraragijowarricemaizebajraragijowarricemaizebajraragijowarricemaizebajraragijowarricemaizebajraragijowarricemaizebajraragijowarricemaizebajraragijowarricemaizebajraragijowarricemaizebajraragijowarricemaizebajraragijowarricemaizebajraragijowarricemaizebajraragijowarricemaizebajraragijowarricemaizebajraragijowarricemaizebajraragijowarricemaizebajraragijowarricemaizebajraragijowarricemaizebajraragijowarricemaizebajraragijowarricemaizebajraragijowarricemaizebajraragijowarricemaizebajraragijowarricemaizebajraragijowarricemaizebajraragijowarricemaizebajraragijowarricemaizebajraragijowarricemaizebajraragijowarricemaizebajraragijowarricemaizebajraragijowarricemaizebajraragijowarricemaizebajraragijowarricemaizebajraragijowarricemaizebajraragijowarricemaizebajraragijowarricemaizebajraragijowarricemaizebajraragijowarricemaizebajraragijowarricemaizebajraragijowarricemaizebajraragijowarricemaizebajraragijowarricemaizebajraragijowarricemaizebajraragijowarricemaizebajraragijowarricemaizebajraragijowarricemaizebajraragijowarricemaizebajraragijowarricemaizebajraragijowarricemaizebajraragijowarricemaizebajraragijowarricemaizebajraragijowarricemaizebajraragijowarricemaizebajraragijowarricemaizebajraragijowarricemaizebajraragijowarricemaizebajraragijowarricemaizebajraragijowarricemaizebajraragijowarricemaizebajraragijowarricemaizebajraragijowarricemaizebajraragijowarricemaizebajraragijowarricemaizebajraragijowarricemaizebajraragijowarricemaizebajraragijowarricemaizebajraragijowarricemaizebajraragijowarricemaizebajraragijowarricemaizebajraragijowarricemaizebajraragijowarricemaizebajraragijowarricemaizebajraragijowarricemaizebajraragijowarricemaizebajraragijowarricemaizebajraragijowarricemaizebajraragijowarricemaizebajraragijowarricemaizebajraragijowarricemaizebajraragijowarricemaizebajraragijowarricemaizebajraragijowarricemaizebajraragijowarricemaizebajraragijowarricemaizebajraragijowarricemaizebajraragijowarricemaizebajraragijowarricemaizebajraragijowarricemaizebajraragijowarricemaizebajraragijowarricemaizebajraragijowarricemaizebajraragijowarricemaizebajraragijowarricemaizebajraragijowarricemaizebajraragijowarricemaizebajraragijowarricemaizebajraragijowarricemaizebajraragijowarricemaizebajraragijowarricemaizebajraragijowarricemaizebajraragijowarricemaizebajraragijowarricemaizebajraragijowarricemaizebajraragijowarricemaizebajraragijowarricemaizebajraragijowarricemaizebajraragijowarricemaizebajraragijowarricemaizebajraragijowarricemaizebajraragijowarricemaizebajraragijowarricemaizebajraragijowarricemaizebajraragijowarricemaizebajraragijowarricemaizebajraragijowarricemaizebajraragijowarricemaizebajraragijowarricemaizebajraragijowarricemaizebajraragijowarricemaizebajraragijowarricemaizebajraragijowarricemaizebajraragijowarricemaizebajraragijowarricemaizebajraragijowarricemaizebajraragijowarricemaizebajraragijowarricemaizebajraragijowarricemaizebajraragijowarricemaizebajraragijowarricemaizebajraragijowarricemaizebajraragijowarricemaizebajraragijowarricemaizebajraragijowarricemaizebajraragijowarricemaizebajraragijowarricemaizebajraragijowarricemaizebajraragijowarricemaizebajraragijowarricemaizebajraragijowarricemaizebajraragijowarricemaizebajraragijowarricemaizebajraragijowarricemaizebajraragijowarricemaizebajraragijowarricemaizebajraragijowarricemaizebajraragijowarricemaizebajraragijowarricemaizebajraragijowarricemaizebajraragijowarricemaizebajraragijowarricemaizebajraragijowarricemaizebajraragijowarricemaizebajraragijowarricemaizebajraragijowarricemaizebajraragijowarricemaizebajraragijowarricemaizebajraragijowarricemaizebajraragijowarricemaizebajraragijowarricemaizebajraragijowarricemaizebajraragijowarricemaizebajraragijowarricemaizebajraragijowarricemaizebajraragijowarricemaizebajraragijowarricemaizebajraragijowarricemaizebajraragijowarricemaizebajraragijowarricemaizebajraragijowarricemaizebajraragijowarricemaizebajraragijowarricemaizebajraragijowarricemaizebajraragijowarricemaizebajraragijowarricemaizebajraragijowarricemaizebajraragijowarricemaizebajraragijowarricemaizebajraragijowarricemaizebajraragijowarricemaizebajraragijowarricemaizebajraragijowarricemaizebajraragijowarricemaizebajraragijowarricemaizebajraragijowarricemaizebajraragijowarricemaizebajraragijowarricemaizebajraragijowarricemaizebajraragijowarricemaizebajraragijowarricemaizebajraragijowarricemaizebajraragijowarricemaizebajraragijowarricemaizebajraragijowarricemaizebajraragijowarricemaizebajraragijowarricemaizebajraragijowarricemaizebajraragijowarricemaizebajraragijowarricemaizebajraragijowarricemaizebajraragijowarricemaizebajraragijowarricemaizebajraragijowarricemaizebajraragijowarricemaizebajraragijowarricemaizebajraragijowarricemaizebajraragijowarricemaizebajraragijowarricemaizebajraragijowarricemaizebajraragijowarricemaizebajraragijowarricemaizebajraragijowarricemaizebajraragijowarricemaizebajraragijowarricemaizebajraragijowarricemaizebajraragijowarricemaizebajraragijowarricemaizebajraragijowarricemaizebajraragijowarricemaizebajraragijowarricemaizebajraragijowarricemaizebajraragijowarricemaizebajraragijowarricemaizebajraragijowarricemaizebajraragijowarricemaizebajraragijowarricemaizebajraragijowarricemaizebajraragijowarricemaizebajraragijowarricemaizebajraragijowarricemaizebajraragijowarricemaizebajraragijowarricemaizebajraragijowarricemaizebajraragijowarricemaizebajraragijowarricemaizebajraragijowarricemaizebajraragijowarricemaizebajraragijowarricemaizebajraragijowarricemaizebajraragijowarricemaizebajraragijowarricemaizebajraragijowarricemaizebajraragijowarricemaizebajraragijowarricemaizebajraragijowarricemaizebajraragijowarricemaizebajraragijowarricemaizebajraragijowarricemaizebajraragijowarricemaizebajraragijowarricemaizebajraragijowarricemaizebajraragijowarricemaizebajraragijowarricemaizebajraragijowarricemaizebajraragijowarricemaizebajraragijowarricemaizebajraragijowarricemaizebajraragijowarricemaizebajraragijowarricemaizebajraragijowarricemaizebajraragijowarricemaizebajraragijowarricemaizebajraragijowarricemaizebajraragijowarricemaizebajraragijowarricemaizebajraragijowarricemaizebajraragijowarricemaizebajraragijowarricemaizebajraragijowarricemaizebajraragijowarricemaizebajraragijowarricemaizebajraragijowarricemaizebajraragijowarricemaizebajraragijowarricemaizebajraragijowarricemaizebajraragijowarricemaizebajraragijowarricemaizebajraragijowarricemaizebajraragijowarricemaizebajraragijowarricemaizebajraragijowarricemaizebajraragijowarricemaizebajraragijowar,41101.2,41101.2,26228.284875,69551365.50240493,67393399.9985116,4913053.48792112,5286221.298912558,1805154.1896757176,1967411.5266177282,4047670.712975973,4421239.288931673,1572214.5582259314,1773438.5866219979,238690505978.51602,238690505994.7251,58902.214021626576,297509.8166327756,2375577.9414455984,2594825.338673999,125073.02503095755,136616.29402798868,161622236.68264943,268002468.2368995,33382156.446439363,-7421868.778368711,41101.2,39.69375067852576,8.449408673511718,11.346546190773545,7.0592544256178495,8.247249482214581,6.790833954699725e-09,549.7810112694635,80.2015897531438,8.449408673511709,8.44940867351172
20,nagaland,ariyalurariyalurariyalurariyalurariyalurcoimbatorecoimbatorecoimbatorecoimbatorecoimbatorecuddalorecuddalorecuddalorecuddalorecuddaloredharmapuridharmapuridharmapuridharmapuridharmapuridindiguldindiguldindiguldindiguldindigulerodeerodeerodeerodeerodekancheepuramkancheepuramkancheepuramkancheepuramkancheepuramkanniyakumarikanniyakumarikanniyakumarikanniyakumarikanniyakumarikarurkarurkarurkarurkarurkrishnagirikrishnagirikrishnagirikrishnagirikrishnagirimaduraimaduraimaduraimaduraimadurainagappattinamnagappattinamnagappattinamnagappattinamnagappattinamnamakkalnamakkalnamakkalnamakkalnamakkalperambalurperambalurperambalurperambalurperambalurpudukkottaipudukkottaipudukkottaipudukkottaipudukkottairamanathapuramramanathapuramramanathapuramramanathapuramramanathapuramsalemsalemsalemsalemsalemsivagangasivagangasivagangasivagangasivagangathanjavurthanjavurthanjavurthanjavurthanjavurthe nilgiristhe nilgiristhe nilgiristhe nilgiristhe nilgiristhenithenithenithenithenithiruvallurthiruvallurthiruvallurthiruvallurthiruvallurthiruvarurthiruvarurthiruvarurthiruvarurthiruvarurtiruchirappallitiruchirappallitiruchirappallitiruchirappallitiruchirappallitirunelvelitirunelvelitirunelvelitirunelvelitirunelvelitiruppurtiruppurtiruppurtiruppurtiruppurtiruvannamalaitiruvannamalaitiruvannamalaitiruvannamalaitiruvannamalaituticorintuticorintuticorintuticorintuticorinvellorevellorevellorevellorevelloreviluppuramviluppuramviluppuramviluppuramviluppuramvirudhunagarvirudhunagarvirudhunagarvirudhunagarvirudhunagaramritsaramritsaramritsaramritsaramritsarbarnalabarnalabarnalabarnalabarnalabathindabathindabathindabathindabathindafaridkotfaridkotfaridkotfaridkotfaridkotfatehgarh sahibfatehgarh sahibfatehgarh sahibfatehgarh sahibfatehgarh sahibfazilkafazilkafazilkafazilkafazilkafirozpurfirozpurfirozpurfirozpurfirozpurgurdaspurgurdaspurgurdaspurgurdaspurgurdaspurhoshiarpurhoshiarpurhoshiarpurhoshiarpurhoshiarpurjalandharjalandharjalandharjalandharjalandharkapurthalakapurthalakapurthalakapurthalakapurthalaludhianaludhianaludhianaludhianaludhianamansamansamansamansamansamogamogamogamogamogamuktsarmuktsarmuktsarmuktsarmuktsarpathankotpathankotpathankotpathankotpathankotpatialapatialapatialapatialapatialarupnagarrupnagarrupnagarrupnagarrupnagarsangrursangrursangrursangrursangrurshahid bhagat singh nagarshahid bhagat singh nagarshahid bhagat singh nagarshahid bhagat singh nagarshahid bhagat singh nagartarn tarantarn tarantarn tarantarn tarantarn taranambalaambalaambalaambalaambalabhiwanibhiwanibhiwanibhiwanibhiwanicharki dadricharki dadricharki dadricharki dadricharki dadrifaridabadfaridabadfaridabadfaridabadfaridabadfatehabadfatehabadfatehabadfatehabadfatehabadgurgaongurgaongurgaongurgaongurgaonhisarhisarhisarhisarhisarjhajjarjhajjarjhajjarjhajjarjhajjarjindjindjindjindjindkaithalkaithalkaithalkaithalkaithalkarnalkarnalkarnalkarnalkarnalkurukshetrakurukshetrakurukshetrakurukshetrakurukshetramewatmewatmewatmewatmewatpalwalpalwalpalwalpalwalpalwalpanchkulapanchkulapanchkulapanchkulapanchkulapanipatpanipatpanipatpanipatpanipatrewarirewarirewarirewarirewarirohtakrohtakrohtakrohtakrohtaksirsasirsasirsasirsasirsasonipatsonipatsonipatsonipatsonipatyamunanagaryamunanagaryamunanagaryamunanagaryamunanagaranantapuranantapuranantapuranantapuranantapurchittoorchittoorchittoorchittoorchittooreast godavarieast godavarieast godavarieast godavarieast godavarigunturgunturgunturgunturgunturkadapakadapakadapakadapakadapakrishnakrishnakrishnakrishnakrishnakurnoolkurnoolkurnoolkurnoolkurnoolprakasamprakasamprakasamprakasamprakasamnellorenellorenellorenellorenelloresrikakulamsrikakulamsrikakulamsrikakulamsrikakulamvisakhapatnamvisakhapatnamvisakhapatnamvisakhapatnamvisakhapatnamvizianagaramvizianagaramvizianagaramvizianagaramvizianagaramwest godavariwest godavariwest godavariwest godavariwest godavariballariballariballariballariballaribangalore ruralbangalore ruralbangalore ruralbangalore ruralbangalore ruralbelagavibelagavibelagavibelagavibelagavibengaluru urbanbengaluru urbanbengaluru urbanbengaluru urbanbengaluru urbanbidarbidarbidarbidarbidarchamarajanagarachamarajanagarachamarajanagarachamarajanagarachamarajanagarachikkaballapurachikkaballapurachikkaballapurachikkaballapurachikkaballapurachikmagalurchikmagalurchikmagalurchikmagalurchikmagalurchitradurgachitradurgachitradurgachitradurgachitradurgadakshina kannadadakshina kannadadakshina kannadadakshina kannadadakshina kannadadavangeredavangeredavangeredavangeredavangeredharwaddharwaddharwaddharwaddharwadgadaggadaggadaggadaggadaghassanhassanhassanhassanhassanhaverihaverihaverihaverihaverikalaburagikalaburagikalaburagikalaburagikalaburagikodagukodagukodagukodagukodagukolarkolarkolarkolarkolarkoppalkoppalkoppalkoppalkoppalmandyamandyamandyamandyamandyamysurumysurumysurumysurumysururaichurraichurraichurraichurraichurramanagararamanagararamanagararamanagararamanagarashivamoggashivamoggashivamoggashivamoggashivamoggatumakurutumakurutumakurutumakurutumakuruudupiudupiudupiudupiudupiuttara kannadauttara kannadauttara kannadauttara kannadauttara kannadavijayapuravijayapuravijayapuravijayapuravijayapurayadgiryadgiryadgiryadgiryadgiralmoraalmoraalmoraalmoraalmorabageshwarbageshwarbageshwarbageshwarbageshwarchamolichamolichamolichamolichamolichampawatchampawatchampawatchampawatchampawatdehradundehradundehradundehradundehradunhardwarhardwarhardwarhardwarhardwarnainitalnainitalnainitalnainitalnainitalpauri garhwalpauri garhwalpauri garhwalpauri garhwalpauri garhwalpithoragarhpithoragarhpithoragarhpithoragarhpithoragarhrudra prayagrudra prayagrudra prayagrudra prayagrudra prayagtehri garhwaltehri garhwaltehri garhwaltehri garhwaltehri garhwaludham singh nagarudham singh nagarudham singh nagarudham singh nagarudham singh nagaruttar kashiuttar kashiuttar kashiuttar kashiuttar kashispsr nellorespsr nellorespsr nellorespsr nellorespsr nellorevisakhapatanamvisakhapatanamvisakhapatanamvisakhapatanamvisakhapatanamparaganas northparaganas northparaganas northparaganas northparaganas northparaganas southparaganas southparaganas southparaganas southparaganas southalipurduaralipurduaralipurduaralipurduaralipurduarbankurabankurabankurabankurabankurabirbhumbirbhumbirbhumbirbhumbirbhumcoochbeharcoochbeharcoochbeharcoochbeharcoochbehardarjeelingdarjeelingdarjeelingdarjeelingdarjeelingdakshin dinajpurdakshin dinajpurdakshin dinajpurdakshin dinajpurdakshin dinajpuruttar dinajpuruttar dinajpuruttar dinajpuruttar dinajpuruttar dinajpurhooghlyhooghlyhooghlyhooghlyhooghlyhowrahhowrahhowrahhowrahhowrahjalpaigurijalpaigurijalpaigurijalpaigurijalpaigurijhargramjhargramjhargramjhargramjhargramkalimpongkalimpongkalimpongkalimpongkalimpongmaldahmaldahmaldahmaldahmaldahmedinipur eastmedinipur eastmedinipur eastmedinipur eastmedinipur eastmedinipur westmedinipur westmedinipur westmedinipur westmedinipur westmurshidabadmurshidabadmurshidabadmurshidabadmurshidabadnadianadianadianadianadiabarddhamanbarddhamanbarddhamanbarddhamanbarddhamanpuruliyapuruliyapuruliyapuruliyapuruliyaalappuzhaalappuzhaalappuzhaalappuzhaalappuzhaernakulamernakulamernakulamernakulamernakulamidukkiidukkiidukkiidukkiidukkikannurkannurkannurkannurkannurkasaragodkasaragodkasaragodkasaragodkasaragodkollamkollamkollamkollamkollamkottayamkottayamkottayamkottayamkottayamkozhikodekozhikodekozhikodekozhikodekozhikodemalappurammalappurammalappurammalappurammalappurampalakkadpalakkadpalakkadpalakkadpalakkadpathanamthittapathanamthittapathanamthittapathanamthittapathanamthittathiruvananthapuramthiruvananthapuramthiruvananthapuramthiruvananthapuramthiruvananthapuramthrissurthrissurthrissurthrissurthrissurwayanadwayanadwayanadwayanadwayanadbagalkotbagalkotbagalkotbagalkotbagalkotchikballapurachikballapurachikballapurachikballapurachikballapurachikkamagaluruchikkamagaluruchikkamagaluruchikkamagaluruchikkamagalurudavanageredavanageredavanageredavanageredavanagereyadagiriyadagiriyadagiriyadagiriyadagiriagraagraagraagraagraaligarhaligarhaligarhaligarhaligarhallahabadallahabadallahabadallahabadallahabadambedkar nagarambedkar nagarambedkar nagarambedkar nagarambedkar nagaramethiamethiamethiamethiamethiamrohaamrohaamrohaamrohaamrohaauraiyaauraiyaauraiyaauraiyaauraiyaazamgarhazamgarhazamgarhazamgarhazamgarhbaghpatbaghpatbaghpatbaghpatbaghpatbahraichbahraichbahraichbahraichbahraichballiaballiaballiaballiaballiabalrampurbalrampurbalrampurbalrampurbalrampurbandabandabandabandabandabarabankibarabankibarabankibarabankibarabankibareillybareillybareillybareillybareillybastibastibastibastibastibijnorbijnorbijnorbijnorbijnorbudaunbudaunbudaunbudaunbudaunbulandshahrbulandshahrbulandshahrbulandshahrbulandshahrchandaulichandaulichandaulichandaulichandaulichitrakootchitrakootchitrakootchitrakootchitrakootdeoriadeoriadeoriadeoriadeoriaetahetahetahetahetahetawahetawahetawahetawahetawahfaizabadfaizabadfaizabadfaizabadfaizabadfarrukhabadfarrukhabadfarrukhabadfarrukhabadfarrukhabadfatehpurfatehpurfatehpurfatehpurfatehpurfirozabadfirozabadfirozabadfirozabadfirozabadkanpur nagarkanpur nagarkanpur nagarkanpur nagarkanpur nagarghaziabadghaziabadghaziabadghaziabadghaziabadghazipurghazipurghazipurghazipurghazipurgondagondagondagondagondagorakhpurgorakhpurgorakhpurgorakhpurgorakhpurhamirpurhamirpurhamirpurhamirpurhamirpurhapurhapurhapurhapurhapurhardoihardoihardoihardoihardoihathrashathrashathrashathrashathrasjalaunjalaunjalaunjalaunjalaunjaunpurjaunpurjaunpurjaunpurjaunpurjhansijhansijhansijhansijhansikannaujkannaujkannaujkannaujkannaujkanpur dehatkanpur dehatkanpur dehatkanpur dehatkanpur dehatkasganjkasganjkasganjkasganjkasganjkaushambikaushambikaushambikaushambikaushambilakhimpur kherilakhimpur kherilakhimpur kherilakhimpur kherilakhimpur kherikushinagarkushinagarkushinagarkushinagarkushinagarlalitpurlalitpurlalitpurlalitpurlalitpurlucknowlucknowlucknowlucknowlucknowmaharajganjmaharajganjmaharajganjmaharajganjmaharajganjmahobamahobamahobamahobamahobamainpurimainpurimainpurimainpurimainpurimathuramathuramathuramathuramathuramaumaumaumaumaumeerutmeerutmeerutmeerutmeerutmirzapurmirzapurmirzapurmirzapurmirzapurmoradabadmoradabadmoradabadmoradabadmoradabadmuzaffarnagarmuzaffarnagarmuzaffarnagarmuzaffarnagarmuzaffarnagarpilibhitpilibhitpilibhitpilibhitpilibhitpratapgarhpratapgarhpratapgarhpratapgarhpratapgarhrae barelirae barelirae barelirae barelirae barelirampurrampurrampurrampurrampursaharanpursaharanpursaharanpursaharanpursaharanpursambhalsambhalsambhalsambhalsambhalsant kabeer nagarsant kabeer nagarsant kabeer nagarsant kabeer nagarsant kabeer nagarsant ravi das nagarsant ravi das nagarsant ravi das nagarsant ravi das nagarsant ravi das nagarshahajahanpurshahajahanpurshahajahanpurshahajahanpurshahajahanpurshamlishamlishamlishamlishamlishravastishravastishravastishravastishravastisiddharth nagarsiddharth nagarsiddharth nagarsiddharth nagarsiddharth nagarsitapursitapursitapursitapursitapursonbhadrasonbhadrasonbhadrasonbhadrasonbhadrasultanpursultanpursultanpursultanpursultanpurunnaounnaounnaounnaounnaovaranasivaranasivaranasivaranasivaranasiahmednagarahmednagarahmednagarahmednagarahmednagaramravatiamravatiamravatiamravatiamravatibeedbeedbeedbeedbeedbhandarabhandarabhandarabhandarabhandarachandrapurchandrapurchandrapurchandrapurchandrapurdhuledhuledhuledhuledhulegadchiroligadchiroligadchiroligadchiroligadchiroligondiagondiagondiagondiagondiakolhapurkolhapurkolhapurkolhapurkolhapurlaturlaturlaturlaturlaturnagpurnagpurnagpurnagpurnagpurnandednandednandednandednandednandurbarnandurbarnandurbarnandurbarnandurbarnashiknashiknashiknashiknashikosmanabadosmanabadosmanabadosmanabadosmanabadpalgharpalgharpalgharpalgharpalgharpunepunepunepunepuneraigadraigadraigadraigadraigadratnagiriratnagiriratnagiriratnagiriratnagirisanglisanglisanglisanglisanglisatarasatarasatarasatarasatarasindhudurgsindhudurgsindhudurgsindhudurgsindhudurgsolapursolapursolapursolapursolapurthanethanethanethanethaneanantnaganantnaganantnaganantnaganantnagbadgambadgambadgambadgambadgambandiporabandiporabandiporabandiporabandiporabaramullabaramullabaramullabaramullabaramulladodadodadodadodadodaganderbalganderbalganderbalganderbalganderbaljammujammujammujammujammukathuakathuakathuakathuakathuakishtwarkishtwarkishtwarkishtwarkishtwarkulgamkulgamkulgamkulgamkulgamkupwarakupwarakupwarakupwarakupwarapoonchpoonchpoonchpoonchpoonchpulwamapulwamapulwamapulwamapulwamarajaurirajaurirajaurirajaurirajaurirambanrambanrambanrambanrambanreasireasireasireasireasisambasambasambasambasambashopianshopianshopianshopianshopiansrinagarsrinagarsrinagarsrinagarsrinagarudhampurudhampurudhampurudhampurudhampurahmadabadahmadabadahmadabadahmadabadahmadabadanandanandanandanandanandaravalliaravalliaravalliaravalliaravallibharuchbharuchbharuchbharuchbharuchchhotaudepurchhotaudepurchhotaudepurchhotaudepurchhotaudepurdangdangdangdangdangdohaddohaddohaddohaddohadgandhinagargandhinagargandhinagargandhinagargandhinagarkhedakhedakhedakhedakhedamahesanamahesanamahesanamahesanamahesanamahisagarmahisagarmahisagarmahisagarmahisagarnarmadanarmadanarmadanarmadanarmadanavsarinavsarinavsarinavsarinavsaripanch mahalspanch mahalspanch mahalspanch mahalspanch mahalssabar kanthasabar kanthasabar kanthasabar kanthasabar kanthasuratsuratsuratsuratsuratsurendranagarsurendranagarsurendranagarsurendranagarsurendranagartapitapitapitapitapivadodaravadodaravadodaravadodaravadodaravalsadvalsadvalsadvalsadvalsadajmerajmerajmerajmerajmeralwaralwaralwaralwaralwarbanswarabanswarabanswarabanswarabanswarabaranbaranbaranbaranbaranbharatpurbharatpurbharatpurbharatpurbharatpurbhilwarabhilwarabhilwarabhilwarabhilwarabundibundibundibundibundichittorgarhchittorgarhchittorgarhchittorgarhchittorgarhdholpurdholpurdholpurdholpurdholpurdungarpurdungarpurdungarpurdungarpurdungarpurganganagarganganagarganganagarganganagarganganagarhanumangarhhanumangarhhanumangarhhanumangarhhanumangarhjhalawarjhalawarjhalawarjhalawarjhalawarkaraulikaraulikaraulikaraulikaraulikotakotakotakotakotarajsamandrajsamandrajsamandrajsamandrajsamandsawai madhopursawai madhopursawai madhopursawai madhopursawai madhopurtonktonktonktonktonkudaipurudaipurudaipurudaipurudaipurarariaarariaarariaarariaarariaarwalarwalarwalarwalarwalaurangabadaurangabadaurangabadaurangabadaurangabadbankabankabankabankabankabegusaraibegusaraibegusaraibegusaraibegusaraibhagalpurbhagalpurbhagalpurbhagalpurbhagalpurbhojpurbhojpurbhojpurbhojpurbhojpurbuxarbuxarbuxarbuxarbuxardarbhangadarbhangadarbhangadarbhangadarbhangagayagayagayagayagayagopalganjgopalganjgopalganjgopalganjgopalganjjamuijamuijamuijamuijamuijehanabadjehanabadjehanabadjehanabadjehanabadkaimurkaimurkaimurkaimurkaimurkatiharkatiharkatiharkatiharkatiharkhagariakhagariakhagariakhagariakhagariakishanganjkishanganjkishanganjkishanganjkishanganjlakhisarailakhisarailakhisarailakhisarailakhisaraimadhepuramadhepuramadhepuramadhepuramadhepuramadhubanimadhubanimadhubanimadhubanimadhubanimungermungermungermungermungermuzaffarpurmuzaffarpurmuzaffarpurmuzaffarpurmuzaffarpurnalandanalandanalandanalandanalandanawadanawadanawadanawadanawadapashchim champaranpashchim champaranpashchim champaranpashchim champaranpashchim champaranpatnapatnapatnapatnapatnapurbi champaranpurbi champaranpurbi champaranpurbi champaranpurbi champaranpurniapurniapurniapurniapurniarohtasrohtasrohtasrohtasrohtassaharsasaharsasaharsasaharsasaharsasamastipursamastipursamastipursamastipursamastipursaransaransaransaransaransheikhpurasheikhpurasheikhpurasheikhpurasheikhpurasheoharsheoharsheoharsheoharsheoharsitamarhisitamarhisitamarhisitamarhisitamarhisiwansiwansiwansiwansiwansupaulsupaulsupaulsupaulsupaulvaishalivaishalivaishalivaishalivaishalidinajpur dakshindinajpur dakshindinajpur dakshindinajpur dakshindinajpur dakshindinajpur uttardinajpur uttardinajpur uttardinajpur uttardinajpur uttarpaschim bardhamanpaschim bardhamanpaschim bardhamanpaschim bardhamanpaschim bardhamanpurba bardhamanpurba bardhamanpurba bardhamanpurba bardhamanpurba bardhamanpuruliapuruliapuruliapuruliapurulianagapattinamnagapattinamnagapattinamnagapattinamnagapattinamvirudunagarvirudunagarvirudunagarvirudunagarvirudunagaranugulanugulanugulanugulanugulbalangirbalangirbalangirbalangirbalangirbaleshwarbaleshwarbaleshwarbaleshwarbaleshwarbargarhbargarhbargarhbargarhbargarhbhadrakbhadrakbhadrakbhadrakbhadrakboudhboudhboudhboudhboudhcuttackcuttackcuttackcuttackcuttackdeogarhdeogarhdeogarhdeogarhdeogarhdhenkanaldhenkanaldhenkanaldhenkanaldhenkanalgajapatigajapatigajapatigajapatigajapatiganjamganjamganjamganjamganjamjagatsinghapurjagatsinghapurjagatsinghapurjagatsinghapurjagatsinghapurjajapurjajapurjajapurjajapurjajapurjharsugudajharsugudajharsugudajharsugudajharsugudakalahandikalahandikalahandikalahandikalahandikandhamalkandhamalkandhamalkandhamalkandhamalkendraparakendraparakendraparakendraparakendraparakendujharkendujharkendujharkendujharkendujharkhordhakhordhakhordhakhordhakhordhakoraputkoraputkoraputkoraputkoraputmalkangirimalkangirimalkangirimalkangirimalkangirimayurbhanjmayurbhanjmayurbhanjmayurbhanjmayurbhanjnabarangpurnabarangpurnabarangpurnabarangpurnabarangpurnayagarhnayagarhnayagarhnayagarhnayagarhnuapadanuapadanuapadanuapadanuapadapuripuripuripuripurirayagadarayagadarayagadarayagadarayagadasambalpursambalpursambalpursambalpursambalpursonepursonepursonepursonepursonepursundargarhsundargarhsundargarhsundargarhsundargarhbaksabaksabaksabaksabaksabarpetabarpetabarpetabarpetabarpetabongaigaonbongaigaonbongaigaonbongaigaonbongaigaoncacharcacharcacharcacharcacharchirangchirangchirangchirangchirangdarrangdarrangdarrangdarrangdarrangdhemajidhemajidhemajidhemajidhemajidhubridhubridhubridhubridhubridibrugarhdibrugarhdibrugarhdibrugarhdibrugarhdima hasaodima hasaodima hasaodima hasaodima hasaogoalparagoalparagoalparagoalparagoalparagolaghatgolaghatgolaghatgolaghatgolaghathailakandihailakandihailakandihailakandihailakandijorhatjorhatjorhatjorhatjorhatkamrupkamrupkamrupkamrupkamrupkarbi anglongkarbi anglongkarbi anglongkarbi anglongkarbi anglongkarimganjkarimganjkarimganjkarimganjkarimganjkokrajharkokrajharkokrajharkokrajharkokrajharlakhimpurlakhimpurlakhimpurlakhimpurlakhimpurmorigaonmorigaonmorigaonmorigaonmorigaonnagaonnagaonnagaonnagaonnagaonnalbarinalbarinalbarinalbarinalbarisivasagarsivasagarsivasagarsivasagarsivasagarsonitpursonitpursonitpursonitpursonitpurtinsukiatinsukiatinsukiatinsukiatinsukiaudalguriudalguriudalguriudalguriudalguribokarobokarobokarobokarobokarochatrachatrachatrachatrachatradeoghardeoghardeoghardeoghardeoghardhanbaddhanbaddhanbaddhanbaddhanbaddumkadumkadumkadumkadumkaeast singhbumeast singhbumeast singhbumeast singhbumeast singhbumgarhwagarhwagarhwagarhwagarhwagiridihgiridihgiridihgiridihgiridihgoddagoddagoddagoddagoddagumlagumlagumlagumlagumlahazaribaghhazaribaghhazaribaghhazaribaghhazaribaghjamtarajamtarajamtarajamtarajamtarakhuntikhuntikhuntikhuntikhuntikodermakodermakodermakodermakodermalateharlateharlateharlateharlateharlohardagalohardagalohardagalohardagalohardagapakurpakurpakurpakurpakurpalamupalamupalamupalamupalamuramgarhramgarhramgarhramgarhramgarhranchiranchiranchiranchiranchisahibganjsahibganjsahibganjsahibganjsahibganjsaraikelakharsawansaraikelakharsawansaraikelakharsawansaraikelakharsawansaraikelakharsawansimdegasimdegasimdegasimdegasimdegawest singhbhumwest singhbhumwest singhbhumwest singhbhumwest singhbhumbilaspurbilaspurbilaspurbilaspurbilaspurchambachambachambachambachambakangrakangrakangrakangrakangrakinnaurkinnaurkinnaurkinnaurkinnaurkullukullukullukullukullumandimandimandimandimandishimlashimlashimlashimlashimlasirmaursirmaursirmaursirmaursirmaursolansolansolansolansolanunaunaunaunaunakaimur (bhabua)kaimur (bhabua)kaimur (bhabua)kaimur (bhabua)kaimur (bhabua)baloda bazarbaloda bazarbaloda bazarbaloda bazarbaloda bazaruttar bastar kankeruttar bastar kankeruttar bastar kankeruttar bastar kankeruttar bastar kankerbemetarabemetarabemetarabemetarabemetarabijapurbijapurbijapurbijapurbijapurdantewadadantewadadantewadadantewadadantewadadhamtaridhamtaridhamtaridhamtaridhamtaridurgdurgdurgdurgdurggariabandgariabandgariabandgariabandgariabandjanjgirchampajanjgirchampajanjgirchampajanjgirchampajanjgirchampajashpurjashpurjashpurjashpurjashpurkabirdhamkabirdhamkabirdhamkabirdhamkabirdhamkondagaonkondagaonkondagaonkondagaonkondagaonkorbakorbakorbakorbakorbakoreakoreakoreakoreakoreamahasamundmahasamundmahasamundmahasamundmahasamundmungelimungelimungelimungelimungelinarayanpurnarayanpurnarayanpurnarayanpurnarayanpurraigarhraigarhraigarhraigarhraigarhraipurraipurraipurraipurraipurrajnandgaonrajnandgaonrajnandgaonrajnandgaonrajnandgaonsukmasukmasukmasukmasukmasurajpursurajpursurajpursurajpursurajpursurgujasurgujasurgujasurgujasurgujalahul and spitilahul and spitilahul and spitilahul and spitilahul and spitiarvalliarvalliarvalliarvalliarvallibanas kanthabanas kanthabanas kanthabanas kanthabanas kanthadevbhumi dwarkadevbhumi dwarkadevbhumi dwarkadevbhumi dwarkadevbhumi dwarkakachchhkachchhkachchhkachchhkachchhpatanpatanpatanpatanpatanrajkotrajkotrajkotrajkotrajkotahmadnagarahmadnagarahmadnagarahmadnagarahmadnagarakolaakolaakolaakolaakolabuldhanabuldhanabuldhanabuldhanabuldhanahingolihingolihingolihingolihingolijalgaonjalgaonjalgaonjalgaonjalgaonjalnajalnajalnajalnajalnaparbhaniparbhaniparbhaniparbhaniparbhaniwashimwashimwashimwashimwashimyavatmalyavatmalyavatmalyavatmalyavatmalagar malwaagar malwaagar malwaagar malwaagar malwaalirajpuralirajpuralirajpuralirajpuralirajpuranuppuranuppuranuppuranuppuranuppurashoknagarashoknagarashoknagarashoknagarashoknagarbalaghatbalaghatbalaghatbalaghatbalaghatbarwanibarwanibarwanibarwanibarwanibetulbetulbetulbetulbetulbhopalbhopalbhopalbhopalbhopalburhanpurburhanpurburhanpurburhanpurburhanpurchhatarpurchhatarpurchhatarpurchhatarpurchhatarpurchhindwarachhindwarachhindwarachhindwarachhindwaradamohdamohdamohdamohdamohdatiadatiadatiadatiadatiadewasdewasdewasdewasdewasdhardhardhardhardhardindoridindoridindoridindoridindorigunagunagunagunagunagwaliorgwaliorgwaliorgwaliorgwaliorhardahardahardahardahardahoshangabadhoshangabadhoshangabadhoshangabadhoshangabadindoreindoreindoreindoreindorejabalpurjabalpurjabalpurjabalpurjabalpurjhabuajhabuajhabuajhabuajhabuakatnikatnikatnikatnikatnikhandwakhandwakhandwakhandwakhandwakhargonekhargonekhargonekhargonekhargonemandlamandlamandlamandlamandlamandsaurmandsaurmandsaurmandsaurmandsaurmorenamorenamorenamorenamorenanarsinghpurnarsinghpurnarsinghpurnarsinghpurnarsinghpurneemuchneemuchneemuchneemuchneemuchpannapannapannapannapannaraisenraisenraisenraisenraisenrajgarhrajgarhrajgarhrajgarhrajgarhratlamratlamratlamratlamratlamrewarewarewarewarewasagarsagarsagarsagarsagarsatnasatnasatnasatnasatnasehoresehoresehoresehoresehoreseoniseoniseoniseoniseonishahdolshahdolshahdolshahdolshahdolshajapurshajapurshajapurshajapurshajapursheopursheopursheopursheopursheopurshivpurishivpurishivpurishivpurishivpurisidhisidhisidhisidhisidhisingraulisingraulisingraulisingraulisingraulitikamgarhtikamgarhtikamgarhtikamgarhtikamgarhujjainujjainujjainujjainujjainumariaumariaumariaumariaumariavidishavidishavidishavidishavidishabarmerbarmerbarmerbarmerbarmerchittaurgarhchittaurgarhchittaurgarhchittaurgarhchittaurgarhchuruchuruchuruchuruchurudausadausadausadausadausajaipurjaipurjaipurjaipurjaipurjalorejalorejalorejalorejalorejodhpurjodhpurjodhpurjodhpurjodhpurnagaurnagaurnagaurnagaurnagaurpalipalipalipalipalisikarsikarsikarsikarsikarsirohisirohisirohisirohisirohiharidwarharidwarharidwarharidwarharidwarudam singh nagarudam singh nagarudam singh nagarudam singh nagarudam singh nagarkanchipuramkanchipuramkanchipuramkanchipuramkanchipuramvillupuramvillupuramvillupuramvillupuramvillupurambhindbhindbhindbhindbhindbagalkotebagalkotebagalkotebagalkotebagalkotebuldanabuldanabuldanabuldanabuldanawardhawardhawardhawardhawardhasahebganjsahebganjsahebganjsahebganjsahebganjsaraikela kharsawansaraikela kharsawansaraikela kharsawansaraikela kharsawansaraikela kharsawangautam buddha nagargautam buddha nagargautam buddha nagargautam buddha nagargautam buddha nagarkherikherikherikherikherikushi nagarkushi nagarkushi nagarkushi nagarkushi nagarsant ravidas nagarsant ravidas nagarsant ravidas nagarsant ravidas nagarsant ravidas nagarmahendragarhmahendragarhmahendragarhmahendragarhmahendragarhjamnagarjamnagarjamnagarjamnagarjamnagarchamrajnagarchamrajnagarchamrajnagarchamrajnagarchamrajnagartumkurtumkurtumkurtumkurtumkurbalodbalodbalodbalodbalodbastarbastarbastarbastarbastargariyabandgariyabandgariyabandgariyabandgariyabandjanjgir-champajanjgir-champajanjgir-champajanjgir-champajanjgir-champakankerkankerkankerkankerkankeramreliamreliamreliamreliamrelibhavnagarbhavnagarbhavnagarbhavnagarbhavnagarbotadbotadbotadbotadbotadgir somnathgir somnathgir somnathgir somnathgir somnathjunagadhjunagadhjunagadhjunagadhjunagadhmorbimorbimorbimorbimorbikamrup metrokamrup metrokamrup metrokamrup metrokamrup metromarigaonmarigaonmarigaonmarigaonmarigaonbikanerbikanerbikanerbikanerbikanerjaisalmerjaisalmerjaisalmerjaisalmerjaisalmerjhunjhununjhunjhununjhunjhununjhunjhununjhunjhununshahjahanpurshahjahanpurshahjahanpurshahjahanpurshahjahanpurnicobarsnicobarsnicobarsnicobarsnicobarsnorth and middle andamannorth and middle andamannorth and middle andamannorth and middle andamannorth and middle andamansouth andamanssouth andamanssouth andamanssouth andamanssouth andamansanjawanjawanjawanjawanjawchanglangchanglangchanglangchanglangchanglangdibang valleydibang valleydibang valleydibang valleydibang valleyeast kamengeast kamengeast kamengeast kamengeast kamengeast siangeast siangeast siangeast siangeast siangkra daadikra daadikra daadikra daadikra daadikurung kumeykurung kumeykurung kumeykurung kumeykurung kumeylohitlohitlohitlohitlohitlongdinglongdinglongdinglongdinglongdinglower dibang valleylower dibang valleylower dibang valleylower dibang valleylower dibang valleylower subansirilower subansirilower subansirilower subansirilower subansirinamsainamsainamsainamsainamsaipapum parepapum parepapum parepapum parepapum paresiangsiangsiangsiangsiangtawangtawangtawangtawangtawangtiraptiraptiraptiraptirapupper siangupper siangupper siangupper siangupper siangupper subansiriupper subansiriupper subansiriupper subansiriupper subansiriwest kamengwest kamengwest kamengwest kamengwest kamengwest siangwest siangwest siangwest siangwest siangchandigarhchandigarhchandigarhchandigarhchandigarhdadra and nagar havelidadra and nagar havelidadra and nagar havelidadra and nagar havelidadra and nagar havelibishnupurbishnupurbishnupurbishnupurbishnupurchandelchandelchandelchandelchandelchurachandpurchurachandpurchurachandpurchurachandpurchurachandpurimphal eastimphal eastimphal eastimphal eastimphal eastimphal westimphal westimphal westimphal westimphal westsenapatisenapatisenapatisenapatisenapatitamenglongtamenglongtamenglongtamenglongtamenglongthoubalthoubalthoubalthoubalthoubalukhrulukhrulukhrulukhrulukhruleast garo hillseast garo hillseast garo hillseast garo hillseast garo hillseast jaintia hillseast jaintia hillseast jaintia hillseast jaintia hillseast jaintia hillseast khasi hillseast khasi hillseast khasi hillseast khasi hillseast khasi hillsnorth garo hillsnorth garo hillsnorth garo hillsnorth garo hillsnorth garo hillsri bhoiri bhoiri bhoiri bhoiri bhoisouth garo hillssouth garo hillssouth garo hillssouth garo hillssouth garo hillssouth west garo hillssouth west garo hillssouth west garo hillssouth west garo hillssouth west garo hillssouth west khasi hillssouth west khasi hillssouth west khasi hillssouth west khasi hillssouth west khasi hillswest garo hillswest garo hillswest garo hillswest garo hillswest garo hillswest jaintia hillswest jaintia hillswest jaintia hillswest jaintia hillswest jaintia hillswest khasi hillswest khasi hillswest khasi hillswest khasi hillswest khasi hillsaizawlaizawlaizawlaizawlaizawlchamphaichamphaichamphaichamphaichamphaikolasibkolasibkolasibkolasibkolasiblawngtlailawngtlailawngtlailawngtlailawngtlailungleilungleilungleilungleilungleimamitmamitmamitmamitmamitsaihasaihasaihasaihasaihaserchhipserchhipserchhipserchhipserchhipdimapurdimapurdimapurdimapurdimapurkiphirekiphirekiphirekiphirekiphirekohimakohimakohimakohimakohimalonglenglonglenglonglenglonglenglonglengmokokchungmokokchungmokokchungmokokchungmokokchungmonmonmonmonmonperenperenperenperenperenphekphekphekphekphektuensangtuensangtuensangtuensangtuensangwokhawokhawokhawokhawokhazunhebotozunhebotozunhebotozunhebotozunhebotokaraikalkaraikalkaraikalkaraikalkaraikalpondicherrypondicherrypondicherrypondicherrypondicherryyanamyanamyanamyanamyanameast districteast districteast districteast districteast districtnorth districtnorth districtnorth districtnorth districtnorth districtsouth districtsouth districtsouth districtsouth districtsouth districtwest districtwest districtwest districtwest districtwest districtadilabadadilabadadilabadadilabadadilabadbhadradribhadradribhadradribhadradribhadradrihanumakondahanumakondahanumakondahanumakondahanumakondajagitialjagitialjagitialjagitialjagitialjangoanjangoanjangoanjangoanjangoanjayashankarjayashankarjayashankarjayashankarjayashankarjogulambajogulambajogulambajogulambajogulambakamareddykamareddykamareddykamareddykamareddykarimnagarkarimnagarkarimnagarkarimnagarkarimnagarkhammamkhammamkhammamkhammamkhammamkomaram bheem asifabadkomaram bheem asifabadkomaram bheem asifabadkomaram bheem asifabadkomaram bheem asifabadmahabubabadmahabubabadmahabubabadmahabubabadmahabubabadmahbubnagarmahbubnagarmahbubnagarmahbubnagarmahbubnagarmancherialmancherialmancherialmancherialmancherialmedakmedakmedakmedakmedakmedchal malkajgirimedchal malkajgirimedchal malkajgirimedchal malkajgirimedchal malkajgirinagarkurnoolnagarkurnoolnagarkurnoolnagarkurnoolnagarkurnoolnalgondanalgondanalgondanalgondanalgondanirmalnirmalnirmalnirmalnirmalnizamabadnizamabadnizamabadnizamabadnizamabadpeddapallipeddapallipeddapallipeddapallipeddapallirajannarajannarajannarajannarajannarangareddirangareddirangareddirangareddirangareddisangareddysangareddysangareddysangareddysangareddysiddipetsiddipetsiddipetsiddipetsiddipetsuryapetsuryapetsuryapetsuryapetsuryapetvikarabadvikarabadvikarabadvikarabadvikarabadwanaparthywanaparthywanaparthywanaparthywanaparthywarangalwarangalwarangalwarangalwarangalyadadriyadadriyadadriyadadriyadadridhalaidhalaidhalaidhalaidhalaigomatigomatigomatigomatigomatikhowaikhowaikhowaikhowaikhowainorth tripuranorth tripuranorth tripuranorth tripuranorth tripurasepahijalasepahijalasepahijalasepahijalasepahijalasouth tripurasouth tripurasouth tripurasouth tripurasouth tripuraunakotiunakotiunakotiunakotiunakotiwest tripurawest tripurawest tripurawest tripurawest tripura,ricemaizebajraragijowarricemaizebajraragijowarricemaizebajraragijowarricemaizebajraragijowarricemaizebajraragijowarricemaizebajraragijowarricemaizebajraragijowarricemaizebajraragijowarricemaizebajraragijowarricemaizebajraragijowarricemaizebajraragijowarricemaizebajraragijowarricemaizebajraragijowarricemaizebajraragijowarricemaizebajraragijowarricemaizebajraragijowarricemaizebajraragijowarricemaizebajraragijowarricemaizebajraragijowarricemaizebajraragijowarricemaizebajraragijowarricemaizebajraragijowarricemaizebajraragijowarricemaizebajraragijowarricemaizebajraragijowarricemaizebajraragijowarricemaizebajraragijowarricemaizebajraragijowarricemaizebajraragijowarricemaizebajraragijowarricemaizebajraragijowarricemaizebajraragijowarricemaizebajraragijowarricemaizebajraragijowarricemaizebajraragijowarricemaizebajraragijowarricemaizebajraragijowarricemaizebajraragijowarricemaizebajraragijowarricemaizebajraragijowarricemaizebajraragijowarricemaizebajraragijowarricemaizebajraragijowarricemaizebajraragijowarricemaizebajraragijowarricemaizebajraragijowarricemaizebajraragijowarricemaizebajraragijowarricemaizebajraragijowarricemaizebajraragijowarricemaizebajraragijowarricemaizebajraragijowarricemaizebajraragijowarricemaizebajraragijowarricemaizebajraragijowarricemaizebajraragijowarricemaizebajraragijowarricemaizebajraragijowarricemaizebajraragijowarricemaizebajraragijowarricemaizebajraragijowarricemaizebajraragijowarricemaizebajraragijowarricemaizebajraragijowarricemaizebajraragijowarricemaizebajraragijowarricemaizebajraragijowarricemaizebajraragijowarricemaizebajraragijowarricemaizebajraragijowarricemaizebajraragijowarricemaizebajraragijowarricemaizebajraragijowarricemaizebajraragijowarricemaizebajraragijowarricemaizebajraragijowarricemaizebajraragijowarricemaizebajraragijowarricemaizebajraragijowarricemaizebajraragijowarricemaizebajraragijowarricemaizebajraragijowarricemaizebajraragijowarricemaizebajraragijowarricemaizebajraragijowarricemaizebajraragijowarricemaizebajraragijowarricemaizebajraragijowarricemaizebajraragijowarricemaizebajraragijowarricemaizebajraragijowarricemaizebajraragijowarricemaizebajraragijowarricemaizebajraragijowarricemaizebajraragijowarricemaizebajraragijowarricemaizebajraragijowarricemaizebajraragijowarricemaizebajraragijowarricemaizebajraragijowarricemaizebajraragijowarricemaizebajraragijowarricemaizebajraragijowarricemaizebajraragijowarricemaizebajraragijowarricemaizebajraragijowarricemaizebajraragijowarricemaizebajraragijowarricemaizebajraragijowarricemaizebajraragijowarricemaizebajraragijowarricemaizebajraragijowarricemaizebajraragijowarricemaizebajraragijowarricemaizebajraragijowarricemaizebajraragijowarricemaizebajraragijowarricemaizebajraragijowarricemaizebajraragijowarricemaizebajraragijowarricemaizebajraragijowarricemaizebajraragijowarricemaizebajraragijowarricemaizebajraragijowarricemaizebajraragijowarricemaizebajraragijowarricemaizebajraragijowarricemaizebajraragijowarricemaizebajraragijowarricemaizebajraragijowarricemaizebajraragijowarricemaizebajraragijowarricemaizebajraragijowarricemaizebajraragijowarricemaizebajraragijowarricemaizebajraragijowarricemaizebajraragijowarricemaizebajraragijowarricemaizebajraragijowarricemaizebajraragijowarricemaizebajraragijowarricemaizebajraragijowarricemaizebajraragijowarricemaizebajraragijowarricemaizebajraragijowarricemaizebajraragijowarricemaizebajraragijowarricemaizebajraragijowarricemaizebajraragijowarricemaizebajraragijowarricemaizebajraragijowarricemaizebajraragijowarricemaizebajraragijowarricemaizebajraragijowarricemaizebajraragijowarricemaizebajraragijowarricemaizebajraragijowarricemaizebajraragijowarricemaizebajraragijowarricemaizebajraragijowarricemaizebajraragijowarricemaizebajraragijowarricemaizebajraragijowarricemaizebajraragijowarricemaizebajraragijowarricemaizebajraragijowarricemaizebajraragijowarricemaizebajraragijowarricemaizebajraragijowarricemaizebajraragijowarricemaizebajraragijowarricemaizebajraragijowarricemaizebajraragijowarricemaizebajraragijowarricemaizebajraragijowarricemaizebajraragijowarricemaizebajraragijowarricemaizebajraragijowarricemaizebajraragijowarricemaizebajraragijowarricemaizebajraragijowarricemaizebajraragijowarricemaizebajraragijowarricemaizebajraragijowarricemaizebajraragijowarricemaizebajraragijowarricemaizebajraragijowarricemaizebajraragijowarricemaizebajraragijowarricemaizebajraragijowarricemaizebajraragijowarricemaizebajraragijowarricemaizebajraragijowarricemaizebajraragijowarricemaizebajraragijowarricemaizebajraragijowarricemaizebajraragijowarricemaizebajraragijowarricemaizebajraragijowarricemaizebajraragijowarricemaizebajraragijowarricemaizebajraragijowarricemaizebajraragijowarricemaizebajraragijowarricemaizebajraragijowarricemaizebajraragijowarricemaizebajraragijowarricemaizebajraragijowarricemaizebajraragijowarricemaizebajraragijowarricemaizebajraragijowarricemaizebajraragijowarricemaizebajraragijowarricemaizebajraragijowarricemaizebajraragijowarricemaizebajraragijowarricemaizebajraragijowarricemaizebajraragijowarricemaizebajraragijowarricemaizebajraragijowarricemaizebajraragijowarricemaizebajraragijowarricemaizebajraragijowarricemaizebajraragijowarricemaizebajraragijowarricemaizebajraragijowarricemaizebajraragijowarricemaizebajraragijowarricemaizebajraragijowarricemaizebajraragijowarricemaizebajraragijowarricemaizebajraragijowarricemaizebajraragijowarricemaizebajraragijowarricemaizebajraragijowarricemaizebajraragijowarricemaizebajraragijowarricemaizebajraragijowarricemaizebajraragijowarricemaizebajraragijowarricemaizebajraragijowarricemaizebajraragijowarricemaizebajraragijowarricemaizebajraragijowarricemaizebajraragijowarricemaizebajraragijowarricemaizebajraragijowarricemaizebajraragijowarricemaizebajraragijowarricemaizebajraragijowarricemaizebajraragijowarricemaizebajraragijowarricemaizebajraragijowarricemaizebajraragijowarricemaizebajraragijowarricemaizebajraragijowarricemaizebajraragijowarricemaizebajraragijowarricemaizebajraragijowarricemaizebajraragijowarricemaizebajraragijowarricemaizebajraragijowarricemaizebajraragijowarricemaizebajraragijowarricemaizebajraragijowarricemaizebajraragijowarricemaizebajraragijowarricemaizebajraragijowarricemaizebajraragijowarricemaizebajraragijowarricemaizebajraragijowarricemaizebajraragijowarricemaizebajraragijowarricemaizebajraragijowarricemaizebajraragijowarricemaizebajraragijowarricemaizebajraragijowarricemaizebajraragijowarricemaizebajraragijowarricemaizebajraragijowarricemaizebajraragijowarricemaizebajraragijowarricemaizebajraragijowarricemaizebajraragijowarricemaizebajraragijowarricemaizebajraragijowarricemaizebajraragijowarricemaizebajraragijowarricemaizebajraragijowarricemaizebajraragijowarricemaizebajraragijowarricemaizebajraragijowarricemaizebajraragijowarricemaizebajraragijowarricemaizebajraragijowarricemaizebajraragijowarricemaizebajraragijowarricemaizebajraragijowarricemaizebajraragijowarricemaizebajraragijowarricemaizebajraragijowarricemaizebajraragijowarricemaizebajraragijowarricemaizebajraragijowarricemaizebajraragijowarricemaizebajraragijowarricemaizebajraragijowarricemaizebajraragijowarricemaizebajraragijowarricemaizebajraragijowarricemaizebajraragijowarricemaizebajraragijowarricemaizebajraragijowarricemaizebajraragijowarricemaizebajraragijowarricemaizebajraragijowarricemaizebajraragijowarricemaizebajraragijowarricemaizebajraragijowarricemaizebajraragijowarricemaizebajraragijowarricemaizebajraragijowarricemaizebajraragijowarricemaizebajraragijowarricemaizebajraragijowarricemaizebajraragijowarricemaizebajraragijowarricemaizebajraragijowarricemaizebajraragijowarricemaizebajraragijowarricemaizebajraragijowarricemaizebajraragijowarricemaizebajraragijowarricemaizebajraragijowarricemaizebajraragijowarricemaizebajraragijowarricemaizebajraragijowarricemaizebajraragijowarricemaizebajraragijowarricemaizebajraragijowarricemaizebajraragijowarricemaizebajraragijowarricemaizebajraragijowarricemaizebajraragijowarricemaizebajraragijowarricemaizebajraragijowarricemaizebajraragijowarricemaizebajraragijowarricemaizebajraragijowarricemaizebajraragijowarricemaizebajraragijowarricemaizebajraragijowarricemaizebajraragijowarricemaizebajraragijowarricemaizebajraragijowarricemaizebajraragijowarricemaizebajraragijowarricemaizebajraragijowarricemaizebajraragijowarricemaizebajraragijowarricemaizebajraragijowarricemaizebajraragijowarricemaizebajraragijowarricemaizebajraragijowarricemaizebajraragijowarricemaizebajraragijowarricemaizebajraragijowarricemaizebajraragijowarricemaizebajraragijowarricemaizebajraragijowarricemaizebajraragijowarricemaizebajraragijowarricemaizebajraragijowarricemaizebajraragijowarricemaizebajraragijowarricemaizebajraragijowarricemaizebajraragijowarricemaizebajraragijowarricemaizebajraragijowarricemaizebajraragijowarricemaizebajraragijowarricemaizebajraragijowarricemaizebajraragijowarricemaizebajraragijowarricemaizebajraragijowarricemaizebajraragijowarricemaizebajraragijowarricemaizebajraragijowarricemaizebajraragijowarricemaizebajraragijowarricemaizebajraragijowarricemaizebajraragijowarricemaizebajraragijowarricemaizebajraragijowarricemaizebajraragijowarricemaizebajraragijowarricemaizebajraragijowarricemaizebajraragijowarricemaizebajraragijowarricemaizebajraragijowarricemaizebajraragijowarricemaizebajraragijowarricemaizebajraragijowarricemaizebajraragijowarricemaizebajraragijowarricemaizebajraragijowarricemaizebajraragijowarricemaizebajraragijowarricemaizebajraragijowarricemaizebajraragijowarricemaizebajraragijowarricemaizebajraragijowarricemaizebajraragijowarricemaizebajraragijowarricemaizebajraragijowarricemaizebajraragijowarricemaizebajraragijowarricemaizebajraragijowarricemaizebajraragijowarricemaizebajraragijowarricemaizebajraragijowarricemaizebajraragijowarricemaizebajraragijowarricemaizebajraragijowarricemaizebajraragijowarricemaizebajraragijowarricemaizebajraragijowarricemaizebajraragijowarricemaizebajraragijowarricemaizebajraragijowarricemaizebajraragijowarricemaizebajraragijowarricemaizebajraragijowarricemaizebajraragijowarricemaizebajraragijowarricemaizebajraragijowarricemaizebajraragijowarricemaizebajraragijowarricemaizebajraragijowarricemaizebajraragijowarricemaizebajraragijowarricemaizebajraragijowarricemaizebajraragijowarricemaizebajraragijowarricemaizebajraragijowarricemaizebajraragijowarricemaizebajraragijowarricemaizebajraragijowarricemaizebajraragijowarricemaizebajraragijowarricemaizebajraragijowarricemaizebajraragijowarricemaizebajraragijowarricemaizebajraragijowarricemaizebajraragijowarricemaizebajraragijowarricemaizebajraragijowarricemaizebajraragijowarricemaizebajraragijowarricemaizebajraragijowarricemaizebajraragijowarricemaizebajraragijowarricemaizebajraragijowarricemaizebajraragijowarricemaizebajraragijowarricemaizebajraragijowarricemaizebajraragijowarricemaizebajraragijowarricemaizebajraragijowarricemaizebajraragijowarricemaizebajraragijowarricemaizebajraragijowarricemaizebajraragijowarricemaizebajraragijowarricemaizebajraragijowarricemaizebajraragijowarricemaizebajraragijowarricemaizebajraragijowarricemaizebajraragijowarricemaizebajraragijowarricemaizebajraragijowarricemaizebajraragijowarricemaizebajraragijowarricemaizebajraragijowarricemaizebajraragijowarricemaizebajraragijowarricemaizebajraragijowarricemaizebajraragijowarricemaizebajraragijowarricemaizebajraragijowarricemaizebajraragijowarricemaizebajraragijowarricemaizebajraragijowarricemaizebajraragijowarricemaizebajraragijowarricemaizebajraragijowarricemaizebajraragijowarricemaizebajraragijowarricemaizebajraragijowarricemaizebajraragijowarricemaizebajraragijowarricemaizebajraragijowarricemaizebajraragijowarricemaizebajraragijowarricemaizebajraragijowarricemaizebajraragijowarricemaizebajraragijowarricemaizebajraragijowarricemaizebajraragijowarricemaizebajraragijowarricemaizebajraragijowarricemaizebajraragijowarricemaizebajraragijowarricemaizebajraragijowarricemaizebajraragijowarricemaizebajraragijowarricemaizebajraragijowarricemaizebajraragijowarricemaizebajraragijowarricemaizebajraragijowarricemaizebajraragijowarricemaizebajraragijowarricemaizebajraragijowarricemaizebajraragijowarricemaizebajraragijowarricemaizebajraragijowarricemaizebajraragijowarricemaizebajraragijowarricemaizebajraragijowarricemaizebajraragijowarricemaizebajraragijowarricemaizebajraragijowarricemaizebajraragijowarricemaizebajraragijowarricemaizebajraragijowarricemaizebajraragijowarricemaizebajraragijowarricemaizebajraragijowarricemaizebajraragijowarricemaizebajraragijowarricemaizebajraragijowarricemaizebajraragijowarricemaizebajraragijowarricemaizebajraragijowarricemaizebajraragijowarricemaizebajraragijowarricemaizebajraragijowarricemaizebajraragijowarricemaizebajraragijowarricemaizebajraragijowarricemaizebajraragijowarricemaizebajraragijowarricemaizebajraragijowarricemaizebajraragijowarricemaizebajraragijowarricemaizebajraragijowarricemaizebajraragijowarricemaizebajraragijowarricemaizebajraragijowarricemaizebajraragijowarricemaizebajraragijowarricemaizebajraragijowarricemaizebajraragijowarricemaizebajraragijowarricemaizebajraragijowarricemaizebajraragijowarricemaizebajraragijowarricemaizebajraragijowarricemaizebajraragijowarricemaizebajraragijowarricemaizebajraragijowarricemaizebajraragijowarricemaizebajraragijowarricemaizebajraragijowarricemaizebajraragijowarricemaizebajraragijowarricemaizebajraragijowarricemaizebajraragijowarricemaizebajraragijowarricemaizebajraragijowarricemaizebajraragijowarricemaizebajraragijowarricemaizebajraragijowarricemaizebajraragijowarricemaizebajraragijowarricemaizebajraragijowarricemaizebajraragijowarricemaizebajraragijowarricemaizebajraragijowarricemaizebajraragijowarricemaizebajraragijowarricemaizebajraragijowarricemaizebajraragijowarricemaizebajraragijowarricemaizebajraragijowarricemaizebajraragijowarricemaizebajraragijowarricemaizebajraragijowarricemaizebajraragijowarricemaizebajraragijowarricemaizebajraragijowarricemaizebajraragijowarricemaizebajraragijowarricemaizebajraragijowarricemaizebajraragijowarricemaizebajraragijowarricemaizebajraragijowarricemaizebajraragijowarricemaizebajraragijowarricemaizebajraragijowarricemaizebajraragijowarricemaizebajraragijowarricemaizebajraragijowarricemaizebajraragijowarricemaizebajraragijowarricemaizebajraragijowarricemaizebajraragijowarricemaizebajraragijowarricemaizebajraragijowarricemaizebajraragijowarricemaizebajraragijowarricemaizebajraragijowarricemaizebajraragijowarricemaizebajraragijowarricemaizebajraragijowarricemaizebajraragijowarricemaizebajraragijowarricemaizebajraragijowarricemaizebajraragijowarricemaizebajraragijowarricemaizebajraragijowarricemaizebajraragijowarricemaizebajraragijowarricemaizebajraragijowarricemaizebajraragijowarricemaizebajraragijowarricemaizebajraragijowarricemaizebajraragijowarricemaizebajraragijowarricemaizebajraragijowarricemaizebajraragijowarricemaizebajraragijowarricemaizebajraragijowarricemaizebajraragijowarricemaizebajraragijowarricemaizebajraragijowarricemaizebajraragijowarricemaizebajraragijowarricemaizebajraragijowarricemaizebajraragijowarricemaizebajraragijowarricemaizebajraragijowarricemaizebajraragijowarricemaizebajraragijowarricemaizebajraragijowarricemaizebajraragijowarricemaizebajraragijowarricemaizebajraragijowarricemaizebajraragijowarricemaizebajraragijowarricemaizebajraragijowarricemaizebajraragijowarricemaizebajraragijowarricemaizebajraragijowarricemaizebajraragijowarricemaizebajraragijowarricemaizebajraragijowarricemaizebajraragijowarricemaizebajraragijowarricemaizebajraragijowarricemaizebajraragijowarricemaizebajraragijowarricemaizebajraragijowarricemaizebajraragijowarricemaizebajraragijowarricemaizebajraragijowarricemaizebajraragijowarricemaizebajraragijowarricemaizebajraragijowarricemaizebajraragijowarricemaizebajraragijowarricemaizebajraragijowarricemaizebajraragijowarricemaizebajraragijowarricemaizebajraragijowarricemaizebajraragijowarricemaizebajraragijowarricemaizebajraragijowarricemaizebajraragijowarricemaizebajraragijowarricemaizebajraragijowarricemaizebajraragijowarricemaizebajraragijowarricemaizebajraragijowarricemaizebajraragijowarricemaizebajraragijowarricemaizebajraragijowarricemaizebajraragijowarricemaizebajraragijowarricemaizebajraragijowarricemaizebajraragijowarricemaizebajraragijowarricemaizebajraragijowarricemaizebajraragijowarricemaizebajraragijowarricemaizebajraragijowarricemaizebajraragijowar,271740.0,271740.0,71061.363124,639601443.2021891,637110000.03621,34279172.745610215,34601188.24416245,12707050.839572657,12837779.562965922,26123920.689908136,26437337.24369926,10801438.924679138,10976241.56285983,2250211300550.069,2250211300127.81,1525136.6224344294,1755037.18578975,17589235.80051515,17800259.16618271,781105.2286282533,790476.383586608,1574903279.2467809,1683245119.11259,10628128.30723542,-43091902.49167863,271740.0,6.436486203680616,1.1855072653575205,1.5925545841863507,0.9306486710223314,1.0183125730744578,-1.8765295020894974e-08,124.66386418953721,13.09946964182799,1.1855072653575254,1.1855072653575143
21,odisha,ariyalurariyalurariyalurariyalurariyalurcoimbatorecoimbatorecoimbatorecoimbatorecoimbatorecuddalorecuddalorecuddalorecuddalorecuddaloredharmapuridharmapuridharmapuridharmapuridharmapuridindiguldindiguldindiguldindiguldindigulerodeerodeerodeerodeerodekancheepuramkancheepuramkancheepuramkancheepuramkancheepuramkanniyakumarikanniyakumarikanniyakumarikanniyakumarikanniyakumarikarurkarurkarurkarurkarurkrishnagirikrishnagirikrishnagirikrishnagirikrishnagirimaduraimaduraimaduraimaduraimadurainagappattinamnagappattinamnagappattinamnagappattinamnagappattinamnamakkalnamakkalnamakkalnamakkalnamakkalperambalurperambalurperambalurperambalurperambalurpudukkottaipudukkottaipudukkottaipudukkottaipudukkottairamanathapuramramanathapuramramanathapuramramanathapuramramanathapuramsalemsalemsalemsalemsalemsivagangasivagangasivagangasivagangasivagangathanjavurthanjavurthanjavurthanjavurthanjavurthe nilgiristhe nilgiristhe nilgiristhe nilgiristhe nilgiristhenithenithenithenithenithiruvallurthiruvallurthiruvallurthiruvallurthiruvallurthiruvarurthiruvarurthiruvarurthiruvarurthiruvarurtiruchirappallitiruchirappallitiruchirappallitiruchirappallitiruchirappallitirunelvelitirunelvelitirunelvelitirunelvelitirunelvelitiruppurtiruppurtiruppurtiruppurtiruppurtiruvannamalaitiruvannamalaitiruvannamalaitiruvannamalaitiruvannamalaituticorintuticorintuticorintuticorintuticorinvellorevellorevellorevellorevelloreviluppuramviluppuramviluppuramviluppuramviluppuramvirudhunagarvirudhunagarvirudhunagarvirudhunagarvirudhunagaramritsaramritsaramritsaramritsaramritsarbarnalabarnalabarnalabarnalabarnalabathindabathindabathindabathindabathindafaridkotfaridkotfaridkotfaridkotfaridkotfatehgarh sahibfatehgarh sahibfatehgarh sahibfatehgarh sahibfatehgarh sahibfazilkafazilkafazilkafazilkafazilkafirozpurfirozpurfirozpurfirozpurfirozpurgurdaspurgurdaspurgurdaspurgurdaspurgurdaspurhoshiarpurhoshiarpurhoshiarpurhoshiarpurhoshiarpurjalandharjalandharjalandharjalandharjalandharkapurthalakapurthalakapurthalakapurthalakapurthalaludhianaludhianaludhianaludhianaludhianamansamansamansamansamansamogamogamogamogamogamuktsarmuktsarmuktsarmuktsarmuktsarpathankotpathankotpathankotpathankotpathankotpatialapatialapatialapatialapatialarupnagarrupnagarrupnagarrupnagarrupnagarsangrursangrursangrursangrursangrurshahid bhagat singh nagarshahid bhagat singh nagarshahid bhagat singh nagarshahid bhagat singh nagarshahid bhagat singh nagartarn tarantarn tarantarn tarantarn tarantarn taranambalaambalaambalaambalaambalabhiwanibhiwanibhiwanibhiwanibhiwanicharki dadricharki dadricharki dadricharki dadricharki dadrifaridabadfaridabadfaridabadfaridabadfaridabadfatehabadfatehabadfatehabadfatehabadfatehabadgurgaongurgaongurgaongurgaongurgaonhisarhisarhisarhisarhisarjhajjarjhajjarjhajjarjhajjarjhajjarjindjindjindjindjindkaithalkaithalkaithalkaithalkaithalkarnalkarnalkarnalkarnalkarnalkurukshetrakurukshetrakurukshetrakurukshetrakurukshetramewatmewatmewatmewatmewatpalwalpalwalpalwalpalwalpalwalpanchkulapanchkulapanchkulapanchkulapanchkulapanipatpanipatpanipatpanipatpanipatrewarirewarirewarirewarirewarirohtakrohtakrohtakrohtakrohtaksirsasirsasirsasirsasirsasonipatsonipatsonipatsonipatsonipatyamunanagaryamunanagaryamunanagaryamunanagaryamunanagaranantapuranantapuranantapuranantapuranantapurchittoorchittoorchittoorchittoorchittooreast godavarieast godavarieast godavarieast godavarieast godavarigunturgunturgunturgunturgunturkadapakadapakadapakadapakadapakrishnakrishnakrishnakrishnakrishnakurnoolkurnoolkurnoolkurnoolkurnoolprakasamprakasamprakasamprakasamprakasamnellorenellorenellorenellorenelloresrikakulamsrikakulamsrikakulamsrikakulamsrikakulamvisakhapatnamvisakhapatnamvisakhapatnamvisakhapatnamvisakhapatnamvizianagaramvizianagaramvizianagaramvizianagaramvizianagaramwest godavariwest godavariwest godavariwest godavariwest godavariballariballariballariballariballaribangalore ruralbangalore ruralbangalore ruralbangalore ruralbangalore ruralbelagavibelagavibelagavibelagavibelagavibengaluru urbanbengaluru urbanbengaluru urbanbengaluru urbanbengaluru urbanbidarbidarbidarbidarbidarchamarajanagarachamarajanagarachamarajanagarachamarajanagarachamarajanagarachikkaballapurachikkaballapurachikkaballapurachikkaballapurachikkaballapurachikmagalurchikmagalurchikmagalurchikmagalurchikmagalurchitradurgachitradurgachitradurgachitradurgachitradurgadakshina kannadadakshina kannadadakshina kannadadakshina kannadadakshina kannadadavangeredavangeredavangeredavangeredavangeredharwaddharwaddharwaddharwaddharwadgadaggadaggadaggadaggadaghassanhassanhassanhassanhassanhaverihaverihaverihaverihaverikalaburagikalaburagikalaburagikalaburagikalaburagikodagukodagukodagukodagukodagukolarkolarkolarkolarkolarkoppalkoppalkoppalkoppalkoppalmandyamandyamandyamandyamandyamysurumysurumysurumysurumysururaichurraichurraichurraichurraichurramanagararamanagararamanagararamanagararamanagarashivamoggashivamoggashivamoggashivamoggashivamoggatumakurutumakurutumakurutumakurutumakuruudupiudupiudupiudupiudupiuttara kannadauttara kannadauttara kannadauttara kannadauttara kannadavijayapuravijayapuravijayapuravijayapuravijayapurayadgiryadgiryadgiryadgiryadgiralmoraalmoraalmoraalmoraalmorabageshwarbageshwarbageshwarbageshwarbageshwarchamolichamolichamolichamolichamolichampawatchampawatchampawatchampawatchampawatdehradundehradundehradundehradundehradunhardwarhardwarhardwarhardwarhardwarnainitalnainitalnainitalnainitalnainitalpauri garhwalpauri garhwalpauri garhwalpauri garhwalpauri garhwalpithoragarhpithoragarhpithoragarhpithoragarhpithoragarhrudra prayagrudra prayagrudra prayagrudra prayagrudra prayagtehri garhwaltehri garhwaltehri garhwaltehri garhwaltehri garhwaludham singh nagarudham singh nagarudham singh nagarudham singh nagarudham singh nagaruttar kashiuttar kashiuttar kashiuttar kashiuttar kashispsr nellorespsr nellorespsr nellorespsr nellorespsr nellorevisakhapatanamvisakhapatanamvisakhapatanamvisakhapatanamvisakhapatanamparaganas northparaganas northparaganas northparaganas northparaganas northparaganas southparaganas southparaganas southparaganas southparaganas southalipurduaralipurduaralipurduaralipurduaralipurduarbankurabankurabankurabankurabankurabirbhumbirbhumbirbhumbirbhumbirbhumcoochbeharcoochbeharcoochbeharcoochbeharcoochbehardarjeelingdarjeelingdarjeelingdarjeelingdarjeelingdakshin dinajpurdakshin dinajpurdakshin dinajpurdakshin dinajpurdakshin dinajpuruttar dinajpuruttar dinajpuruttar dinajpuruttar dinajpuruttar dinajpurhooghlyhooghlyhooghlyhooghlyhooghlyhowrahhowrahhowrahhowrahhowrahjalpaigurijalpaigurijalpaigurijalpaigurijalpaigurijhargramjhargramjhargramjhargramjhargramkalimpongkalimpongkalimpongkalimpongkalimpongmaldahmaldahmaldahmaldahmaldahmedinipur eastmedinipur eastmedinipur eastmedinipur eastmedinipur eastmedinipur westmedinipur westmedinipur westmedinipur westmedinipur westmurshidabadmurshidabadmurshidabadmurshidabadmurshidabadnadianadianadianadianadiabarddhamanbarddhamanbarddhamanbarddhamanbarddhamanpuruliyapuruliyapuruliyapuruliyapuruliyaalappuzhaalappuzhaalappuzhaalappuzhaalappuzhaernakulamernakulamernakulamernakulamernakulamidukkiidukkiidukkiidukkiidukkikannurkannurkannurkannurkannurkasaragodkasaragodkasaragodkasaragodkasaragodkollamkollamkollamkollamkollamkottayamkottayamkottayamkottayamkottayamkozhikodekozhikodekozhikodekozhikodekozhikodemalappurammalappurammalappurammalappurammalappurampalakkadpalakkadpalakkadpalakkadpalakkadpathanamthittapathanamthittapathanamthittapathanamthittapathanamthittathiruvananthapuramthiruvananthapuramthiruvananthapuramthiruvananthapuramthiruvananthapuramthrissurthrissurthrissurthrissurthrissurwayanadwayanadwayanadwayanadwayanadbagalkotbagalkotbagalkotbagalkotbagalkotchikballapurachikballapurachikballapurachikballapurachikballapurachikkamagaluruchikkamagaluruchikkamagaluruchikkamagaluruchikkamagalurudavanageredavanageredavanageredavanageredavanagereyadagiriyadagiriyadagiriyadagiriyadagiriagraagraagraagraagraaligarhaligarhaligarhaligarhaligarhallahabadallahabadallahabadallahabadallahabadambedkar nagarambedkar nagarambedkar nagarambedkar nagarambedkar nagaramethiamethiamethiamethiamethiamrohaamrohaamrohaamrohaamrohaauraiyaauraiyaauraiyaauraiyaauraiyaazamgarhazamgarhazamgarhazamgarhazamgarhbaghpatbaghpatbaghpatbaghpatbaghpatbahraichbahraichbahraichbahraichbahraichballiaballiaballiaballiaballiabalrampurbalrampurbalrampurbalrampurbalrampurbandabandabandabandabandabarabankibarabankibarabankibarabankibarabankibareillybareillybareillybareillybareillybastibastibastibastibastibijnorbijnorbijnorbijnorbijnorbudaunbudaunbudaunbudaunbudaunbulandshahrbulandshahrbulandshahrbulandshahrbulandshahrchandaulichandaulichandaulichandaulichandaulichitrakootchitrakootchitrakootchitrakootchitrakootdeoriadeoriadeoriadeoriadeoriaetahetahetahetahetahetawahetawahetawahetawahetawahfaizabadfaizabadfaizabadfaizabadfaizabadfarrukhabadfarrukhabadfarrukhabadfarrukhabadfarrukhabadfatehpurfatehpurfatehpurfatehpurfatehpurfirozabadfirozabadfirozabadfirozabadfirozabadkanpur nagarkanpur nagarkanpur nagarkanpur nagarkanpur nagarghaziabadghaziabadghaziabadghaziabadghaziabadghazipurghazipurghazipurghazipurghazipurgondagondagondagondagondagorakhpurgorakhpurgorakhpurgorakhpurgorakhpurhamirpurhamirpurhamirpurhamirpurhamirpurhapurhapurhapurhapurhapurhardoihardoihardoihardoihardoihathrashathrashathrashathrashathrasjalaunjalaunjalaunjalaunjalaunjaunpurjaunpurjaunpurjaunpurjaunpurjhansijhansijhansijhansijhansikannaujkannaujkannaujkannaujkannaujkanpur dehatkanpur dehatkanpur dehatkanpur dehatkanpur dehatkasganjkasganjkasganjkasganjkasganjkaushambikaushambikaushambikaushambikaushambilakhimpur kherilakhimpur kherilakhimpur kherilakhimpur kherilakhimpur kherikushinagarkushinagarkushinagarkushinagarkushinagarlalitpurlalitpurlalitpurlalitpurlalitpurlucknowlucknowlucknowlucknowlucknowmaharajganjmaharajganjmaharajganjmaharajganjmaharajganjmahobamahobamahobamahobamahobamainpurimainpurimainpurimainpurimainpurimathuramathuramathuramathuramathuramaumaumaumaumaumeerutmeerutmeerutmeerutmeerutmirzapurmirzapurmirzapurmirzapurmirzapurmoradabadmoradabadmoradabadmoradabadmoradabadmuzaffarnagarmuzaffarnagarmuzaffarnagarmuzaffarnagarmuzaffarnagarpilibhitpilibhitpilibhitpilibhitpilibhitpratapgarhpratapgarhpratapgarhpratapgarhpratapgarhrae barelirae barelirae barelirae barelirae barelirampurrampurrampurrampurrampursaharanpursaharanpursaharanpursaharanpursaharanpursambhalsambhalsambhalsambhalsambhalsant kabeer nagarsant kabeer nagarsant kabeer nagarsant kabeer nagarsant kabeer nagarsant ravi das nagarsant ravi das nagarsant ravi das nagarsant ravi das nagarsant ravi das nagarshahajahanpurshahajahanpurshahajahanpurshahajahanpurshahajahanpurshamlishamlishamlishamlishamlishravastishravastishravastishravastishravastisiddharth nagarsiddharth nagarsiddharth nagarsiddharth nagarsiddharth nagarsitapursitapursitapursitapursitapursonbhadrasonbhadrasonbhadrasonbhadrasonbhadrasultanpursultanpursultanpursultanpursultanpurunnaounnaounnaounnaounnaovaranasivaranasivaranasivaranasivaranasiahmednagarahmednagarahmednagarahmednagarahmednagaramravatiamravatiamravatiamravatiamravatibeedbeedbeedbeedbeedbhandarabhandarabhandarabhandarabhandarachandrapurchandrapurchandrapurchandrapurchandrapurdhuledhuledhuledhuledhulegadchiroligadchiroligadchiroligadchiroligadchiroligondiagondiagondiagondiagondiakolhapurkolhapurkolhapurkolhapurkolhapurlaturlaturlaturlaturlaturnagpurnagpurnagpurnagpurnagpurnandednandednandednandednandednandurbarnandurbarnandurbarnandurbarnandurbarnashiknashiknashiknashiknashikosmanabadosmanabadosmanabadosmanabadosmanabadpalgharpalgharpalgharpalgharpalgharpunepunepunepunepuneraigadraigadraigadraigadraigadratnagiriratnagiriratnagiriratnagiriratnagirisanglisanglisanglisanglisanglisatarasatarasatarasatarasatarasindhudurgsindhudurgsindhudurgsindhudurgsindhudurgsolapursolapursolapursolapursolapurthanethanethanethanethaneanantnaganantnaganantnaganantnaganantnagbadgambadgambadgambadgambadgambandiporabandiporabandiporabandiporabandiporabaramullabaramullabaramullabaramullabaramulladodadodadodadodadodaganderbalganderbalganderbalganderbalganderbaljammujammujammujammujammukathuakathuakathuakathuakathuakishtwarkishtwarkishtwarkishtwarkishtwarkulgamkulgamkulgamkulgamkulgamkupwarakupwarakupwarakupwarakupwarapoonchpoonchpoonchpoonchpoonchpulwamapulwamapulwamapulwamapulwamarajaurirajaurirajaurirajaurirajaurirambanrambanrambanrambanrambanreasireasireasireasireasisambasambasambasambasambashopianshopianshopianshopianshopiansrinagarsrinagarsrinagarsrinagarsrinagarudhampurudhampurudhampurudhampurudhampurahmadabadahmadabadahmadabadahmadabadahmadabadanandanandanandanandanandaravalliaravalliaravalliaravalliaravallibharuchbharuchbharuchbharuchbharuchchhotaudepurchhotaudepurchhotaudepurchhotaudepurchhotaudepurdangdangdangdangdangdohaddohaddohaddohaddohadgandhinagargandhinagargandhinagargandhinagargandhinagarkhedakhedakhedakhedakhedamahesanamahesanamahesanamahesanamahesanamahisagarmahisagarmahisagarmahisagarmahisagarnarmadanarmadanarmadanarmadanarmadanavsarinavsarinavsarinavsarinavsaripanch mahalspanch mahalspanch mahalspanch mahalspanch mahalssabar kanthasabar kanthasabar kanthasabar kanthasabar kanthasuratsuratsuratsuratsuratsurendranagarsurendranagarsurendranagarsurendranagarsurendranagartapitapitapitapitapivadodaravadodaravadodaravadodaravadodaravalsadvalsadvalsadvalsadvalsadajmerajmerajmerajmerajmeralwaralwaralwaralwaralwarbanswarabanswarabanswarabanswarabanswarabaranbaranbaranbaranbaranbharatpurbharatpurbharatpurbharatpurbharatpurbhilwarabhilwarabhilwarabhilwarabhilwarabundibundibundibundibundichittorgarhchittorgarhchittorgarhchittorgarhchittorgarhdholpurdholpurdholpurdholpurdholpurdungarpurdungarpurdungarpurdungarpurdungarpurganganagarganganagarganganagarganganagarganganagarhanumangarhhanumangarhhanumangarhhanumangarhhanumangarhjhalawarjhalawarjhalawarjhalawarjhalawarkaraulikaraulikaraulikaraulikaraulikotakotakotakotakotarajsamandrajsamandrajsamandrajsamandrajsamandsawai madhopursawai madhopursawai madhopursawai madhopursawai madhopurtonktonktonktonktonkudaipurudaipurudaipurudaipurudaipurarariaarariaarariaarariaarariaarwalarwalarwalarwalarwalaurangabadaurangabadaurangabadaurangabadaurangabadbankabankabankabankabankabegusaraibegusaraibegusaraibegusaraibegusaraibhagalpurbhagalpurbhagalpurbhagalpurbhagalpurbhojpurbhojpurbhojpurbhojpurbhojpurbuxarbuxarbuxarbuxarbuxardarbhangadarbhangadarbhangadarbhangadarbhangagayagayagayagayagayagopalganjgopalganjgopalganjgopalganjgopalganjjamuijamuijamuijamuijamuijehanabadjehanabadjehanabadjehanabadjehanabadkaimurkaimurkaimurkaimurkaimurkatiharkatiharkatiharkatiharkatiharkhagariakhagariakhagariakhagariakhagariakishanganjkishanganjkishanganjkishanganjkishanganjlakhisarailakhisarailakhisarailakhisarailakhisaraimadhepuramadhepuramadhepuramadhepuramadhepuramadhubanimadhubanimadhubanimadhubanimadhubanimungermungermungermungermungermuzaffarpurmuzaffarpurmuzaffarpurmuzaffarpurmuzaffarpurnalandanalandanalandanalandanalandanawadanawadanawadanawadanawadapashchim champaranpashchim champaranpashchim champaranpashchim champaranpashchim champaranpatnapatnapatnapatnapatnapurbi champaranpurbi champaranpurbi champaranpurbi champaranpurbi champaranpurniapurniapurniapurniapurniarohtasrohtasrohtasrohtasrohtassaharsasaharsasaharsasaharsasaharsasamastipursamastipursamastipursamastipursamastipursaransaransaransaransaransheikhpurasheikhpurasheikhpurasheikhpurasheikhpurasheoharsheoharsheoharsheoharsheoharsitamarhisitamarhisitamarhisitamarhisitamarhisiwansiwansiwansiwansiwansupaulsupaulsupaulsupaulsupaulvaishalivaishalivaishalivaishalivaishalidinajpur dakshindinajpur dakshindinajpur dakshindinajpur dakshindinajpur dakshindinajpur uttardinajpur uttardinajpur uttardinajpur uttardinajpur uttarpaschim bardhamanpaschim bardhamanpaschim bardhamanpaschim bardhamanpaschim bardhamanpurba bardhamanpurba bardhamanpurba bardhamanpurba bardhamanpurba bardhamanpuruliapuruliapuruliapuruliapurulianagapattinamnagapattinamnagapattinamnagapattinamnagapattinamvirudunagarvirudunagarvirudunagarvirudunagarvirudunagaranugulanugulanugulanugulanugulbalangirbalangirbalangirbalangirbalangirbaleshwarbaleshwarbaleshwarbaleshwarbaleshwarbargarhbargarhbargarhbargarhbargarhbhadrakbhadrakbhadrakbhadrakbhadrakboudhboudhboudhboudhboudhcuttackcuttackcuttackcuttackcuttackdeogarhdeogarhdeogarhdeogarhdeogarhdhenkanaldhenkanaldhenkanaldhenkanaldhenkanalgajapatigajapatigajapatigajapatigajapatiganjamganjamganjamganjamganjamjagatsinghapurjagatsinghapurjagatsinghapurjagatsinghapurjagatsinghapurjajapurjajapurjajapurjajapurjajapurjharsugudajharsugudajharsugudajharsugudajharsugudakalahandikalahandikalahandikalahandikalahandikandhamalkandhamalkandhamalkandhamalkandhamalkendraparakendraparakendraparakendraparakendraparakendujharkendujharkendujharkendujharkendujharkhordhakhordhakhordhakhordhakhordhakoraputkoraputkoraputkoraputkoraputmalkangirimalkangirimalkangirimalkangirimalkangirimayurbhanjmayurbhanjmayurbhanjmayurbhanjmayurbhanjnabarangpurnabarangpurnabarangpurnabarangpurnabarangpurnayagarhnayagarhnayagarhnayagarhnayagarhnuapadanuapadanuapadanuapadanuapadapuripuripuripuripurirayagadarayagadarayagadarayagadarayagadasambalpursambalpursambalpursambalpursambalpursonepursonepursonepursonepursonepursundargarhsundargarhsundargarhsundargarhsundargarhbaksabaksabaksabaksabaksabarpetabarpetabarpetabarpetabarpetabongaigaonbongaigaonbongaigaonbongaigaonbongaigaoncacharcacharcacharcacharcacharchirangchirangchirangchirangchirangdarrangdarrangdarrangdarrangdarrangdhemajidhemajidhemajidhemajidhemajidhubridhubridhubridhubridhubridibrugarhdibrugarhdibrugarhdibrugarhdibrugarhdima hasaodima hasaodima hasaodima hasaodima hasaogoalparagoalparagoalparagoalparagoalparagolaghatgolaghatgolaghatgolaghatgolaghathailakandihailakandihailakandihailakandihailakandijorhatjorhatjorhatjorhatjorhatkamrupkamrupkamrupkamrupkamrupkarbi anglongkarbi anglongkarbi anglongkarbi anglongkarbi anglongkarimganjkarimganjkarimganjkarimganjkarimganjkokrajharkokrajharkokrajharkokrajharkokrajharlakhimpurlakhimpurlakhimpurlakhimpurlakhimpurmorigaonmorigaonmorigaonmorigaonmorigaonnagaonnagaonnagaonnagaonnagaonnalbarinalbarinalbarinalbarinalbarisivasagarsivasagarsivasagarsivasagarsivasagarsonitpursonitpursonitpursonitpursonitpurtinsukiatinsukiatinsukiatinsukiatinsukiaudalguriudalguriudalguriudalguriudalguribokarobokarobokarobokarobokarochatrachatrachatrachatrachatradeoghardeoghardeoghardeoghardeoghardhanbaddhanbaddhanbaddhanbaddhanbaddumkadumkadumkadumkadumkaeast singhbumeast singhbumeast singhbumeast singhbumeast singhbumgarhwagarhwagarhwagarhwagarhwagiridihgiridihgiridihgiridihgiridihgoddagoddagoddagoddagoddagumlagumlagumlagumlagumlahazaribaghhazaribaghhazaribaghhazaribaghhazaribaghjamtarajamtarajamtarajamtarajamtarakhuntikhuntikhuntikhuntikhuntikodermakodermakodermakodermakodermalateharlateharlateharlateharlateharlohardagalohardagalohardagalohardagalohardagapakurpakurpakurpakurpakurpalamupalamupalamupalamupalamuramgarhramgarhramgarhramgarhramgarhranchiranchiranchiranchiranchisahibganjsahibganjsahibganjsahibganjsahibganjsaraikelakharsawansaraikelakharsawansaraikelakharsawansaraikelakharsawansaraikelakharsawansimdegasimdegasimdegasimdegasimdegawest singhbhumwest singhbhumwest singhbhumwest singhbhumwest singhbhumbilaspurbilaspurbilaspurbilaspurbilaspurchambachambachambachambachambakangrakangrakangrakangrakangrakinnaurkinnaurkinnaurkinnaurkinnaurkullukullukullukullukullumandimandimandimandimandishimlashimlashimlashimlashimlasirmaursirmaursirmaursirmaursirmaursolansolansolansolansolanunaunaunaunaunakaimur (bhabua)kaimur (bhabua)kaimur (bhabua)kaimur (bhabua)kaimur (bhabua)baloda bazarbaloda bazarbaloda bazarbaloda bazarbaloda bazaruttar bastar kankeruttar bastar kankeruttar bastar kankeruttar bastar kankeruttar bastar kankerbemetarabemetarabemetarabemetarabemetarabijapurbijapurbijapurbijapurbijapurdantewadadantewadadantewadadantewadadantewadadhamtaridhamtaridhamtaridhamtaridhamtaridurgdurgdurgdurgdurggariabandgariabandgariabandgariabandgariabandjanjgirchampajanjgirchampajanjgirchampajanjgirchampajanjgirchampajashpurjashpurjashpurjashpurjashpurkabirdhamkabirdhamkabirdhamkabirdhamkabirdhamkondagaonkondagaonkondagaonkondagaonkondagaonkorbakorbakorbakorbakorbakoreakoreakoreakoreakoreamahasamundmahasamundmahasamundmahasamundmahasamundmungelimungelimungelimungelimungelinarayanpurnarayanpurnarayanpurnarayanpurnarayanpurraigarhraigarhraigarhraigarhraigarhraipurraipurraipurraipurraipurrajnandgaonrajnandgaonrajnandgaonrajnandgaonrajnandgaonsukmasukmasukmasukmasukmasurajpursurajpursurajpursurajpursurajpursurgujasurgujasurgujasurgujasurgujalahul and spitilahul and spitilahul and spitilahul and spitilahul and spitiarvalliarvalliarvalliarvalliarvallibanas kanthabanas kanthabanas kanthabanas kanthabanas kanthadevbhumi dwarkadevbhumi dwarkadevbhumi dwarkadevbhumi dwarkadevbhumi dwarkakachchhkachchhkachchhkachchhkachchhpatanpatanpatanpatanpatanrajkotrajkotrajkotrajkotrajkotahmadnagarahmadnagarahmadnagarahmadnagarahmadnagarakolaakolaakolaakolaakolabuldhanabuldhanabuldhanabuldhanabuldhanahingolihingolihingolihingolihingolijalgaonjalgaonjalgaonjalgaonjalgaonjalnajalnajalnajalnajalnaparbhaniparbhaniparbhaniparbhaniparbhaniwashimwashimwashimwashimwashimyavatmalyavatmalyavatmalyavatmalyavatmalagar malwaagar malwaagar malwaagar malwaagar malwaalirajpuralirajpuralirajpuralirajpuralirajpuranuppuranuppuranuppuranuppuranuppurashoknagarashoknagarashoknagarashoknagarashoknagarbalaghatbalaghatbalaghatbalaghatbalaghatbarwanibarwanibarwanibarwanibarwanibetulbetulbetulbetulbetulbhopalbhopalbhopalbhopalbhopalburhanpurburhanpurburhanpurburhanpurburhanpurchhatarpurchhatarpurchhatarpurchhatarpurchhatarpurchhindwarachhindwarachhindwarachhindwarachhindwaradamohdamohdamohdamohdamohdatiadatiadatiadatiadatiadewasdewasdewasdewasdewasdhardhardhardhardhardindoridindoridindoridindoridindorigunagunagunagunagunagwaliorgwaliorgwaliorgwaliorgwaliorhardahardahardahardahardahoshangabadhoshangabadhoshangabadhoshangabadhoshangabadindoreindoreindoreindoreindorejabalpurjabalpurjabalpurjabalpurjabalpurjhabuajhabuajhabuajhabuajhabuakatnikatnikatnikatnikatnikhandwakhandwakhandwakhandwakhandwakhargonekhargonekhargonekhargonekhargonemandlamandlamandlamandlamandlamandsaurmandsaurmandsaurmandsaurmandsaurmorenamorenamorenamorenamorenanarsinghpurnarsinghpurnarsinghpurnarsinghpurnarsinghpurneemuchneemuchneemuchneemuchneemuchpannapannapannapannapannaraisenraisenraisenraisenraisenrajgarhrajgarhrajgarhrajgarhrajgarhratlamratlamratlamratlamratlamrewarewarewarewarewasagarsagarsagarsagarsagarsatnasatnasatnasatnasatnasehoresehoresehoresehoresehoreseoniseoniseoniseoniseonishahdolshahdolshahdolshahdolshahdolshajapurshajapurshajapurshajapurshajapursheopursheopursheopursheopursheopurshivpurishivpurishivpurishivpurishivpurisidhisidhisidhisidhisidhisingraulisingraulisingraulisingraulisingraulitikamgarhtikamgarhtikamgarhtikamgarhtikamgarhujjainujjainujjainujjainujjainumariaumariaumariaumariaumariavidishavidishavidishavidishavidishabarmerbarmerbarmerbarmerbarmerchittaurgarhchittaurgarhchittaurgarhchittaurgarhchittaurgarhchuruchuruchuruchuruchurudausadausadausadausadausajaipurjaipurjaipurjaipurjaipurjalorejalorejalorejalorejalorejodhpurjodhpurjodhpurjodhpurjodhpurnagaurnagaurnagaurnagaurnagaurpalipalipalipalipalisikarsikarsikarsikarsikarsirohisirohisirohisirohisirohiharidwarharidwarharidwarharidwarharidwarudam singh nagarudam singh nagarudam singh nagarudam singh nagarudam singh nagarkanchipuramkanchipuramkanchipuramkanchipuramkanchipuramvillupuramvillupuramvillupuramvillupuramvillupurambhindbhindbhindbhindbhindbagalkotebagalkotebagalkotebagalkotebagalkotebuldanabuldanabuldanabuldanabuldanawardhawardhawardhawardhawardhasahebganjsahebganjsahebganjsahebganjsahebganjsaraikela kharsawansaraikela kharsawansaraikela kharsawansaraikela kharsawansaraikela kharsawangautam buddha nagargautam buddha nagargautam buddha nagargautam buddha nagargautam buddha nagarkherikherikherikherikherikushi nagarkushi nagarkushi nagarkushi nagarkushi nagarsant ravidas nagarsant ravidas nagarsant ravidas nagarsant ravidas nagarsant ravidas nagarmahendragarhmahendragarhmahendragarhmahendragarhmahendragarhjamnagarjamnagarjamnagarjamnagarjamnagarchamrajnagarchamrajnagarchamrajnagarchamrajnagarchamrajnagartumkurtumkurtumkurtumkurtumkurbalodbalodbalodbalodbalodbastarbastarbastarbastarbastargariyabandgariyabandgariyabandgariyabandgariyabandjanjgir-champajanjgir-champajanjgir-champajanjgir-champajanjgir-champakankerkankerkankerkankerkankeramreliamreliamreliamreliamrelibhavnagarbhavnagarbhavnagarbhavnagarbhavnagarbotadbotadbotadbotadbotadgir somnathgir somnathgir somnathgir somnathgir somnathjunagadhjunagadhjunagadhjunagadhjunagadhmorbimorbimorbimorbimorbikamrup metrokamrup metrokamrup metrokamrup metrokamrup metromarigaonmarigaonmarigaonmarigaonmarigaonbikanerbikanerbikanerbikanerbikanerjaisalmerjaisalmerjaisalmerjaisalmerjaisalmerjhunjhununjhunjhununjhunjhununjhunjhununjhunjhununshahjahanpurshahjahanpurshahjahanpurshahjahanpurshahjahanpurnicobarsnicobarsnicobarsnicobarsnicobarsnorth and middle andamannorth and middle andamannorth and middle andamannorth and middle andamannorth and middle andamansouth andamanssouth andamanssouth andamanssouth andamanssouth andamansanjawanjawanjawanjawanjawchanglangchanglangchanglangchanglangchanglangdibang valleydibang valleydibang valleydibang valleydibang valleyeast kamengeast kamengeast kamengeast kamengeast kamengeast siangeast siangeast siangeast siangeast siangkra daadikra daadikra daadikra daadikra daadikurung kumeykurung kumeykurung kumeykurung kumeykurung kumeylohitlohitlohitlohitlohitlongdinglongdinglongdinglongdinglongdinglower dibang valleylower dibang valleylower dibang valleylower dibang valleylower dibang valleylower subansirilower subansirilower subansirilower subansirilower subansirinamsainamsainamsainamsainamsaipapum parepapum parepapum parepapum parepapum paresiangsiangsiangsiangsiangtawangtawangtawangtawangtawangtiraptiraptiraptiraptirapupper siangupper siangupper siangupper siangupper siangupper subansiriupper subansiriupper subansiriupper subansiriupper subansiriwest kamengwest kamengwest kamengwest kamengwest kamengwest siangwest siangwest siangwest siangwest siangchandigarhchandigarhchandigarhchandigarhchandigarhdadra and nagar havelidadra and nagar havelidadra and nagar havelidadra and nagar havelidadra and nagar havelibishnupurbishnupurbishnupurbishnupurbishnupurchandelchandelchandelchandelchandelchurachandpurchurachandpurchurachandpurchurachandpurchurachandpurimphal eastimphal eastimphal eastimphal eastimphal eastimphal westimphal westimphal westimphal westimphal westsenapatisenapatisenapatisenapatisenapatitamenglongtamenglongtamenglongtamenglongtamenglongthoubalthoubalthoubalthoubalthoubalukhrulukhrulukhrulukhrulukhruleast garo hillseast garo hillseast garo hillseast garo hillseast garo hillseast jaintia hillseast jaintia hillseast jaintia hillseast jaintia hillseast jaintia hillseast khasi hillseast khasi hillseast khasi hillseast khasi hillseast khasi hillsnorth garo hillsnorth garo hillsnorth garo hillsnorth garo hillsnorth garo hillsri bhoiri bhoiri bhoiri bhoiri bhoisouth garo hillssouth garo hillssouth garo hillssouth garo hillssouth garo hillssouth west garo hillssouth west garo hillssouth west garo hillssouth west garo hillssouth west garo hillssouth west khasi hillssouth west khasi hillssouth west khasi hillssouth west khasi hillssouth west khasi hillswest garo hillswest garo hillswest garo hillswest garo hillswest garo hillswest jaintia hillswest jaintia hillswest jaintia hillswest jaintia hillswest jaintia hillswest khasi hillswest khasi hillswest khasi hillswest khasi hillswest khasi hillsaizawlaizawlaizawlaizawlaizawlchamphaichamphaichamphaichamphaichamphaikolasibkolasibkolasibkolasibkolasiblawngtlailawngtlailawngtlailawngtlailawngtlailungleilungleilungleilungleilungleimamitmamitmamitmamitmamitsaihasaihasaihasaihasaihaserchhipserchhipserchhipserchhipserchhipdimapurdimapurdimapurdimapurdimapurkiphirekiphirekiphirekiphirekiphirekohimakohimakohimakohimakohimalonglenglonglenglonglenglonglenglonglengmokokchungmokokchungmokokchungmokokchungmokokchungmonmonmonmonmonperenperenperenperenperenphekphekphekphekphektuensangtuensangtuensangtuensangtuensangwokhawokhawokhawokhawokhazunhebotozunhebotozunhebotozunhebotozunhebotokaraikalkaraikalkaraikalkaraikalkaraikalpondicherrypondicherrypondicherrypondicherrypondicherryyanamyanamyanamyanamyanameast districteast districteast districteast districteast districtnorth districtnorth districtnorth districtnorth districtnorth districtsouth districtsouth districtsouth districtsouth districtsouth districtwest districtwest districtwest districtwest districtwest districtadilabadadilabadadilabadadilabadadilabadbhadradribhadradribhadradribhadradribhadradrihanumakondahanumakondahanumakondahanumakondahanumakondajagitialjagitialjagitialjagitialjagitialjangoanjangoanjangoanjangoanjangoanjayashankarjayashankarjayashankarjayashankarjayashankarjogulambajogulambajogulambajogulambajogulambakamareddykamareddykamareddykamareddykamareddykarimnagarkarimnagarkarimnagarkarimnagarkarimnagarkhammamkhammamkhammamkhammamkhammamkomaram bheem asifabadkomaram bheem asifabadkomaram bheem asifabadkomaram bheem asifabadkomaram bheem asifabadmahabubabadmahabubabadmahabubabadmahabubabadmahabubabadmahbubnagarmahbubnagarmahbubnagarmahbubnagarmahbubnagarmancherialmancherialmancherialmancherialmancherialmedakmedakmedakmedakmedakmedchal malkajgirimedchal malkajgirimedchal malkajgirimedchal malkajgirimedchal malkajgirinagarkurnoolnagarkurnoolnagarkurnoolnagarkurnoolnagarkurnoolnalgondanalgondanalgondanalgondanalgondanirmalnirmalnirmalnirmalnirmalnizamabadnizamabadnizamabadnizamabadnizamabadpeddapallipeddapallipeddapallipeddapallipeddapallirajannarajannarajannarajannarajannarangareddirangareddirangareddirangareddirangareddisangareddysangareddysangareddysangareddysangareddysiddipetsiddipetsiddipetsiddipetsiddipetsuryapetsuryapetsuryapetsuryapetsuryapetvikarabadvikarabadvikarabadvikarabadvikarabadwanaparthywanaparthywanaparthywanaparthywanaparthywarangalwarangalwarangalwarangalwarangalyadadriyadadriyadadriyadadriyadadridhalaidhalaidhalaidhalaidhalaigomatigomatigomatigomatigomatikhowaikhowaikhowaikhowaikhowainorth tripuranorth tripuranorth tripuranorth tripuranorth tripurasepahijalasepahijalasepahijalasepahijalasepahijalasouth tripurasouth tripurasouth tripurasouth tripurasouth tripuraunakotiunakotiunakotiunakotiunakotiwest tripurawest tripurawest tripurawest tripurawest tripura,ricemaizebajraragijowarricemaizebajraragijowarricemaizebajraragijowarricemaizebajraragijowarricemaizebajraragijowarricemaizebajraragijowarricemaizebajraragijowarricemaizebajraragijowarricemaizebajraragijowarricemaizebajraragijowarricemaizebajraragijowarricemaizebajraragijowarricemaizebajraragijowarricemaizebajraragijowarricemaizebajraragijowarricemaizebajraragijowarricemaizebajraragijowarricemaizebajraragijowarricemaizebajraragijowarricemaizebajraragijowarricemaizebajraragijowarricemaizebajraragijowarricemaizebajraragijowarricemaizebajraragijowarricemaizebajraragijowarricemaizebajraragijowarricemaizebajraragijowarricemaizebajraragijowarricemaizebajraragijowarricemaizebajraragijowarricemaizebajraragijowarricemaizebajraragijowarricemaizebajraragijowarricemaizebajraragijowarricemaizebajraragijowarricemaizebajraragijowarricemaizebajraragijowarricemaizebajraragijowarricemaizebajraragijowarricemaizebajraragijowarricemaizebajraragijowarricemaizebajraragijowarricemaizebajraragijowarricemaizebajraragijowarricemaizebajraragijowarricemaizebajraragijowarricemaizebajraragijowarricemaizebajraragijowarricemaizebajraragijowarricemaizebajraragijowarricemaizebajraragijowarricemaizebajraragijowarricemaizebajraragijowarricemaizebajraragijowarricemaizebajraragijowarricemaizebajraragijowarricemaizebajraragijowarricemaizebajraragijowarricemaizebajraragijowarricemaizebajraragijowarricemaizebajraragijowarricemaizebajraragijowarricemaizebajraragijowarricemaizebajraragijowarricemaizebajraragijowarricemaizebajraragijowarricemaizebajraragijowarricemaizebajraragijowarricemaizebajraragijowarricemaizebajraragijowarricemaizebajraragijowarricemaizebajraragijowarricemaizebajraragijowarricemaizebajraragijowarricemaizebajraragijowarricemaizebajraragijowarricemaizebajraragijowarricemaizebajraragijowarricemaizebajraragijowarricemaizebajraragijowarricemaizebajraragijowarricemaizebajraragijowarricemaizebajraragijowarricemaizebajraragijowarricemaizebajraragijowarricemaizebajraragijowarricemaizebajraragijowarricemaizebajraragijowarricemaizebajraragijowarricemaizebajraragijowarricemaizebajraragijowarricemaizebajraragijowarricemaizebajraragijowarricemaizebajraragijowarricemaizebajraragijowarricemaizebajraragijowarricemaizebajraragijowarricemaizebajraragijowarricemaizebajraragijowarricemaizebajraragijowarricemaizebajraragijowarricemaizebajraragijowarricemaizebajraragijowarricemaizebajraragijowarricemaizebajraragijowarricemaizebajraragijowarricemaizebajraragijowarricemaizebajraragijowarricemaizebajraragijowarricemaizebajraragijowarricemaizebajraragijowarricemaizebajraragijowarricemaizebajraragijowarricemaizebajraragijowarricemaizebajraragijowarricemaizebajraragijowarricemaizebajraragijowarricemaizebajraragijowarricemaizebajraragijowarricemaizebajraragijowarricemaizebajraragijowarricemaizebajraragijowarricemaizebajraragijowarricemaizebajraragijowarricemaizebajraragijowarricemaizebajraragijowarricemaizebajraragijowarricemaizebajraragijowarricemaizebajraragijowarricemaizebajraragijowarricemaizebajraragijowarricemaizebajraragijowarricemaizebajraragijowarricemaizebajraragijowarricemaizebajraragijowarricemaizebajraragijowarricemaizebajraragijowarricemaizebajraragijowarricemaizebajraragijowarricemaizebajraragijowarricemaizebajraragijowarricemaizebajraragijowarricemaizebajraragijowarricemaizebajraragijowarricemaizebajraragijowarricemaizebajraragijowarricemaizebajraragijowarricemaizebajraragijowarricemaizebajraragijowarricemaizebajraragijowarricemaizebajraragijowarricemaizebajraragijowarricemaizebajraragijowarricemaizebajraragijowarricemaizebajraragijowarricemaizebajraragijowarricemaizebajraragijowarricemaizebajraragijowarricemaizebajraragijowarricemaizebajraragijowarricemaizebajraragijowarricemaizebajraragijowarricemaizebajraragijowarricemaizebajraragijowarricemaizebajraragijowarricemaizebajraragijowarricemaizebajraragijowarricemaizebajraragijowarricemaizebajraragijowarricemaizebajraragijowarricemaizebajraragijowarricemaizebajraragijowarricemaizebajraragijowarricemaizebajraragijowarricemaizebajraragijowarricemaizebajraragijowarricemaizebajraragijowarricemaizebajraragijowarricemaizebajraragijowarricemaizebajraragijowarricemaizebajraragijowarricemaizebajraragijowarricemaizebajraragijowarricemaizebajraragijowarricemaizebajraragijowarricemaizebajraragijowarricemaizebajraragijowarricemaizebajraragijowarricemaizebajraragijowarricemaizebajraragijowarricemaizebajraragijowarricemaizebajraragijowarricemaizebajraragijowarricemaizebajraragijowarricemaizebajraragijowarricemaizebajraragijowarricemaizebajraragijowarricemaizebajraragijowarricemaizebajraragijowarricemaizebajraragijowarricemaizebajraragijowarricemaizebajraragijowarricemaizebajraragijowarricemaizebajraragijowarricemaizebajraragijowarricemaizebajraragijowarricemaizebajraragijowarricemaizebajraragijowarricemaizebajraragijowarricemaizebajraragijowarricemaizebajraragijowarricemaizebajraragijowarricemaizebajraragijowarricemaizebajraragijowarricemaizebajraragijowarricemaizebajraragijowarricemaizebajraragijowarricemaizebajraragijowarricemaizebajraragijowarricemaizebajraragijowarricemaizebajraragijowarricemaizebajraragijowarricemaizebajraragijowarricemaizebajraragijowarricemaizebajraragijowarricemaizebajraragijowarricemaizebajraragijowarricemaizebajraragijowarricemaizebajraragijowarricemaizebajraragijowarricemaizebajraragijowarricemaizebajraragijowarricemaizebajraragijowarricemaizebajraragijowarricemaizebajraragijowarricemaizebajraragijowarricemaizebajraragijowarricemaizebajraragijowarricemaizebajraragijowarricemaizebajraragijowarricemaizebajraragijowarricemaizebajraragijowarricemaizebajraragijowarricemaizebajraragijowarricemaizebajraragijowarricemaizebajraragijowarricemaizebajraragijowarricemaizebajraragijowarricemaizebajraragijowarricemaizebajraragijowarricemaizebajraragijowarricemaizebajraragijowarricemaizebajraragijowarricemaizebajraragijowarricemaizebajraragijowarricemaizebajraragijowarricemaizebajraragijowarricemaizebajraragijowarricemaizebajraragijowarricemaizebajraragijowarricemaizebajraragijowarricemaizebajraragijowarricemaizebajraragijowarricemaizebajraragijowarricemaizebajraragijowarricemaizebajraragijowarricemaizebajraragijowarricemaizebajraragijowarricemaizebajraragijowarricemaizebajraragijowarricemaizebajraragijowarricemaizebajraragijowarricemaizebajraragijowarricemaizebajraragijowarricemaizebajraragijowarricemaizebajraragijowarricemaizebajraragijowarricemaizebajraragijowarricemaizebajraragijowarricemaizebajraragijowarricemaizebajraragijowarricemaizebajraragijowarricemaizebajraragijowarricemaizebajraragijowarricemaizebajraragijowarricemaizebajraragijowarricemaizebajraragijowarricemaizebajraragijowarricemaizebajraragijowarricemaizebajraragijowarricemaizebajraragijowarricemaizebajraragijowarricemaizebajraragijowarricemaizebajraragijowarricemaizebajraragijowarricemaizebajraragijowarricemaizebajraragijowarricemaizebajraragijowarricemaizebajraragijowarricemaizebajraragijowarricemaizebajraragijowarricemaizebajraragijowarricemaizebajraragijowarricemaizebajraragijowarricemaizebajraragijowarricemaizebajraragijowarricemaizebajraragijowarricemaizebajraragijowarricemaizebajraragijowarricemaizebajraragijowarricemaizebajraragijowarricemaizebajraragijowarricemaizebajraragijowarricemaizebajraragijowarricemaizebajraragijowarricemaizebajraragijowarricemaizebajraragijowarricemaizebajraragijowarricemaizebajraragijowarricemaizebajraragijowarricemaizebajraragijowarricemaizebajraragijowarricemaizebajraragijowarricemaizebajraragijowarricemaizebajraragijowarricemaizebajraragijowarricemaizebajraragijowarricemaizebajraragijowarricemaizebajraragijowarricemaizebajraragijowarricemaizebajraragijowarricemaizebajraragijowarricemaizebajraragijowarricemaizebajraragijowarricemaizebajraragijowarricemaizebajraragijowarricemaizebajraragijowarricemaizebajraragijowarricemaizebajraragijowarricemaizebajraragijowarricemaizebajraragijowarricemaizebajraragijowarricemaizebajraragijowarricemaizebajraragijowarricemaizebajraragijowarricemaizebajraragijowarricemaizebajraragijowarricemaizebajraragijowarricemaizebajraragijowarricemaizebajraragijowarricemaizebajraragijowarricemaizebajraragijowarricemaizebajraragijowarricemaizebajraragijowarricemaizebajraragijowarricemaizebajraragijowarricemaizebajraragijowarricemaizebajraragijowarricemaizebajraragijowarricemaizebajraragijowarricemaizebajraragijowarricemaizebajraragijowarricemaizebajraragijowarricemaizebajraragijowarricemaizebajraragijowarricemaizebajraragijowarricemaizebajraragijowarricemaizebajraragijowarricemaizebajraragijowarricemaizebajraragijowarricemaizebajraragijowarricemaizebajraragijowarricemaizebajraragijowarricemaizebajraragijowarricemaizebajraragijowarricemaizebajraragijowarricemaizebajraragijowarricemaizebajraragijowarricemaizebajraragijowarricemaizebajraragijowarricemaizebajraragijowarricemaizebajraragijowarricemaizebajraragijowarricemaizebajraragijowarricemaizebajraragijowarricemaizebajraragijowarricemaizebajraragijowarricemaizebajraragijowarricemaizebajraragijowarricemaizebajraragijowarricemaizebajraragijowarricemaizebajraragijowarricemaizebajraragijowarricemaizebajraragijowarricemaizebajraragijowarricemaizebajraragijowarricemaizebajraragijowarricemaizebajraragijowarricemaizebajraragijowarricemaizebajraragijowarricemaizebajraragijowarricemaizebajraragijowarricemaizebajraragijowarricemaizebajraragijowarricemaizebajraragijowarricemaizebajraragijowarricemaizebajraragijowarricemaizebajraragijowarricemaizebajraragijowarricemaizebajraragijowarricemaizebajraragijowarricemaizebajraragijowarricemaizebajraragijowarricemaizebajraragijowarricemaizebajraragijowarricemaizebajraragijowarricemaizebajraragijowarricemaizebajraragijowarricemaizebajraragijowarricemaizebajraragijowarricemaizebajraragijowarricemaizebajraragijowarricemaizebajraragijowarricemaizebajraragijowarricemaizebajraragijowarricemaizebajraragijowarricemaizebajraragijowarricemaizebajraragijowarricemaizebajraragijowarricemaizebajraragijowarricemaizebajraragijowarricemaizebajraragijowarricemaizebajraragijowarricemaizebajraragijowarricemaizebajraragijowarricemaizebajraragijowarricemaizebajraragijowarricemaizebajraragijowarricemaizebajraragijowarricemaizebajraragijowarricemaizebajraragijowarricemaizebajraragijowarricemaizebajraragijowarricemaizebajraragijowarricemaizebajraragijowarricemaizebajraragijowarricemaizebajraragijowarricemaizebajraragijowarricemaizebajraragijowarricemaizebajraragijowarricemaizebajraragijowarricemaizebajraragijowarricemaizebajraragijowarricemaizebajraragijowarricemaizebajraragijowarricemaizebajraragijowarricemaizebajraragijowarricemaizebajraragijowarricemaizebajraragijowarricemaizebajraragijowarricemaizebajraragijowarricemaizebajraragijowarricemaizebajraragijowarricemaizebajraragijowarricemaizebajraragijowarricemaizebajraragijowarricemaizebajraragijowarricemaizebajraragijowarricemaizebajraragijowarricemaizebajraragijowarricemaizebajraragijowarricemaizebajraragijowarricemaizebajraragijowarricemaizebajraragijowarricemaizebajraragijowarricemaizebajraragijowarricemaizebajraragijowarricemaizebajraragijowarricemaizebajraragijowarricemaizebajraragijowarricemaizebajraragijowarricemaizebajraragijowarricemaizebajraragijowarricemaizebajraragijowarricemaizebajraragijowarricemaizebajraragijowarricemaizebajraragijowarricemaizebajraragijowarricemaizebajraragijowarricemaizebajraragijowarricemaizebajraragijowarricemaizebajraragijowarricemaizebajraragijowarricemaizebajraragijowarricemaizebajraragijowarricemaizebajraragijowarricemaizebajraragijowarricemaizebajraragijowarricemaizebajraragijowarricemaizebajraragijowarricemaizebajraragijowarricemaizebajraragijowarricemaizebajraragijowarricemaizebajraragijowarricemaizebajraragijowarricemaizebajraragijowarricemaizebajraragijowarricemaizebajraragijowarricemaizebajraragijowarricemaizebajraragijowarricemaizebajraragijowarricemaizebajraragijowarricemaizebajraragijowarricemaizebajraragijowarricemaizebajraragijowarricemaizebajraragijowarricemaizebajraragijowarricemaizebajraragijowarricemaizebajraragijowarricemaizebajraragijowarricemaizebajraragijowarricemaizebajraragijowarricemaizebajraragijowarricemaizebajraragijowarricemaizebajraragijowarricemaizebajraragijowarricemaizebajraragijowarricemaizebajraragijowarricemaizebajraragijowarricemaizebajraragijowarricemaizebajraragijowarricemaizebajraragijowarricemaizebajraragijowarricemaizebajraragijowarricemaizebajraragijowarricemaizebajraragijowarricemaizebajraragijowarricemaizebajraragijowarricemaizebajraragijowarricemaizebajraragijowarricemaizebajraragijowarricemaizebajraragijowarricemaizebajraragijowarricemaizebajraragijowarricemaizebajraragijowarricemaizebajraragijowarricemaizebajraragijowarricemaizebajraragijowarricemaizebajraragijowarricemaizebajraragijowarricemaizebajraragijowarricemaizebajraragijowarricemaizebajraragijowarricemaizebajraragijowarricemaizebajraragijowarricemaizebajraragijowarricemaizebajraragijowarricemaizebajraragijowarricemaizebajraragijowarricemaizebajraragijowarricemaizebajraragijowarricemaizebajraragijowarricemaizebajraragijowarricemaizebajraragijowarricemaizebajraragijowarricemaizebajraragijowarricemaizebajraragijowarricemaizebajraragijowarricemaizebajraragijowarricemaizebajraragijowarricemaizebajraragijowarricemaizebajraragijowarricemaizebajraragijowarricemaizebajraragijowarricemaizebajraragijowarricemaizebajraragijowarricemaizebajraragijowarricemaizebajraragijowarricemaizebajraragijowarricemaizebajraragijowarricemaizebajraragijowarricemaizebajraragijowarricemaizebajraragijowarricemaizebajraragijowarricemaizebajraragijowarricemaizebajraragijowarricemaizebajraragijowarricemaizebajraragijowarricemaizebajraragijowarricemaizebajraragijowarricemaizebajraragijowarricemaizebajraragijowarricemaizebajraragijowarricemaizebajraragijowarricemaizebajraragijowarricemaizebajraragijowarricemaizebajraragijowarricemaizebajraragijowarricemaizebajraragijowarricemaizebajraragijowarricemaizebajraragijowarricemaizebajraragijowarricemaizebajraragijowarricemaizebajraragijowarricemaizebajraragijowarricemaizebajraragijowarricemaizebajraragijowarricemaizebajraragijowarricemaizebajraragijowarricemaizebajraragijowarricemaizebajraragijowarricemaizebajraragijowarricemaizebajraragijowarricemaizebajraragijowarricemaizebajraragijowarricemaizebajraragijowarricemaizebajraragijowarricemaizebajraragijowarricemaizebajraragijowarricemaizebajraragijowarricemaizebajraragijowarricemaizebajraragijowarricemaizebajraragijowarricemaizebajraragijowarricemaizebajraragijowarricemaizebajraragijowarricemaizebajraragijowarricemaizebajraragijowarricemaizebajraragijowarricemaizebajraragijowarricemaizebajraragijowarricemaizebajraragijowarricemaizebajraragijowarricemaizebajraragijowarricemaizebajraragijowarricemaizebajraragijowarricemaizebajraragijowarricemaizebajraragijowarricemaizebajraragijowarricemaizebajraragijowarricemaizebajraragijowarricemaizebajraragijowarricemaizebajraragijowarricemaizebajraragijowarricemaizebajraragijowarricemaizebajraragijowarricemaizebajraragijowarricemaizebajraragijowarricemaizebajraragijowarricemaizebajraragijowarricemaizebajraragijowarricemaizebajraragijowarricemaizebajraragijowarricemaizebajraragijowarricemaizebajraragijowarricemaizebajraragijowarricemaizebajraragijowarricemaizebajraragijowarricemaizebajraragijowarricemaizebajraragijowarricemaizebajraragijowarricemaizebajraragijowarricemaizebajraragijowarricemaizebajraragijowarricemaizebajraragijowarricemaizebajraragijowarricemaizebajraragijowarricemaizebajraragijowarricemaizebajraragijowarricemaizebajraragijowarricemaizebajraragijowarricemaizebajraragijowarricemaizebajraragijowarricemaizebajraragijowarricemaizebajraragijowarricemaizebajraragijowarricemaizebajraragijowarricemaizebajraragijowarricemaizebajraragijowarricemaizebajraragijowarricemaizebajraragijowarricemaizebajraragijowarricemaizebajraragijowarricemaizebajraragijowarricemaizebajraragijowarricemaizebajraragijowarricemaizebajraragijowarricemaizebajraragijowarricemaizebajraragijowarricemaizebajraragijowarricemaizebajraragijowarricemaizebajraragijowarricemaizebajraragijowarricemaizebajraragijowarricemaizebajraragijowarricemaizebajraragijowarricemaizebajraragijowarricemaizebajraragijowarricemaizebajraragijowarricemaizebajraragijowarricemaizebajraragijowarricemaizebajraragijowarricemaizebajraragijowarricemaizebajraragijowarricemaizebajraragijowarricemaizebajraragijowarricemaizebajraragijowar,3631742.0,3631742.0,94344.419799,6131100951.36437,6000688200.313558,282951175.23698735,325846865.60517144,113041466.80334933,115320026.0035459,205614865.5896559,248249775.7211528,93768512.98920642,98405211.00267756,21335349451781.867,21335349451118.605,12458915.64013825,29157867.79790025,112060101.74636248,135296127.7680283,6332937.860161401,7646093.092211507,10813721903.845108,24015780221.63767,10626919550.156143,9878318360.114447,3631742.0,54.97243144279697,17.17419885179944,4.711841950468435,13.164371027021259,1.9758573416611114,-3.108745513025686e-09,-7.57822498477386,57.27082746072586,17.174198851799453,17.174198851799435
22,puducherry,ariyalurariyalurariyalurariyalurariyalurcoimbatorecoimbatorecoimbatorecoimbatorecoimbatorecuddalorecuddalorecuddalorecuddalorecuddaloredharmapuridharmapuridharmapuridharmapuridharmapuridindiguldindiguldindiguldindiguldindigulerodeerodeerodeerodeerodekancheepuramkancheepuramkancheepuramkancheepuramkancheepuramkanniyakumarikanniyakumarikanniyakumarikanniyakumarikanniyakumarikarurkarurkarurkarurkarurkrishnagirikrishnagirikrishnagirikrishnagirikrishnagirimaduraimaduraimaduraimaduraimadurainagappattinamnagappattinamnagappattinamnagappattinamnagappattinamnamakkalnamakkalnamakkalnamakkalnamakkalperambalurperambalurperambalurperambalurperambalurpudukkottaipudukkottaipudukkottaipudukkottaipudukkottairamanathapuramramanathapuramramanathapuramramanathapuramramanathapuramsalemsalemsalemsalemsalemsivagangasivagangasivagangasivagangasivagangathanjavurthanjavurthanjavurthanjavurthanjavurthe nilgiristhe nilgiristhe nilgiristhe nilgiristhe nilgiristhenithenithenithenithenithiruvallurthiruvallurthiruvallurthiruvallurthiruvallurthiruvarurthiruvarurthiruvarurthiruvarurthiruvarurtiruchirappallitiruchirappallitiruchirappallitiruchirappallitiruchirappallitirunelvelitirunelvelitirunelvelitirunelvelitirunelvelitiruppurtiruppurtiruppurtiruppurtiruppurtiruvannamalaitiruvannamalaitiruvannamalaitiruvannamalaitiruvannamalaituticorintuticorintuticorintuticorintuticorinvellorevellorevellorevellorevelloreviluppuramviluppuramviluppuramviluppuramviluppuramvirudhunagarvirudhunagarvirudhunagarvirudhunagarvirudhunagaramritsaramritsaramritsaramritsaramritsarbarnalabarnalabarnalabarnalabarnalabathindabathindabathindabathindabathindafaridkotfaridkotfaridkotfaridkotfaridkotfatehgarh sahibfatehgarh sahibfatehgarh sahibfatehgarh sahibfatehgarh sahibfazilkafazilkafazilkafazilkafazilkafirozpurfirozpurfirozpurfirozpurfirozpurgurdaspurgurdaspurgurdaspurgurdaspurgurdaspurhoshiarpurhoshiarpurhoshiarpurhoshiarpurhoshiarpurjalandharjalandharjalandharjalandharjalandharkapurthalakapurthalakapurthalakapurthalakapurthalaludhianaludhianaludhianaludhianaludhianamansamansamansamansamansamogamogamogamogamogamuktsarmuktsarmuktsarmuktsarmuktsarpathankotpathankotpathankotpathankotpathankotpatialapatialapatialapatialapatialarupnagarrupnagarrupnagarrupnagarrupnagarsangrursangrursangrursangrursangrurshahid bhagat singh nagarshahid bhagat singh nagarshahid bhagat singh nagarshahid bhagat singh nagarshahid bhagat singh nagartarn tarantarn tarantarn tarantarn tarantarn taranambalaambalaambalaambalaambalabhiwanibhiwanibhiwanibhiwanibhiwanicharki dadricharki dadricharki dadricharki dadricharki dadrifaridabadfaridabadfaridabadfaridabadfaridabadfatehabadfatehabadfatehabadfatehabadfatehabadgurgaongurgaongurgaongurgaongurgaonhisarhisarhisarhisarhisarjhajjarjhajjarjhajjarjhajjarjhajjarjindjindjindjindjindkaithalkaithalkaithalkaithalkaithalkarnalkarnalkarnalkarnalkarnalkurukshetrakurukshetrakurukshetrakurukshetrakurukshetramewatmewatmewatmewatmewatpalwalpalwalpalwalpalwalpalwalpanchkulapanchkulapanchkulapanchkulapanchkulapanipatpanipatpanipatpanipatpanipatrewarirewarirewarirewarirewarirohtakrohtakrohtakrohtakrohtaksirsasirsasirsasirsasirsasonipatsonipatsonipatsonipatsonipatyamunanagaryamunanagaryamunanagaryamunanagaryamunanagaranantapuranantapuranantapuranantapuranantapurchittoorchittoorchittoorchittoorchittooreast godavarieast godavarieast godavarieast godavarieast godavarigunturgunturgunturgunturgunturkadapakadapakadapakadapakadapakrishnakrishnakrishnakrishnakrishnakurnoolkurnoolkurnoolkurnoolkurnoolprakasamprakasamprakasamprakasamprakasamnellorenellorenellorenellorenelloresrikakulamsrikakulamsrikakulamsrikakulamsrikakulamvisakhapatnamvisakhapatnamvisakhapatnamvisakhapatnamvisakhapatnamvizianagaramvizianagaramvizianagaramvizianagaramvizianagaramwest godavariwest godavariwest godavariwest godavariwest godavariballariballariballariballariballaribangalore ruralbangalore ruralbangalore ruralbangalore ruralbangalore ruralbelagavibelagavibelagavibelagavibelagavibengaluru urbanbengaluru urbanbengaluru urbanbengaluru urbanbengaluru urbanbidarbidarbidarbidarbidarchamarajanagarachamarajanagarachamarajanagarachamarajanagarachamarajanagarachikkaballapurachikkaballapurachikkaballapurachikkaballapurachikkaballapurachikmagalurchikmagalurchikmagalurchikmagalurchikmagalurchitradurgachitradurgachitradurgachitradurgachitradurgadakshina kannadadakshina kannadadakshina kannadadakshina kannadadakshina kannadadavangeredavangeredavangeredavangeredavangeredharwaddharwaddharwaddharwaddharwadgadaggadaggadaggadaggadaghassanhassanhassanhassanhassanhaverihaverihaverihaverihaverikalaburagikalaburagikalaburagikalaburagikalaburagikodagukodagukodagukodagukodagukolarkolarkolarkolarkolarkoppalkoppalkoppalkoppalkoppalmandyamandyamandyamandyamandyamysurumysurumysurumysurumysururaichurraichurraichurraichurraichurramanagararamanagararamanagararamanagararamanagarashivamoggashivamoggashivamoggashivamoggashivamoggatumakurutumakurutumakurutumakurutumakuruudupiudupiudupiudupiudupiuttara kannadauttara kannadauttara kannadauttara kannadauttara kannadavijayapuravijayapuravijayapuravijayapuravijayapurayadgiryadgiryadgiryadgiryadgiralmoraalmoraalmoraalmoraalmorabageshwarbageshwarbageshwarbageshwarbageshwarchamolichamolichamolichamolichamolichampawatchampawatchampawatchampawatchampawatdehradundehradundehradundehradundehradunhardwarhardwarhardwarhardwarhardwarnainitalnainitalnainitalnainitalnainitalpauri garhwalpauri garhwalpauri garhwalpauri garhwalpauri garhwalpithoragarhpithoragarhpithoragarhpithoragarhpithoragarhrudra prayagrudra prayagrudra prayagrudra prayagrudra prayagtehri garhwaltehri garhwaltehri garhwaltehri garhwaltehri garhwaludham singh nagarudham singh nagarudham singh nagarudham singh nagarudham singh nagaruttar kashiuttar kashiuttar kashiuttar kashiuttar kashispsr nellorespsr nellorespsr nellorespsr nellorespsr nellorevisakhapatanamvisakhapatanamvisakhapatanamvisakhapatanamvisakhapatanamparaganas northparaganas northparaganas northparaganas northparaganas northparaganas southparaganas southparaganas southparaganas southparaganas southalipurduaralipurduaralipurduaralipurduaralipurduarbankurabankurabankurabankurabankurabirbhumbirbhumbirbhumbirbhumbirbhumcoochbeharcoochbeharcoochbeharcoochbeharcoochbehardarjeelingdarjeelingdarjeelingdarjeelingdarjeelingdakshin dinajpurdakshin dinajpurdakshin dinajpurdakshin dinajpurdakshin dinajpuruttar dinajpuruttar dinajpuruttar dinajpuruttar dinajpuruttar dinajpurhooghlyhooghlyhooghlyhooghlyhooghlyhowrahhowrahhowrahhowrahhowrahjalpaigurijalpaigurijalpaigurijalpaigurijalpaigurijhargramjhargramjhargramjhargramjhargramkalimpongkalimpongkalimpongkalimpongkalimpongmaldahmaldahmaldahmaldahmaldahmedinipur eastmedinipur eastmedinipur eastmedinipur eastmedinipur eastmedinipur westmedinipur westmedinipur westmedinipur westmedinipur westmurshidabadmurshidabadmurshidabadmurshidabadmurshidabadnadianadianadianadianadiabarddhamanbarddhamanbarddhamanbarddhamanbarddhamanpuruliyapuruliyapuruliyapuruliyapuruliyaalappuzhaalappuzhaalappuzhaalappuzhaalappuzhaernakulamernakulamernakulamernakulamernakulamidukkiidukkiidukkiidukkiidukkikannurkannurkannurkannurkannurkasaragodkasaragodkasaragodkasaragodkasaragodkollamkollamkollamkollamkollamkottayamkottayamkottayamkottayamkottayamkozhikodekozhikodekozhikodekozhikodekozhikodemalappurammalappurammalappurammalappurammalappurampalakkadpalakkadpalakkadpalakkadpalakkadpathanamthittapathanamthittapathanamthittapathanamthittapathanamthittathiruvananthapuramthiruvananthapuramthiruvananthapuramthiruvananthapuramthiruvananthapuramthrissurthrissurthrissurthrissurthrissurwayanadwayanadwayanadwayanadwayanadbagalkotbagalkotbagalkotbagalkotbagalkotchikballapurachikballapurachikballapurachikballapurachikballapurachikkamagaluruchikkamagaluruchikkamagaluruchikkamagaluruchikkamagalurudavanageredavanageredavanageredavanageredavanagereyadagiriyadagiriyadagiriyadagiriyadagiriagraagraagraagraagraaligarhaligarhaligarhaligarhaligarhallahabadallahabadallahabadallahabadallahabadambedkar nagarambedkar nagarambedkar nagarambedkar nagarambedkar nagaramethiamethiamethiamethiamethiamrohaamrohaamrohaamrohaamrohaauraiyaauraiyaauraiyaauraiyaauraiyaazamgarhazamgarhazamgarhazamgarhazamgarhbaghpatbaghpatbaghpatbaghpatbaghpatbahraichbahraichbahraichbahraichbahraichballiaballiaballiaballiaballiabalrampurbalrampurbalrampurbalrampurbalrampurbandabandabandabandabandabarabankibarabankibarabankibarabankibarabankibareillybareillybareillybareillybareillybastibastibastibastibastibijnorbijnorbijnorbijnorbijnorbudaunbudaunbudaunbudaunbudaunbulandshahrbulandshahrbulandshahrbulandshahrbulandshahrchandaulichandaulichandaulichandaulichandaulichitrakootchitrakootchitrakootchitrakootchitrakootdeoriadeoriadeoriadeoriadeoriaetahetahetahetahetahetawahetawahetawahetawahetawahfaizabadfaizabadfaizabadfaizabadfaizabadfarrukhabadfarrukhabadfarrukhabadfarrukhabadfarrukhabadfatehpurfatehpurfatehpurfatehpurfatehpurfirozabadfirozabadfirozabadfirozabadfirozabadkanpur nagarkanpur nagarkanpur nagarkanpur nagarkanpur nagarghaziabadghaziabadghaziabadghaziabadghaziabadghazipurghazipurghazipurghazipurghazipurgondagondagondagondagondagorakhpurgorakhpurgorakhpurgorakhpurgorakhpurhamirpurhamirpurhamirpurhamirpurhamirpurhapurhapurhapurhapurhapurhardoihardoihardoihardoihardoihathrashathrashathrashathrashathrasjalaunjalaunjalaunjalaunjalaunjaunpurjaunpurjaunpurjaunpurjaunpurjhansijhansijhansijhansijhansikannaujkannaujkannaujkannaujkannaujkanpur dehatkanpur dehatkanpur dehatkanpur dehatkanpur dehatkasganjkasganjkasganjkasganjkasganjkaushambikaushambikaushambikaushambikaushambilakhimpur kherilakhimpur kherilakhimpur kherilakhimpur kherilakhimpur kherikushinagarkushinagarkushinagarkushinagarkushinagarlalitpurlalitpurlalitpurlalitpurlalitpurlucknowlucknowlucknowlucknowlucknowmaharajganjmaharajganjmaharajganjmaharajganjmaharajganjmahobamahobamahobamahobamahobamainpurimainpurimainpurimainpurimainpurimathuramathuramathuramathuramathuramaumaumaumaumaumeerutmeerutmeerutmeerutmeerutmirzapurmirzapurmirzapurmirzapurmirzapurmoradabadmoradabadmoradabadmoradabadmoradabadmuzaffarnagarmuzaffarnagarmuzaffarnagarmuzaffarnagarmuzaffarnagarpilibhitpilibhitpilibhitpilibhitpilibhitpratapgarhpratapgarhpratapgarhpratapgarhpratapgarhrae barelirae barelirae barelirae barelirae barelirampurrampurrampurrampurrampursaharanpursaharanpursaharanpursaharanpursaharanpursambhalsambhalsambhalsambhalsambhalsant kabeer nagarsant kabeer nagarsant kabeer nagarsant kabeer nagarsant kabeer nagarsant ravi das nagarsant ravi das nagarsant ravi das nagarsant ravi das nagarsant ravi das nagarshahajahanpurshahajahanpurshahajahanpurshahajahanpurshahajahanpurshamlishamlishamlishamlishamlishravastishravastishravastishravastishravastisiddharth nagarsiddharth nagarsiddharth nagarsiddharth nagarsiddharth nagarsitapursitapursitapursitapursitapursonbhadrasonbhadrasonbhadrasonbhadrasonbhadrasultanpursultanpursultanpursultanpursultanpurunnaounnaounnaounnaounnaovaranasivaranasivaranasivaranasivaranasiahmednagarahmednagarahmednagarahmednagarahmednagaramravatiamravatiamravatiamravatiamravatibeedbeedbeedbeedbeedbhandarabhandarabhandarabhandarabhandarachandrapurchandrapurchandrapurchandrapurchandrapurdhuledhuledhuledhuledhulegadchiroligadchiroligadchiroligadchiroligadchiroligondiagondiagondiagondiagondiakolhapurkolhapurkolhapurkolhapurkolhapurlaturlaturlaturlaturlaturnagpurnagpurnagpurnagpurnagpurnandednandednandednandednandednandurbarnandurbarnandurbarnandurbarnandurbarnashiknashiknashiknashiknashikosmanabadosmanabadosmanabadosmanabadosmanabadpalgharpalgharpalgharpalgharpalgharpunepunepunepunepuneraigadraigadraigadraigadraigadratnagiriratnagiriratnagiriratnagiriratnagirisanglisanglisanglisanglisanglisatarasatarasatarasatarasatarasindhudurgsindhudurgsindhudurgsindhudurgsindhudurgsolapursolapursolapursolapursolapurthanethanethanethanethaneanantnaganantnaganantnaganantnaganantnagbadgambadgambadgambadgambadgambandiporabandiporabandiporabandiporabandiporabaramullabaramullabaramullabaramullabaramulladodadodadodadodadodaganderbalganderbalganderbalganderbalganderbaljammujammujammujammujammukathuakathuakathuakathuakathuakishtwarkishtwarkishtwarkishtwarkishtwarkulgamkulgamkulgamkulgamkulgamkupwarakupwarakupwarakupwarakupwarapoonchpoonchpoonchpoonchpoonchpulwamapulwamapulwamapulwamapulwamarajaurirajaurirajaurirajaurirajaurirambanrambanrambanrambanrambanreasireasireasireasireasisambasambasambasambasambashopianshopianshopianshopianshopiansrinagarsrinagarsrinagarsrinagarsrinagarudhampurudhampurudhampurudhampurudhampurahmadabadahmadabadahmadabadahmadabadahmadabadanandanandanandanandanandaravalliaravalliaravalliaravalliaravallibharuchbharuchbharuchbharuchbharuchchhotaudepurchhotaudepurchhotaudepurchhotaudepurchhotaudepurdangdangdangdangdangdohaddohaddohaddohaddohadgandhinagargandhinagargandhinagargandhinagargandhinagarkhedakhedakhedakhedakhedamahesanamahesanamahesanamahesanamahesanamahisagarmahisagarmahisagarmahisagarmahisagarnarmadanarmadanarmadanarmadanarmadanavsarinavsarinavsarinavsarinavsaripanch mahalspanch mahalspanch mahalspanch mahalspanch mahalssabar kanthasabar kanthasabar kanthasabar kanthasabar kanthasuratsuratsuratsuratsuratsurendranagarsurendranagarsurendranagarsurendranagarsurendranagartapitapitapitapitapivadodaravadodaravadodaravadodaravadodaravalsadvalsadvalsadvalsadvalsadajmerajmerajmerajmerajmeralwaralwaralwaralwaralwarbanswarabanswarabanswarabanswarabanswarabaranbaranbaranbaranbaranbharatpurbharatpurbharatpurbharatpurbharatpurbhilwarabhilwarabhilwarabhilwarabhilwarabundibundibundibundibundichittorgarhchittorgarhchittorgarhchittorgarhchittorgarhdholpurdholpurdholpurdholpurdholpurdungarpurdungarpurdungarpurdungarpurdungarpurganganagarganganagarganganagarganganagarganganagarhanumangarhhanumangarhhanumangarhhanumangarhhanumangarhjhalawarjhalawarjhalawarjhalawarjhalawarkaraulikaraulikaraulikaraulikaraulikotakotakotakotakotarajsamandrajsamandrajsamandrajsamandrajsamandsawai madhopursawai madhopursawai madhopursawai madhopursawai madhopurtonktonktonktonktonkudaipurudaipurudaipurudaipurudaipurarariaarariaarariaarariaarariaarwalarwalarwalarwalarwalaurangabadaurangabadaurangabadaurangabadaurangabadbankabankabankabankabankabegusaraibegusaraibegusaraibegusaraibegusaraibhagalpurbhagalpurbhagalpurbhagalpurbhagalpurbhojpurbhojpurbhojpurbhojpurbhojpurbuxarbuxarbuxarbuxarbuxardarbhangadarbhangadarbhangadarbhangadarbhangagayagayagayagayagayagopalganjgopalganjgopalganjgopalganjgopalganjjamuijamuijamuijamuijamuijehanabadjehanabadjehanabadjehanabadjehanabadkaimurkaimurkaimurkaimurkaimurkatiharkatiharkatiharkatiharkatiharkhagariakhagariakhagariakhagariakhagariakishanganjkishanganjkishanganjkishanganjkishanganjlakhisarailakhisarailakhisarailakhisarailakhisaraimadhepuramadhepuramadhepuramadhepuramadhepuramadhubanimadhubanimadhubanimadhubanimadhubanimungermungermungermungermungermuzaffarpurmuzaffarpurmuzaffarpurmuzaffarpurmuzaffarpurnalandanalandanalandanalandanalandanawadanawadanawadanawadanawadapashchim champaranpashchim champaranpashchim champaranpashchim champaranpashchim champaranpatnapatnapatnapatnapatnapurbi champaranpurbi champaranpurbi champaranpurbi champaranpurbi champaranpurniapurniapurniapurniapurniarohtasrohtasrohtasrohtasrohtassaharsasaharsasaharsasaharsasaharsasamastipursamastipursamastipursamastipursamastipursaransaransaransaransaransheikhpurasheikhpurasheikhpurasheikhpurasheikhpurasheoharsheoharsheoharsheoharsheoharsitamarhisitamarhisitamarhisitamarhisitamarhisiwansiwansiwansiwansiwansupaulsupaulsupaulsupaulsupaulvaishalivaishalivaishalivaishalivaishalidinajpur dakshindinajpur dakshindinajpur dakshindinajpur dakshindinajpur dakshindinajpur uttardinajpur uttardinajpur uttardinajpur uttardinajpur uttarpaschim bardhamanpaschim bardhamanpaschim bardhamanpaschim bardhamanpaschim bardhamanpurba bardhamanpurba bardhamanpurba bardhamanpurba bardhamanpurba bardhamanpuruliapuruliapuruliapuruliapurulianagapattinamnagapattinamnagapattinamnagapattinamnagapattinamvirudunagarvirudunagarvirudunagarvirudunagarvirudunagaranugulanugulanugulanugulanugulbalangirbalangirbalangirbalangirbalangirbaleshwarbaleshwarbaleshwarbaleshwarbaleshwarbargarhbargarhbargarhbargarhbargarhbhadrakbhadrakbhadrakbhadrakbhadrakboudhboudhboudhboudhboudhcuttackcuttackcuttackcuttackcuttackdeogarhdeogarhdeogarhdeogarhdeogarhdhenkanaldhenkanaldhenkanaldhenkanaldhenkanalgajapatigajapatigajapatigajapatigajapatiganjamganjamganjamganjamganjamjagatsinghapurjagatsinghapurjagatsinghapurjagatsinghapurjagatsinghapurjajapurjajapurjajapurjajapurjajapurjharsugudajharsugudajharsugudajharsugudajharsugudakalahandikalahandikalahandikalahandikalahandikandhamalkandhamalkandhamalkandhamalkandhamalkendraparakendraparakendraparakendraparakendraparakendujharkendujharkendujharkendujharkendujharkhordhakhordhakhordhakhordhakhordhakoraputkoraputkoraputkoraputkoraputmalkangirimalkangirimalkangirimalkangirimalkangirimayurbhanjmayurbhanjmayurbhanjmayurbhanjmayurbhanjnabarangpurnabarangpurnabarangpurnabarangpurnabarangpurnayagarhnayagarhnayagarhnayagarhnayagarhnuapadanuapadanuapadanuapadanuapadapuripuripuripuripurirayagadarayagadarayagadarayagadarayagadasambalpursambalpursambalpursambalpursambalpursonepursonepursonepursonepursonepursundargarhsundargarhsundargarhsundargarhsundargarhbaksabaksabaksabaksabaksabarpetabarpetabarpetabarpetabarpetabongaigaonbongaigaonbongaigaonbongaigaonbongaigaoncacharcacharcacharcacharcacharchirangchirangchirangchirangchirangdarrangdarrangdarrangdarrangdarrangdhemajidhemajidhemajidhemajidhemajidhubridhubridhubridhubridhubridibrugarhdibrugarhdibrugarhdibrugarhdibrugarhdima hasaodima hasaodima hasaodima hasaodima hasaogoalparagoalparagoalparagoalparagoalparagolaghatgolaghatgolaghatgolaghatgolaghathailakandihailakandihailakandihailakandihailakandijorhatjorhatjorhatjorhatjorhatkamrupkamrupkamrupkamrupkamrupkarbi anglongkarbi anglongkarbi anglongkarbi anglongkarbi anglongkarimganjkarimganjkarimganjkarimganjkarimganjkokrajharkokrajharkokrajharkokrajharkokrajharlakhimpurlakhimpurlakhimpurlakhimpurlakhimpurmorigaonmorigaonmorigaonmorigaonmorigaonnagaonnagaonnagaonnagaonnagaonnalbarinalbarinalbarinalbarinalbarisivasagarsivasagarsivasagarsivasagarsivasagarsonitpursonitpursonitpursonitpursonitpurtinsukiatinsukiatinsukiatinsukiatinsukiaudalguriudalguriudalguriudalguriudalguribokarobokarobokarobokarobokarochatrachatrachatrachatrachatradeoghardeoghardeoghardeoghardeoghardhanbaddhanbaddhanbaddhanbaddhanbaddumkadumkadumkadumkadumkaeast singhbumeast singhbumeast singhbumeast singhbumeast singhbumgarhwagarhwagarhwagarhwagarhwagiridihgiridihgiridihgiridihgiridihgoddagoddagoddagoddagoddagumlagumlagumlagumlagumlahazaribaghhazaribaghhazaribaghhazaribaghhazaribaghjamtarajamtarajamtarajamtarajamtarakhuntikhuntikhuntikhuntikhuntikodermakodermakodermakodermakodermalateharlateharlateharlateharlateharlohardagalohardagalohardagalohardagalohardagapakurpakurpakurpakurpakurpalamupalamupalamupalamupalamuramgarhramgarhramgarhramgarhramgarhranchiranchiranchiranchiranchisahibganjsahibganjsahibganjsahibganjsahibganjsaraikelakharsawansaraikelakharsawansaraikelakharsawansaraikelakharsawansaraikelakharsawansimdegasimdegasimdegasimdegasimdegawest singhbhumwest singhbhumwest singhbhumwest singhbhumwest singhbhumbilaspurbilaspurbilaspurbilaspurbilaspurchambachambachambachambachambakangrakangrakangrakangrakangrakinnaurkinnaurkinnaurkinnaurkinnaurkullukullukullukullukullumandimandimandimandimandishimlashimlashimlashimlashimlasirmaursirmaursirmaursirmaursirmaursolansolansolansolansolanunaunaunaunaunakaimur (bhabua)kaimur (bhabua)kaimur (bhabua)kaimur (bhabua)kaimur (bhabua)baloda bazarbaloda bazarbaloda bazarbaloda bazarbaloda bazaruttar bastar kankeruttar bastar kankeruttar bastar kankeruttar bastar kankeruttar bastar kankerbemetarabemetarabemetarabemetarabemetarabijapurbijapurbijapurbijapurbijapurdantewadadantewadadantewadadantewadadantewadadhamtaridhamtaridhamtaridhamtaridhamtaridurgdurgdurgdurgdurggariabandgariabandgariabandgariabandgariabandjanjgirchampajanjgirchampajanjgirchampajanjgirchampajanjgirchampajashpurjashpurjashpurjashpurjashpurkabirdhamkabirdhamkabirdhamkabirdhamkabirdhamkondagaonkondagaonkondagaonkondagaonkondagaonkorbakorbakorbakorbakorbakoreakoreakoreakoreakoreamahasamundmahasamundmahasamundmahasamundmahasamundmungelimungelimungelimungelimungelinarayanpurnarayanpurnarayanpurnarayanpurnarayanpurraigarhraigarhraigarhraigarhraigarhraipurraipurraipurraipurraipurrajnandgaonrajnandgaonrajnandgaonrajnandgaonrajnandgaonsukmasukmasukmasukmasukmasurajpursurajpursurajpursurajpursurajpursurgujasurgujasurgujasurgujasurgujalahul and spitilahul and spitilahul and spitilahul and spitilahul and spitiarvalliarvalliarvalliarvalliarvallibanas kanthabanas kanthabanas kanthabanas kanthabanas kanthadevbhumi dwarkadevbhumi dwarkadevbhumi dwarkadevbhumi dwarkadevbhumi dwarkakachchhkachchhkachchhkachchhkachchhpatanpatanpatanpatanpatanrajkotrajkotrajkotrajkotrajkotahmadnagarahmadnagarahmadnagarahmadnagarahmadnagarakolaakolaakolaakolaakolabuldhanabuldhanabuldhanabuldhanabuldhanahingolihingolihingolihingolihingolijalgaonjalgaonjalgaonjalgaonjalgaonjalnajalnajalnajalnajalnaparbhaniparbhaniparbhaniparbhaniparbhaniwashimwashimwashimwashimwashimyavatmalyavatmalyavatmalyavatmalyavatmalagar malwaagar malwaagar malwaagar malwaagar malwaalirajpuralirajpuralirajpuralirajpuralirajpuranuppuranuppuranuppuranuppuranuppurashoknagarashoknagarashoknagarashoknagarashoknagarbalaghatbalaghatbalaghatbalaghatbalaghatbarwanibarwanibarwanibarwanibarwanibetulbetulbetulbetulbetulbhopalbhopalbhopalbhopalbhopalburhanpurburhanpurburhanpurburhanpurburhanpurchhatarpurchhatarpurchhatarpurchhatarpurchhatarpurchhindwarachhindwarachhindwarachhindwarachhindwaradamohdamohdamohdamohdamohdatiadatiadatiadatiadatiadewasdewasdewasdewasdewasdhardhardhardhardhardindoridindoridindoridindoridindorigunagunagunagunagunagwaliorgwaliorgwaliorgwaliorgwaliorhardahardahardahardahardahoshangabadhoshangabadhoshangabadhoshangabadhoshangabadindoreindoreindoreindoreindorejabalpurjabalpurjabalpurjabalpurjabalpurjhabuajhabuajhabuajhabuajhabuakatnikatnikatnikatnikatnikhandwakhandwakhandwakhandwakhandwakhargonekhargonekhargonekhargonekhargonemandlamandlamandlamandlamandlamandsaurmandsaurmandsaurmandsaurmandsaurmorenamorenamorenamorenamorenanarsinghpurnarsinghpurnarsinghpurnarsinghpurnarsinghpurneemuchneemuchneemuchneemuchneemuchpannapannapannapannapannaraisenraisenraisenraisenraisenrajgarhrajgarhrajgarhrajgarhrajgarhratlamratlamratlamratlamratlamrewarewarewarewarewasagarsagarsagarsagarsagarsatnasatnasatnasatnasatnasehoresehoresehoresehoresehoreseoniseoniseoniseoniseonishahdolshahdolshahdolshahdolshahdolshajapurshajapurshajapurshajapurshajapursheopursheopursheopursheopursheopurshivpurishivpurishivpurishivpurishivpurisidhisidhisidhisidhisidhisingraulisingraulisingraulisingraulisingraulitikamgarhtikamgarhtikamgarhtikamgarhtikamgarhujjainujjainujjainujjainujjainumariaumariaumariaumariaumariavidishavidishavidishavidishavidishabarmerbarmerbarmerbarmerbarmerchittaurgarhchittaurgarhchittaurgarhchittaurgarhchittaurgarhchuruchuruchuruchuruchurudausadausadausadausadausajaipurjaipurjaipurjaipurjaipurjalorejalorejalorejalorejalorejodhpurjodhpurjodhpurjodhpurjodhpurnagaurnagaurnagaurnagaurnagaurpalipalipalipalipalisikarsikarsikarsikarsikarsirohisirohisirohisirohisirohiharidwarharidwarharidwarharidwarharidwarudam singh nagarudam singh nagarudam singh nagarudam singh nagarudam singh nagarkanchipuramkanchipuramkanchipuramkanchipuramkanchipuramvillupuramvillupuramvillupuramvillupuramvillupurambhindbhindbhindbhindbhindbagalkotebagalkotebagalkotebagalkotebagalkotebuldanabuldanabuldanabuldanabuldanawardhawardhawardhawardhawardhasahebganjsahebganjsahebganjsahebganjsahebganjsaraikela kharsawansaraikela kharsawansaraikela kharsawansaraikela kharsawansaraikela kharsawangautam buddha nagargautam buddha nagargautam buddha nagargautam buddha nagargautam buddha nagarkherikherikherikherikherikushi nagarkushi nagarkushi nagarkushi nagarkushi nagarsant ravidas nagarsant ravidas nagarsant ravidas nagarsant ravidas nagarsant ravidas nagarmahendragarhmahendragarhmahendragarhmahendragarhmahendragarhjamnagarjamnagarjamnagarjamnagarjamnagarchamrajnagarchamrajnagarchamrajnagarchamrajnagarchamrajnagartumkurtumkurtumkurtumkurtumkurbalodbalodbalodbalodbalodbastarbastarbastarbastarbastargariyabandgariyabandgariyabandgariyabandgariyabandjanjgir-champajanjgir-champajanjgir-champajanjgir-champajanjgir-champakankerkankerkankerkankerkankeramreliamreliamreliamreliamrelibhavnagarbhavnagarbhavnagarbhavnagarbhavnagarbotadbotadbotadbotadbotadgir somnathgir somnathgir somnathgir somnathgir somnathjunagadhjunagadhjunagadhjunagadhjunagadhmorbimorbimorbimorbimorbikamrup metrokamrup metrokamrup metrokamrup metrokamrup metromarigaonmarigaonmarigaonmarigaonmarigaonbikanerbikanerbikanerbikanerbikanerjaisalmerjaisalmerjaisalmerjaisalmerjaisalmerjhunjhununjhunjhununjhunjhununjhunjhununjhunjhununshahjahanpurshahjahanpurshahjahanpurshahjahanpurshahjahanpurnicobarsnicobarsnicobarsnicobarsnicobarsnorth and middle andamannorth and middle andamannorth and middle andamannorth and middle andamannorth and middle andamansouth andamanssouth andamanssouth andamanssouth andamanssouth andamansanjawanjawanjawanjawanjawchanglangchanglangchanglangchanglangchanglangdibang valleydibang valleydibang valleydibang valleydibang valleyeast kamengeast kamengeast kamengeast kamengeast kamengeast siangeast siangeast siangeast siangeast siangkra daadikra daadikra daadikra daadikra daadikurung kumeykurung kumeykurung kumeykurung kumeykurung kumeylohitlohitlohitlohitlohitlongdinglongdinglongdinglongdinglongdinglower dibang valleylower dibang valleylower dibang valleylower dibang valleylower dibang valleylower subansirilower subansirilower subansirilower subansirilower subansirinamsainamsainamsainamsainamsaipapum parepapum parepapum parepapum parepapum paresiangsiangsiangsiangsiangtawangtawangtawangtawangtawangtiraptiraptiraptiraptirapupper siangupper siangupper siangupper siangupper siangupper subansiriupper subansiriupper subansiriupper subansiriupper subansiriwest kamengwest kamengwest kamengwest kamengwest kamengwest siangwest siangwest siangwest siangwest siangchandigarhchandigarhchandigarhchandigarhchandigarhdadra and nagar havelidadra and nagar havelidadra and nagar havelidadra and nagar havelidadra and nagar havelibishnupurbishnupurbishnupurbishnupurbishnupurchandelchandelchandelchandelchandelchurachandpurchurachandpurchurachandpurchurachandpurchurachandpurimphal eastimphal eastimphal eastimphal eastimphal eastimphal westimphal westimphal westimphal westimphal westsenapatisenapatisenapatisenapatisenapatitamenglongtamenglongtamenglongtamenglongtamenglongthoubalthoubalthoubalthoubalthoubalukhrulukhrulukhrulukhrulukhruleast garo hillseast garo hillseast garo hillseast garo hillseast garo hillseast jaintia hillseast jaintia hillseast jaintia hillseast jaintia hillseast jaintia hillseast khasi hillseast khasi hillseast khasi hillseast khasi hillseast khasi hillsnorth garo hillsnorth garo hillsnorth garo hillsnorth garo hillsnorth garo hillsri bhoiri bhoiri bhoiri bhoiri bhoisouth garo hillssouth garo hillssouth garo hillssouth garo hillssouth garo hillssouth west garo hillssouth west garo hillssouth west garo hillssouth west garo hillssouth west garo hillssouth west khasi hillssouth west khasi hillssouth west khasi hillssouth west khasi hillssouth west khasi hillswest garo hillswest garo hillswest garo hillswest garo hillswest garo hillswest jaintia hillswest jaintia hillswest jaintia hillswest jaintia hillswest jaintia hillswest khasi hillswest khasi hillswest khasi hillswest khasi hillswest khasi hillsaizawlaizawlaizawlaizawlaizawlchamphaichamphaichamphaichamphaichamphaikolasibkolasibkolasibkolasibkolasiblawngtlailawngtlailawngtlailawngtlailawngtlailungleilungleilungleilungleilungleimamitmamitmamitmamitmamitsaihasaihasaihasaihasaihaserchhipserchhipserchhipserchhipserchhipdimapurdimapurdimapurdimapurdimapurkiphirekiphirekiphirekiphirekiphirekohimakohimakohimakohimakohimalonglenglonglenglonglenglonglenglonglengmokokchungmokokchungmokokchungmokokchungmokokchungmonmonmonmonmonperenperenperenperenperenphekphekphekphekphektuensangtuensangtuensangtuensangtuensangwokhawokhawokhawokhawokhazunhebotozunhebotozunhebotozunhebotozunhebotokaraikalkaraikalkaraikalkaraikalkaraikalpondicherrypondicherrypondicherrypondicherrypondicherryyanamyanamyanamyanamyanameast districteast districteast districteast districteast districtnorth districtnorth districtnorth districtnorth districtnorth districtsouth districtsouth districtsouth districtsouth districtsouth districtwest districtwest districtwest districtwest districtwest districtadilabadadilabadadilabadadilabadadilabadbhadradribhadradribhadradribhadradribhadradrihanumakondahanumakondahanumakondahanumakondahanumakondajagitialjagitialjagitialjagitialjagitialjangoanjangoanjangoanjangoanjangoanjayashankarjayashankarjayashankarjayashankarjayashankarjogulambajogulambajogulambajogulambajogulambakamareddykamareddykamareddykamareddykamareddykarimnagarkarimnagarkarimnagarkarimnagarkarimnagarkhammamkhammamkhammamkhammamkhammamkomaram bheem asifabadkomaram bheem asifabadkomaram bheem asifabadkomaram bheem asifabadkomaram bheem asifabadmahabubabadmahabubabadmahabubabadmahabubabadmahabubabadmahbubnagarmahbubnagarmahbubnagarmahbubnagarmahbubnagarmancherialmancherialmancherialmancherialmancherialmedakmedakmedakmedakmedakmedchal malkajgirimedchal malkajgirimedchal malkajgirimedchal malkajgirimedchal malkajgirinagarkurnoolnagarkurnoolnagarkurnoolnagarkurnoolnagarkurnoolnalgondanalgondanalgondanalgondanalgondanirmalnirmalnirmalnirmalnirmalnizamabadnizamabadnizamabadnizamabadnizamabadpeddapallipeddapallipeddapallipeddapallipeddapallirajannarajannarajannarajannarajannarangareddirangareddirangareddirangareddirangareddisangareddysangareddysangareddysangareddysangareddysiddipetsiddipetsiddipetsiddipetsiddipetsuryapetsuryapetsuryapetsuryapetsuryapetvikarabadvikarabadvikarabadvikarabadvikarabadwanaparthywanaparthywanaparthywanaparthywanaparthywarangalwarangalwarangalwarangalwarangalyadadriyadadriyadadriyadadriyadadridhalaidhalaidhalaidhalaidhalaigomatigomatigomatigomatigomatikhowaikhowaikhowaikhowaikhowainorth tripuranorth tripuranorth tripuranorth tripuranorth tripurasepahijalasepahijalasepahijalasepahijalasepahijalasouth tripurasouth tripurasouth tripurasouth tripurasouth tripuraunakotiunakotiunakotiunakotiunakotiwest tripurawest tripurawest tripurawest tripurawest tripura,ricemaizebajraragijowarricemaizebajraragijowarricemaizebajraragijowarricemaizebajraragijowarricemaizebajraragijowarricemaizebajraragijowarricemaizebajraragijowarricemaizebajraragijowarricemaizebajraragijowarricemaizebajraragijowarricemaizebajraragijowarricemaizebajraragijowarricemaizebajraragijowarricemaizebajraragijowarricemaizebajraragijowarricemaizebajraragijowarricemaizebajraragijowarricemaizebajraragijowarricemaizebajraragijowarricemaizebajraragijowarricemaizebajraragijowarricemaizebajraragijowarricemaizebajraragijowarricemaizebajraragijowarricemaizebajraragijowarricemaizebajraragijowarricemaizebajraragijowarricemaizebajraragijowarricemaizebajraragijowarricemaizebajraragijowarricemaizebajraragijowarricemaizebajraragijowarricemaizebajraragijowarricemaizebajraragijowarricemaizebajraragijowarricemaizebajraragijowarricemaizebajraragijowarricemaizebajraragijowarricemaizebajraragijowarricemaizebajraragijowarricemaizebajraragijowarricemaizebajraragijowarricemaizebajraragijowarricemaizebajraragijowarricemaizebajraragijowarricemaizebajraragijowarricemaizebajraragijowarricemaizebajraragijowarricemaizebajraragijowarricemaizebajraragijowarricemaizebajraragijowarricemaizebajraragijowarricemaizebajraragijowarricemaizebajraragijowarricemaizebajraragijowarricemaizebajraragijowarricemaizebajraragijowarricemaizebajraragijowarricemaizebajraragijowarricemaizebajraragijowarricemaizebajraragijowarricemaizebajraragijowarricemaizebajraragijowarricemaizebajraragijowarricemaizebajraragijowarricemaizebajraragijowarricemaizebajraragijowarricemaizebajraragijowarricemaizebajraragijowarricemaizebajraragijowarricemaizebajraragijowarricemaizebajraragijowarricemaizebajraragijowarricemaizebajraragijowarricemaizebajraragijowarricemaizebajraragijowarricemaizebajraragijowarricemaizebajraragijowarricemaizebajraragijowarricemaizebajraragijowarricemaizebajraragijowarricemaizebajraragijowarricemaizebajraragijowarricemaizebajraragijowarricemaizebajraragijowarricemaizebajraragijowarricemaizebajraragijowarricemaizebajraragijowarricemaizebajraragijowarricemaizebajraragijowarricemaizebajraragijowarricemaizebajraragijowarricemaizebajraragijowarricemaizebajraragijowarricemaizebajraragijowarricemaizebajraragijowarricemaizebajraragijowarricemaizebajraragijowarricemaizebajraragijowarricemaizebajraragijowarricemaizebajraragijowarricemaizebajraragijowarricemaizebajraragijowarricemaizebajraragijowarricemaizebajraragijowarricemaizebajraragijowarricemaizebajraragijowarricemaizebajraragijowarricemaizebajraragijowarricemaizebajraragijowarricemaizebajraragijowarricemaizebajraragijowarricemaizebajraragijowarricemaizebajraragijowarricemaizebajraragijowarricemaizebajraragijowarricemaizebajraragijowarricemaizebajraragijowarricemaizebajraragijowarricemaizebajraragijowarricemaizebajraragijowarricemaizebajraragijowarricemaizebajraragijowarricemaizebajraragijowarricemaizebajraragijowarricemaizebajraragijowarricemaizebajraragijowarricemaizebajraragijowarricemaizebajraragijowarricemaizebajraragijowarricemaizebajraragijowarricemaizebajraragijowarricemaizebajraragijowarricemaizebajraragijowarricemaizebajraragijowarricemaizebajraragijowarricemaizebajraragijowarricemaizebajraragijowarricemaizebajraragijowarricemaizebajraragijowarricemaizebajraragijowarricemaizebajraragijowarricemaizebajraragijowarricemaizebajraragijowarricemaizebajraragijowarricemaizebajraragijowarricemaizebajraragijowarricemaizebajraragijowarricemaizebajraragijowarricemaizebajraragijowarricemaizebajraragijowarricemaizebajraragijowarricemaizebajraragijowarricemaizebajraragijowarricemaizebajraragijowarricemaizebajraragijowarricemaizebajraragijowarricemaizebajraragijowarricemaizebajraragijowarricemaizebajraragijowarricemaizebajraragijowarricemaizebajraragijowarricemaizebajraragijowarricemaizebajraragijowarricemaizebajraragijowarricemaizebajraragijowarricemaizebajraragijowarricemaizebajraragijowarricemaizebajraragijowarricemaizebajraragijowarricemaizebajraragijowarricemaizebajraragijowarricemaizebajraragijowarricemaizebajraragijowarricemaizebajraragijowarricemaizebajraragijowarricemaizebajraragijowarricemaizebajraragijowarricemaizebajraragijowarricemaizebajraragijowarricemaizebajraragijowarricemaizebajraragijowarricemaizebajraragijowarricemaizebajraragijowarricemaizebajraragijowarricemaizebajraragijowarricemaizebajraragijowarricemaizebajraragijowarricemaizebajraragijowarricemaizebajraragijowarricemaizebajraragijowarricemaizebajraragijowarricemaizebajraragijowarricemaizebajraragijowarricemaizebajraragijowarricemaizebajraragijowarricemaizebajraragijowarricemaizebajraragijowarricemaizebajraragijowarricemaizebajraragijowarricemaizebajraragijowarricemaizebajraragijowarricemaizebajraragijowarricemaizebajraragijowarricemaizebajraragijowarricemaizebajraragijowarricemaizebajraragijowarricemaizebajraragijowarricemaizebajraragijowarricemaizebajraragijowarricemaizebajraragijowarricemaizebajraragijowarricemaizebajraragijowarricemaizebajraragijowarricemaizebajraragijowarricemaizebajraragijowarricemaizebajraragijowarricemaizebajraragijowarricemaizebajraragijowarricemaizebajraragijowarricemaizebajraragijowarricemaizebajraragijowarricemaizebajraragijowarricemaizebajraragijowarricemaizebajraragijowarricemaizebajraragijowarricemaizebajraragijowarricemaizebajraragijowarricemaizebajraragijowarricemaizebajraragijowarricemaizebajraragijowarricemaizebajraragijowarricemaizebajraragijowarricemaizebajraragijowarricemaizebajraragijowarricemaizebajraragijowarricemaizebajraragijowarricemaizebajraragijowarricemaizebajraragijowarricemaizebajraragijowarricemaizebajraragijowarricemaizebajraragijowarricemaizebajraragijowarricemaizebajraragijowarricemaizebajraragijowarricemaizebajraragijowarricemaizebajraragijowarricemaizebajraragijowarricemaizebajraragijowarricemaizebajraragijowarricemaizebajraragijowarricemaizebajraragijowarricemaizebajraragijowarricemaizebajraragijowarricemaizebajraragijowarricemaizebajraragijowarricemaizebajraragijowarricemaizebajraragijowarricemaizebajraragijowarricemaizebajraragijowarricemaizebajraragijowarricemaizebajraragijowarricemaizebajraragijowarricemaizebajraragijowarricemaizebajraragijowarricemaizebajraragijowarricemaizebajraragijowarricemaizebajraragijowarricemaizebajraragijowarricemaizebajraragijowarricemaizebajraragijowarricemaizebajraragijowarricemaizebajraragijowarricemaizebajraragijowarricemaizebajraragijowarricemaizebajraragijowarricemaizebajraragijowarricemaizebajraragijowarricemaizebajraragijowarricemaizebajraragijowarricemaizebajraragijowarricemaizebajraragijowarricemaizebajraragijowarricemaizebajraragijowarricemaizebajraragijowarricemaizebajraragijowarricemaizebajraragijowarricemaizebajraragijowarricemaizebajraragijowarricemaizebajraragijowarricemaizebajraragijowarricemaizebajraragijowarricemaizebajraragijowarricemaizebajraragijowarricemaizebajraragijowarricemaizebajraragijowarricemaizebajraragijowarricemaizebajraragijowarricemaizebajraragijowarricemaizebajraragijowarricemaizebajraragijowarricemaizebajraragijowarricemaizebajraragijowarricemaizebajraragijowarricemaizebajraragijowarricemaizebajraragijowarricemaizebajraragijowarricemaizebajraragijowarricemaizebajraragijowarricemaizebajraragijowarricemaizebajraragijowarricemaizebajraragijowarricemaizebajraragijowarricemaizebajraragijowarricemaizebajraragijowarricemaizebajraragijowarricemaizebajraragijowarricemaizebajraragijowarricemaizebajraragijowarricemaizebajraragijowarricemaizebajraragijowarricemaizebajraragijowarricemaizebajraragijowarricemaizebajraragijowarricemaizebajraragijowarricemaizebajraragijowarricemaizebajraragijowarricemaizebajraragijowarricemaizebajraragijowarricemaizebajraragijowarricemaizebajraragijowarricemaizebajraragijowarricemaizebajraragijowarricemaizebajraragijowarricemaizebajraragijowarricemaizebajraragijowarricemaizebajraragijowarricemaizebajraragijowarricemaizebajraragijowarricemaizebajraragijowarricemaizebajraragijowarricemaizebajraragijowarricemaizebajraragijowarricemaizebajraragijowarricemaizebajraragijowarricemaizebajraragijowarricemaizebajraragijowarricemaizebajraragijowarricemaizebajraragijowarricemaizebajraragijowarricemaizebajraragijowarricemaizebajraragijowarricemaizebajraragijowarricemaizebajraragijowarricemaizebajraragijowarricemaizebajraragijowarricemaizebajraragijowarricemaizebajraragijowarricemaizebajraragijowarricemaizebajraragijowarricemaizebajraragijowarricemaizebajraragijowarricemaizebajraragijowarricemaizebajraragijowarricemaizebajraragijowarricemaizebajraragijowarricemaizebajraragijowarricemaizebajraragijowarricemaizebajraragijowarricemaizebajraragijowarricemaizebajraragijowarricemaizebajraragijowarricemaizebajraragijowarricemaizebajraragijowarricemaizebajraragijowarricemaizebajraragijowarricemaizebajraragijowarricemaizebajraragijowarricemaizebajraragijowarricemaizebajraragijowarricemaizebajraragijowarricemaizebajraragijowarricemaizebajraragijowarricemaizebajraragijowarricemaizebajraragijowarricemaizebajraragijowarricemaizebajraragijowarricemaizebajraragijowarricemaizebajraragijowarricemaizebajraragijowarricemaizebajraragijowarricemaizebajraragijowarricemaizebajraragijowarricemaizebajraragijowarricemaizebajraragijowarricemaizebajraragijowarricemaizebajraragijowarricemaizebajraragijowarricemaizebajraragijowarricemaizebajraragijowarricemaizebajraragijowarricemaizebajraragijowarricemaizebajraragijowarricemaizebajraragijowarricemaizebajraragijowarricemaizebajraragijowarricemaizebajraragijowarricemaizebajraragijowarricemaizebajraragijowarricemaizebajraragijowarricemaizebajraragijowarricemaizebajraragijowarricemaizebajraragijowarricemaizebajraragijowarricemaizebajraragijowarricemaizebajraragijowarricemaizebajraragijowarricemaizebajraragijowarricemaizebajraragijowarricemaizebajraragijowarricemaizebajraragijowarricemaizebajraragijowarricemaizebajraragijowarricemaizebajraragijowarricemaizebajraragijowarricemaizebajraragijowarricemaizebajraragijowarricemaizebajraragijowarricemaizebajraragijowarricemaizebajraragijowarricemaizebajraragijowarricemaizebajraragijowarricemaizebajraragijowarricemaizebajraragijowarricemaizebajraragijowarricemaizebajraragijowarricemaizebajraragijowarricemaizebajraragijowarricemaizebajraragijowarricemaizebajraragijowarricemaizebajraragijowarricemaizebajraragijowarricemaizebajraragijowarricemaizebajraragijowarricemaizebajraragijowarricemaizebajraragijowarricemaizebajraragijowarricemaizebajraragijowarricemaizebajraragijowarricemaizebajraragijowarricemaizebajraragijowarricemaizebajraragijowarricemaizebajraragijowarricemaizebajraragijowarricemaizebajraragijowarricemaizebajraragijowarricemaizebajraragijowarricemaizebajraragijowarricemaizebajraragijowarricemaizebajraragijowarricemaizebajraragijowarricemaizebajraragijowarricemaizebajraragijowarricemaizebajraragijowarricemaizebajraragijowarricemaizebajraragijowarricemaizebajraragijowarricemaizebajraragijowarricemaizebajraragijowarricemaizebajraragijowarricemaizebajraragijowarricemaizebajraragijowarricemaizebajraragijowarricemaizebajraragijowarricemaizebajraragijowarricemaizebajraragijowarricemaizebajraragijowarricemaizebajraragijowarricemaizebajraragijowarricemaizebajraragijowarricemaizebajraragijowarricemaizebajraragijowarricemaizebajraragijowarricemaizebajraragijowarricemaizebajraragijowarricemaizebajraragijowarricemaizebajraragijowarricemaizebajraragijowarricemaizebajraragijowarricemaizebajraragijowarricemaizebajraragijowarricemaizebajraragijowarricemaizebajraragijowarricemaizebajraragijowarricemaizebajraragijowarricemaizebajraragijowarricemaizebajraragijowarricemaizebajraragijowarricemaizebajraragijowarricemaizebajraragijowarricemaizebajraragijowarricemaizebajraragijowarricemaizebajraragijowarricemaizebajraragijowarricemaizebajraragijowarricemaizebajraragijowarricemaizebajraragijowarricemaizebajraragijowarricemaizebajraragijowarricemaizebajraragijowarricemaizebajraragijowarricemaizebajraragijowarricemaizebajraragijowarricemaizebajraragijowarricemaizebajraragijowarricemaizebajraragijowarricemaizebajraragijowarricemaizebajraragijowarricemaizebajraragijowarricemaizebajraragijowarricemaizebajraragijowarricemaizebajraragijowarricemaizebajraragijowarricemaizebajraragijowarricemaizebajraragijowarricemaizebajraragijowarricemaizebajraragijowarricemaizebajraragijowarricemaizebajraragijowarricemaizebajraragijowarricemaizebajraragijowarricemaizebajraragijowarricemaizebajraragijowarricemaizebajraragijowarricemaizebajraragijowarricemaizebajraragijowarricemaizebajraragijowarricemaizebajraragijowarricemaizebajraragijowarricemaizebajraragijowarricemaizebajraragijowarricemaizebajraragijowarricemaizebajraragijowarricemaizebajraragijowarricemaizebajraragijowarricemaizebajraragijowarricemaizebajraragijowarricemaizebajraragijowarricemaizebajraragijowarricemaizebajraragijowarricemaizebajraragijowarricemaizebajraragijowarricemaizebajraragijowarricemaizebajraragijowarricemaizebajraragijowarricemaizebajraragijowarricemaizebajraragijowarricemaizebajraragijowarricemaizebajraragijowarricemaizebajraragijowarricemaizebajraragijowarricemaizebajraragijowarricemaizebajraragijowarricemaizebajraragijowarricemaizebajraragijowarricemaizebajraragijowarricemaizebajraragijowarricemaizebajraragijowarricemaizebajraragijowarricemaizebajraragijowarricemaizebajraragijowarricemaizebajraragijowarricemaizebajraragijowarricemaizebajraragijowarricemaizebajraragijowarricemaizebajraragijowarricemaizebajraragijowarricemaizebajraragijowarricemaizebajraragijowarricemaizebajraragijowarricemaizebajraragijowarricemaizebajraragijowarricemaizebajraragijowarricemaizebajraragijowarricemaizebajraragijowarricemaizebajraragijowarricemaizebajraragijowarricemaizebajraragijowarricemaizebajraragijowarricemaizebajraragijowarricemaizebajraragijowarricemaizebajraragijowarricemaizebajraragijowarricemaizebajraragijowarricemaizebajraragijowarricemaizebajraragijowarricemaizebajraragijowarricemaizebajraragijowarricemaizebajraragijowarricemaizebajraragijowarricemaizebajraragijowarricemaizebajraragijowarricemaizebajraragijowarricemaizebajraragijowarricemaizebajraragijowarricemaizebajraragijowarricemaizebajraragijowarricemaizebajraragijowarricemaizebajraragijowarricemaizebajraragijowarricemaizebajraragijowarricemaizebajraragijowarricemaizebajraragijowarricemaizebajraragijowarricemaizebajraragijowarricemaizebajraragijowarricemaizebajraragijowarricemaizebajraragijowarricemaizebajraragijowarricemaizebajraragijowarricemaizebajraragijowarricemaizebajraragijowarricemaizebajraragijowarricemaizebajraragijowarricemaizebajraragijowarricemaizebajraragijowarricemaizebajraragijowarricemaizebajraragijowarricemaizebajraragijowarricemaizebajraragijowarricemaizebajraragijowarricemaizebajraragijowarricemaizebajraragijowarricemaizebajraragijowarricemaizebajraragijowarricemaizebajraragijowarricemaizebajraragijowarricemaizebajraragijowarricemaizebajraragijowarricemaizebajraragijowarricemaizebajraragijowarricemaizebajraragijowarricemaizebajraragijowarricemaizebajraragijowarricemaizebajraragijowarricemaizebajraragijowarricemaizebajraragijowarricemaizebajraragijowarricemaizebajraragijowarricemaizebajraragijowarricemaizebajraragijowarricemaizebajraragijowarricemaizebajraragijowarricemaizebajraragijowarricemaizebajraragijowarricemaizebajraragijowarricemaizebajraragijowarricemaizebajraragijowarricemaizebajraragijowarricemaizebajraragijowarricemaizebajraragijowarricemaizebajraragijowarricemaizebajraragijowarricemaizebajraragijowarricemaizebajraragijowarricemaizebajraragijowarricemaizebajraragijowarricemaizebajraragijowarricemaizebajraragijowarricemaizebajraragijowarricemaizebajraragijowarricemaizebajraragijowarricemaizebajraragijowarricemaizebajraragijowarricemaizebajraragijowarricemaizebajraragijowarricemaizebajraragijowarricemaizebajraragijowarricemaizebajraragijowarricemaizebajraragijowarricemaizebajraragijowarricemaizebajraragijowarricemaizebajraragijowarricemaizebajraragijowarricemaizebajraragijowarricemaizebajraragijowarricemaizebajraragijowarricemaizebajraragijowarricemaizebajraragijowarricemaizebajraragijowarricemaizebajraragijowarricemaizebajraragijowarricemaizebajraragijowarricemaizebajraragijowarricemaizebajraragijowarricemaizebajraragijowarricemaizebajraragijowarricemaizebajraragijowarricemaizebajraragijowarricemaizebajraragijowarricemaizebajraragijowarricemaizebajraragijowarricemaizebajraragijowarricemaizebajraragijowarricemaizebajraragijowarricemaizebajraragijowarricemaizebajraragijowar,4355.999961,4356.0,18539.982503,15373411.598711673,15371999.998590002,563799.843725499,563904.7773230316,210848.2849553969,210754.0753379785,364966.29135801847,364975.6773412056,167658.63398840424,167582.3753419237,54700389488.603546,54700389994.98024,35522.01155327906,35528.399980204995,22262.943772839124,22263.51631781354,16459.979740246632,16460.40304808837,30177428.83985637,30254751.101185475,-4297303.28189269,-4297303.31682922,4356.0,0.2555706410226377,0.0025716736127455713,-0.04550517100914844,0.01860838952822981,-0.044701207920810636,9.257277576486296e-07,8.129873071498616e-07,0.01798118386838543,0.0025716736127396308,0.0025716736127558986
23,punjab,ariyalurariyalurariyalurariyalurariyalurcoimbatorecoimbatorecoimbatorecoimbatorecoimbatorecuddalorecuddalorecuddalorecuddalorecuddaloredharmapuridharmapuridharmapuridharmapuridharmapuridindiguldindiguldindiguldindiguldindigulerodeerodeerodeerodeerodekancheepuramkancheepuramkancheepuramkancheepuramkancheepuramkanniyakumarikanniyakumarikanniyakumarikanniyakumarikanniyakumarikarurkarurkarurkarurkarurkrishnagirikrishnagirikrishnagirikrishnagirikrishnagirimaduraimaduraimaduraimaduraimadurainagappattinamnagappattinamnagappattinamnagappattinamnagappattinamnamakkalnamakkalnamakkalnamakkalnamakkalperambalurperambalurperambalurperambalurperambalurpudukkottaipudukkottaipudukkottaipudukkottaipudukkottairamanathapuramramanathapuramramanathapuramramanathapuramramanathapuramsalemsalemsalemsalemsalemsivagangasivagangasivagangasivagangasivagangathanjavurthanjavurthanjavurthanjavurthanjavurthe nilgiristhe nilgiristhe nilgiristhe nilgiristhe nilgiristhenithenithenithenithenithiruvallurthiruvallurthiruvallurthiruvallurthiruvallurthiruvarurthiruvarurthiruvarurthiruvarurthiruvarurtiruchirappallitiruchirappallitiruchirappallitiruchirappallitiruchirappallitirunelvelitirunelvelitirunelvelitirunelvelitirunelvelitiruppurtiruppurtiruppurtiruppurtiruppurtiruvannamalaitiruvannamalaitiruvannamalaitiruvannamalaitiruvannamalaituticorintuticorintuticorintuticorintuticorinvellorevellorevellorevellorevelloreviluppuramviluppuramviluppuramviluppuramviluppuramvirudhunagarvirudhunagarvirudhunagarvirudhunagarvirudhunagaramritsaramritsaramritsaramritsaramritsarbarnalabarnalabarnalabarnalabarnalabathindabathindabathindabathindabathindafaridkotfaridkotfaridkotfaridkotfaridkotfatehgarh sahibfatehgarh sahibfatehgarh sahibfatehgarh sahibfatehgarh sahibfazilkafazilkafazilkafazilkafazilkafirozpurfirozpurfirozpurfirozpurfirozpurgurdaspurgurdaspurgurdaspurgurdaspurgurdaspurhoshiarpurhoshiarpurhoshiarpurhoshiarpurhoshiarpurjalandharjalandharjalandharjalandharjalandharkapurthalakapurthalakapurthalakapurthalakapurthalaludhianaludhianaludhianaludhianaludhianamansamansamansamansamansamogamogamogamogamogamuktsarmuktsarmuktsarmuktsarmuktsarpathankotpathankotpathankotpathankotpathankotpatialapatialapatialapatialapatialarupnagarrupnagarrupnagarrupnagarrupnagarsangrursangrursangrursangrursangrurshahid bhagat singh nagarshahid bhagat singh nagarshahid bhagat singh nagarshahid bhagat singh nagarshahid bhagat singh nagarshahid bhagat singh nagarshahid bhagat singh nagartarn tarantarn tarantarn tarantarn tarantarn taranambalaambalaambalaambalaambalabhiwanibhiwanibhiwanibhiwanibhiwanicharki dadricharki dadricharki dadricharki dadricharki dadrifaridabadfaridabadfaridabadfaridabadfaridabadfatehabadfatehabadfatehabadfatehabadfatehabadgurgaongurgaongurgaongurgaongurgaonhisarhisarhisarhisarhisarjhajjarjhajjarjhajjarjhajjarjhajjarjindjindjindjindjindkaithalkaithalkaithalkaithalkaithalkarnalkarnalkarnalkarnalkarnalkurukshetrakurukshetrakurukshetrakurukshetrakurukshetramewatmewatmewatmewatmewatpalwalpalwalpalwalpalwalpalwalpanchkulapanchkulapanchkulapanchkulapanchkulapanipatpanipatpanipatpanipatpanipatrewarirewarirewarirewarirewarirohtakrohtakrohtakrohtakrohtaksirsasirsasirsasirsasirsasonipatsonipatsonipatsonipatsonipatyamunanagaryamunanagaryamunanagaryamunanagaryamunanagaranantapuranantapuranantapuranantapuranantapurchittoorchittoorchittoorchittoorchittooreast godavarieast godavarieast godavarieast godavarieast godavarigunturgunturgunturgunturgunturkadapakadapakadapakadapakadapakrishnakrishnakrishnakrishnakrishnakurnoolkurnoolkurnoolkurnoolkurnoolprakasamprakasamprakasamprakasamprakasamnellorenellorenellorenellorenelloresrikakulamsrikakulamsrikakulamsrikakulamsrikakulamvisakhapatnamvisakhapatnamvisakhapatnamvisakhapatnamvisakhapatnamvizianagaramvizianagaramvizianagaramvizianagaramvizianagaramwest godavariwest godavariwest godavariwest godavariwest godavariballariballariballariballariballaribangalore ruralbangalore ruralbangalore ruralbangalore ruralbangalore ruralbelagavibelagavibelagavibelagavibelagavibengaluru urbanbengaluru urbanbengaluru urbanbengaluru urbanbengaluru urbanbidarbidarbidarbidarbidarchamarajanagarachamarajanagarachamarajanagarachamarajanagarachamarajanagarachikkaballapurachikkaballapurachikkaballapurachikkaballapurachikkaballapurachikmagalurchikmagalurchikmagalurchikmagalurchikmagalurchitradurgachitradurgachitradurgachitradurgachitradurgadakshina kannadadakshina kannadadakshina kannadadakshina kannadadakshina kannadadavangeredavangeredavangeredavangeredavangeredharwaddharwaddharwaddharwaddharwadgadaggadaggadaggadaggadaghassanhassanhassanhassanhassanhaverihaverihaverihaverihaverikalaburagikalaburagikalaburagikalaburagikalaburagikodagukodagukodagukodagukodagukolarkolarkolarkolarkolarkoppalkoppalkoppalkoppalkoppalmandyamandyamandyamandyamandyamysurumysurumysurumysurumysururaichurraichurraichurraichurraichurramanagararamanagararamanagararamanagararamanagarashivamoggashivamoggashivamoggashivamoggashivamoggatumakurutumakurutumakurutumakurutumakuruudupiudupiudupiudupiudupiuttara kannadauttara kannadauttara kannadauttara kannadauttara kannadavijayapuravijayapuravijayapuravijayapuravijayapurayadgiryadgiryadgiryadgiryadgiralmoraalmoraalmoraalmoraalmorabageshwarbageshwarbageshwarbageshwarbageshwarchamolichamolichamolichamolichamolichampawatchampawatchampawatchampawatchampawatdehradundehradundehradundehradundehradunhardwarhardwarhardwarhardwarhardwarnainitalnainitalnainitalnainitalnainitalpauri garhwalpauri garhwalpauri garhwalpauri garhwalpauri garhwalpithoragarhpithoragarhpithoragarhpithoragarhpithoragarhrudra prayagrudra prayagrudra prayagrudra prayagrudra prayagtehri garhwaltehri garhwaltehri garhwaltehri garhwaltehri garhwaludham singh nagarudham singh nagarudham singh nagarudham singh nagarudham singh nagaruttar kashiuttar kashiuttar kashiuttar kashiuttar kashispsr nellorespsr nellorespsr nellorespsr nellorespsr nellorevisakhapatanamvisakhapatanamvisakhapatanamvisakhapatanamvisakhapatanamparaganas northparaganas northparaganas northparaganas northparaganas northparaganas southparaganas southparaganas southparaganas southparaganas southalipurduaralipurduaralipurduaralipurduaralipurduarbankurabankurabankurabankurabankurabirbhumbirbhumbirbhumbirbhumbirbhumcoochbeharcoochbeharcoochbeharcoochbeharcoochbehardarjeelingdarjeelingdarjeelingdarjeelingdarjeelingdakshin dinajpurdakshin dinajpurdakshin dinajpurdakshin dinajpurdakshin dinajpuruttar dinajpuruttar dinajpuruttar dinajpuruttar dinajpuruttar dinajpurhooghlyhooghlyhooghlyhooghlyhooghlyhowrahhowrahhowrahhowrahhowrahjalpaigurijalpaigurijalpaigurijalpaigurijalpaigurijhargramjhargramjhargramjhargramjhargramkalimpongkalimpongkalimpongkalimpongkalimpongmaldahmaldahmaldahmaldahmaldahmedinipur eastmedinipur eastmedinipur eastmedinipur eastmedinipur eastmedinipur westmedinipur westmedinipur westmedinipur westmedinipur westmurshidabadmurshidabadmurshidabadmurshidabadmurshidabadnadianadianadianadianadiabarddhamanbarddhamanbarddhamanbarddhamanbarddhamanpuruliyapuruliyapuruliyapuruliyapuruliyaalappuzhaalappuzhaalappuzhaalappuzhaalappuzhaernakulamernakulamernakulamernakulamernakulamidukkiidukkiidukkiidukkiidukkikannurkannurkannurkannurkannurkasaragodkasaragodkasaragodkasaragodkasaragodkollamkollamkollamkollamkollamkottayamkottayamkottayamkottayamkottayamkozhikodekozhikodekozhikodekozhikodekozhikodemalappurammalappurammalappurammalappurammalappurampalakkadpalakkadpalakkadpalakkadpalakkadpathanamthittapathanamthittapathanamthittapathanamthittapathanamthittathiruvananthapuramthiruvananthapuramthiruvananthapuramthiruvananthapuramthiruvananthapuramthrissurthrissurthrissurthrissurthrissurwayanadwayanadwayanadwayanadwayanadbagalkotbagalkotbagalkotbagalkotbagalkotchikballapurachikballapurachikballapurachikballapurachikballapurachikkamagaluruchikkamagaluruchikkamagaluruchikkamagaluruchikkamagalurudavanageredavanageredavanageredavanageredavanagereyadagiriyadagiriyadagiriyadagiriyadagiriagraagraagraagraagraaligarhaligarhaligarhaligarhaligarhallahabadallahabadallahabadallahabadallahabadambedkar nagarambedkar nagarambedkar nagarambedkar nagarambedkar nagaramethiamethiamethiamethiamethiamrohaamrohaamrohaamrohaamrohaauraiyaauraiyaauraiyaauraiyaauraiyaazamgarhazamgarhazamgarhazamgarhazamgarhbaghpatbaghpatbaghpatbaghpatbaghpatbahraichbahraichbahraichbahraichbahraichballiaballiaballiaballiaballiabalrampurbalrampurbalrampurbalrampurbalrampurbandabandabandabandabandabarabankibarabankibarabankibarabankibarabankibareillybareillybareillybareillybareillybastibastibastibastibastibijnorbijnorbijnorbijnorbijnorbudaunbudaunbudaunbudaunbudaunbulandshahrbulandshahrbulandshahrbulandshahrbulandshahrchandaulichandaulichandaulichandaulichandaulichitrakootchitrakootchitrakootchitrakootchitrakootdeoriadeoriadeoriadeoriadeoriaetahetahetahetahetahetawahetawahetawahetawahetawahfaizabadfaizabadfaizabadfaizabadfaizabadfarrukhabadfarrukhabadfarrukhabadfarrukhabadfarrukhabadfatehpurfatehpurfatehpurfatehpurfatehpurfirozabadfirozabadfirozabadfirozabadfirozabadkanpur nagarkanpur nagarkanpur nagarkanpur nagarkanpur nagarghaziabadghaziabadghaziabadghaziabadghaziabadghazipurghazipurghazipurghazipurghazipurgondagondagondagondagondagorakhpurgorakhpurgorakhpurgorakhpurgorakhpurhamirpurhamirpurhamirpurhamirpurhamirpurhapurhapurhapurhapurhapurhardoihardoihardoihardoihardoihathrashathrashathrashathrashathrasjalaunjalaunjalaunjalaunjalaunjaunpurjaunpurjaunpurjaunpurjaunpurjhansijhansijhansijhansijhansikannaujkannaujkannaujkannaujkannaujkanpur dehatkanpur dehatkanpur dehatkanpur dehatkanpur dehatkasganjkasganjkasganjkasganjkasganjkaushambikaushambikaushambikaushambikaushambilakhimpur kherilakhimpur kherilakhimpur kherilakhimpur kherilakhimpur kherikushinagarkushinagarkushinagarkushinagarkushinagarlalitpurlalitpurlalitpurlalitpurlalitpurlucknowlucknowlucknowlucknowlucknowmaharajganjmaharajganjmaharajganjmaharajganjmaharajganjmahobamahobamahobamahobamahobamainpurimainpurimainpurimainpurimainpurimathuramathuramathuramathuramathuramaumaumaumaumaumeerutmeerutmeerutmeerutmeerutmirzapurmirzapurmirzapurmirzapurmirzapurmoradabadmoradabadmoradabadmoradabadmoradabadmuzaffarnagarmuzaffarnagarmuzaffarnagarmuzaffarnagarmuzaffarnagarpilibhitpilibhitpilibhitpilibhitpilibhitpratapgarhpratapgarhpratapgarhpratapgarhpratapgarhrae barelirae barelirae barelirae barelirae barelirampurrampurrampurrampurrampursaharanpursaharanpursaharanpursaharanpursaharanpursambhalsambhalsambhalsambhalsambhalsant kabeer nagarsant kabeer nagarsant kabeer nagarsant kabeer nagarsant kabeer nagarsant ravi das nagarsant ravi das nagarsant ravi das nagarsant ravi das nagarsant ravi das nagarshahajahanpurshahajahanpurshahajahanpurshahajahanpurshahajahanpurshamlishamlishamlishamlishamlishravastishravastishravastishravastishravastisiddharth nagarsiddharth nagarsiddharth nagarsiddharth nagarsiddharth nagarsitapursitapursitapursitapursitapursonbhadrasonbhadrasonbhadrasonbhadrasonbhadrasultanpursultanpursultanpursultanpursultanpurunnaounnaounnaounnaounnaovaranasivaranasivaranasivaranasivaranasiahmednagarahmednagarahmednagarahmednagarahmednagaramravatiamravatiamravatiamravatiamravatibeedbeedbeedbeedbeedbhandarabhandarabhandarabhandarabhandarachandrapurchandrapurchandrapurchandrapurchandrapurdhuledhuledhuledhuledhulegadchiroligadchiroligadchiroligadchiroligadchiroligondiagondiagondiagondiagondiakolhapurkolhapurkolhapurkolhapurkolhapurlaturlaturlaturlaturlaturnagpurnagpurnagpurnagpurnagpurnandednandednandednandednandednandurbarnandurbarnandurbarnandurbarnandurbarnashiknashiknashiknashiknashikosmanabadosmanabadosmanabadosmanabadosmanabadpalgharpalgharpalgharpalgharpalgharpunepunepunepunepuneraigadraigadraigadraigadraigadratnagiriratnagiriratnagiriratnagiriratnagirisanglisanglisanglisanglisanglisatarasatarasatarasatarasatarasindhudurgsindhudurgsindhudurgsindhudurgsindhudurgsolapursolapursolapursolapursolapurthanethanethanethanethaneanantnaganantnaganantnaganantnaganantnagbadgambadgambadgambadgambadgambandiporabandiporabandiporabandiporabandiporabaramullabaramullabaramullabaramullabaramulladodadodadodadodadodaganderbalganderbalganderbalganderbalganderbaljammujammujammujammujammukathuakathuakathuakathuakathuakishtwarkishtwarkishtwarkishtwarkishtwarkulgamkulgamkulgamkulgamkulgamkupwarakupwarakupwarakupwarakupwarapoonchpoonchpoonchpoonchpoonchpulwamapulwamapulwamapulwamapulwamarajaurirajaurirajaurirajaurirajaurirambanrambanrambanrambanrambanreasireasireasireasireasisambasambasambasambasambashopianshopianshopianshopianshopiansrinagarsrinagarsrinagarsrinagarsrinagarudhampurudhampurudhampurudhampurudhampurahmadabadahmadabadahmadabadahmadabadahmadabadanandanandanandanandanandaravalliaravalliaravalliaravalliaravallibharuchbharuchbharuchbharuchbharuchchhotaudepurchhotaudepurchhotaudepurchhotaudepurchhotaudepurdangdangdangdangdangdohaddohaddohaddohaddohadgandhinagargandhinagargandhinagargandhinagargandhinagarkhedakhedakhedakhedakhedamahesanamahesanamahesanamahesanamahesanamahisagarmahisagarmahisagarmahisagarmahisagarnarmadanarmadanarmadanarmadanarmadanavsarinavsarinavsarinavsarinavsaripanch mahalspanch mahalspanch mahalspanch mahalspanch mahalssabar kanthasabar kanthasabar kanthasabar kanthasabar kanthasuratsuratsuratsuratsuratsurendranagarsurendranagarsurendranagarsurendranagarsurendranagartapitapitapitapitapivadodaravadodaravadodaravadodaravadodaravalsadvalsadvalsadvalsadvalsadajmerajmerajmerajmerajmeralwaralwaralwaralwaralwarbanswarabanswarabanswarabanswarabanswarabaranbaranbaranbaranbaranbharatpurbharatpurbharatpurbharatpurbharatpurbhilwarabhilwarabhilwarabhilwarabhilwarabundibundibundibundibundichittorgarhchittorgarhchittorgarhchittorgarhchittorgarhdholpurdholpurdholpurdholpurdholpurdungarpurdungarpurdungarpurdungarpurdungarpurganganagarganganagarganganagarganganagarganganagarhanumangarhhanumangarhhanumangarhhanumangarhhanumangarhjhalawarjhalawarjhalawarjhalawarjhalawarkaraulikaraulikaraulikaraulikaraulikotakotakotakotakotarajsamandrajsamandrajsamandrajsamandrajsamandsawai madhopursawai madhopursawai madhopursawai madhopursawai madhopurtonktonktonktonktonkudaipurudaipurudaipurudaipurudaipurarariaarariaarariaarariaarariaarwalarwalarwalarwalarwalaurangabadaurangabadaurangabadaurangabadaurangabadbankabankabankabankabankabegusaraibegusaraibegusaraibegusaraibegusaraibhagalpurbhagalpurbhagalpurbhagalpurbhagalpurbhojpurbhojpurbhojpurbhojpurbhojpurbuxarbuxarbuxarbuxarbuxardarbhangadarbhangadarbhangadarbhangadarbhangagayagayagayagayagayagopalganjgopalganjgopalganjgopalganjgopalganjjamuijamuijamuijamuijamuijehanabadjehanabadjehanabadjehanabadjehanabadkaimurkaimurkaimurkaimurkaimurkatiharkatiharkatiharkatiharkatiharkhagariakhagariakhagariakhagariakhagariakishanganjkishanganjkishanganjkishanganjkishanganjlakhisarailakhisarailakhisarailakhisarailakhisaraimadhepuramadhepuramadhepuramadhepuramadhepuramadhubanimadhubanimadhubanimadhubanimadhubanimungermungermungermungermungermuzaffarpurmuzaffarpurmuzaffarpurmuzaffarpurmuzaffarpurnalandanalandanalandanalandanalandanawadanawadanawadanawadanawadapashchim champaranpashchim champaranpashchim champaranpashchim champaranpashchim champaranpatnapatnapatnapatnapatnapurbi champaranpurbi champaranpurbi champaranpurbi champaranpurbi champaranpurniapurniapurniapurniapurniarohtasrohtasrohtasrohtasrohtassaharsasaharsasaharsasaharsasaharsasamastipursamastipursamastipursamastipursamastipursaransaransaransaransaransheikhpurasheikhpurasheikhpurasheikhpurasheikhpurasheoharsheoharsheoharsheoharsheoharsitamarhisitamarhisitamarhisitamarhisitamarhisiwansiwansiwansiwansiwansupaulsupaulsupaulsupaulsupaulvaishalivaishalivaishalivaishalivaishalidinajpur dakshindinajpur dakshindinajpur dakshindinajpur dakshindinajpur dakshindinajpur uttardinajpur uttardinajpur uttardinajpur uttardinajpur uttarpaschim bardhamanpaschim bardhamanpaschim bardhamanpaschim bardhamanpaschim bardhamanpurba bardhamanpurba bardhamanpurba bardhamanpurba bardhamanpurba bardhamanpuruliapuruliapuruliapuruliapurulianagapattinamnagapattinamnagapattinamnagapattinamnagapattinamvirudunagarvirudunagarvirudunagarvirudunagarvirudunagaranugulanugulanugulanugulanugulbalangirbalangirbalangirbalangirbalangirbaleshwarbaleshwarbaleshwarbaleshwarbaleshwarbargarhbargarhbargarhbargarhbargarhbhadrakbhadrakbhadrakbhadrakbhadrakboudhboudhboudhboudhboudhcuttackcuttackcuttackcuttackcuttackdeogarhdeogarhdeogarhdeogarhdeogarhdhenkanaldhenkanaldhenkanaldhenkanaldhenkanalgajapatigajapatigajapatigajapatigajapatiganjamganjamganjamganjamganjamjagatsinghapurjagatsinghapurjagatsinghapurjagatsinghapurjagatsinghapurjajapurjajapurjajapurjajapurjajapurjharsugudajharsugudajharsugudajharsugudajharsugudakalahandikalahandikalahandikalahandikalahandikandhamalkandhamalkandhamalkandhamalkandhamalkendraparakendraparakendraparakendraparakendraparakendujharkendujharkendujharkendujharkendujharkhordhakhordhakhordhakhordhakhordhakoraputkoraputkoraputkoraputkoraputmalkangirimalkangirimalkangirimalkangirimalkangirimayurbhanjmayurbhanjmayurbhanjmayurbhanjmayurbhanjnabarangpurnabarangpurnabarangpurnabarangpurnabarangpurnayagarhnayagarhnayagarhnayagarhnayagarhnuapadanuapadanuapadanuapadanuapadapuripuripuripuripurirayagadarayagadarayagadarayagadarayagadasambalpursambalpursambalpursambalpursambalpursonepursonepursonepursonepursonepursundargarhsundargarhsundargarhsundargarhsundargarhbaksabaksabaksabaksabaksabarpetabarpetabarpetabarpetabarpetabongaigaonbongaigaonbongaigaonbongaigaonbongaigaoncacharcacharcacharcacharcacharchirangchirangchirangchirangchirangdarrangdarrangdarrangdarrangdarrangdhemajidhemajidhemajidhemajidhemajidhubridhubridhubridhubridhubridibrugarhdibrugarhdibrugarhdibrugarhdibrugarhdima hasaodima hasaodima hasaodima hasaodima hasaogoalparagoalparagoalparagoalparagoalparagolaghatgolaghatgolaghatgolaghatgolaghathailakandihailakandihailakandihailakandihailakandijorhatjorhatjorhatjorhatjorhatkamrupkamrupkamrupkamrupkamrupkarbi anglongkarbi anglongkarbi anglongkarbi anglongkarbi anglongkarimganjkarimganjkarimganjkarimganjkarimganjkokrajharkokrajharkokrajharkokrajharkokrajharlakhimpurlakhimpurlakhimpurlakhimpurlakhimpurmorigaonmorigaonmorigaonmorigaonmorigaonnagaonnagaonnagaonnagaonnagaonnalbarinalbarinalbarinalbarinalbarisivasagarsivasagarsivasagarsivasagarsivasagarsonitpursonitpursonitpursonitpursonitpurtinsukiatinsukiatinsukiatinsukiatinsukiaudalguriudalguriudalguriudalguriudalguribokarobokarobokarobokarobokarochatrachatrachatrachatrachatradeoghardeoghardeoghardeoghardeoghardhanbaddhanbaddhanbaddhanbaddhanbaddumkadumkadumkadumkadumkaeast singhbumeast singhbumeast singhbumeast singhbumeast singhbumgarhwagarhwagarhwagarhwagarhwagiridihgiridihgiridihgiridihgiridihgoddagoddagoddagoddagoddagumlagumlagumlagumlagumlahazaribaghhazaribaghhazaribaghhazaribaghhazaribaghjamtarajamtarajamtarajamtarajamtarakhuntikhuntikhuntikhuntikhuntikodermakodermakodermakodermakodermalateharlateharlateharlateharlateharlohardagalohardagalohardagalohardagalohardagapakurpakurpakurpakurpakurpalamupalamupalamupalamupalamuramgarhramgarhramgarhramgarhramgarhranchiranchiranchiranchiranchisahibganjsahibganjsahibganjsahibganjsahibganjsaraikelakharsawansaraikelakharsawansaraikelakharsawansaraikelakharsawansaraikelakharsawansimdegasimdegasimdegasimdegasimdegawest singhbhumwest singhbhumwest singhbhumwest singhbhumwest singhbhumbilaspurbilaspurbilaspurbilaspurbilaspurchambachambachambachambachambakangrakangrakangrakangrakangrakinnaurkinnaurkinnaurkinnaurkinnaurkullukullukullukullukullumandimandimandimandimandishimlashimlashimlashimlashimlasirmaursirmaursirmaursirmaursirmaursolansolansolansolansolanunaunaunaunaunakaimur (bhabua)kaimur (bhabua)kaimur (bhabua)kaimur (bhabua)kaimur (bhabua)baloda bazarbaloda bazarbaloda bazarbaloda bazarbaloda bazaruttar bastar kankeruttar bastar kankeruttar bastar kankeruttar bastar kankeruttar bastar kankerbemetarabemetarabemetarabemetarabemetarabijapurbijapurbijapurbijapurbijapurdantewadadantewadadantewadadantewadadantewadadhamtaridhamtaridhamtaridhamtaridhamtaridurgdurgdurgdurgdurggariabandgariabandgariabandgariabandgariabandjanjgirchampajanjgirchampajanjgirchampajanjgirchampajanjgirchampajashpurjashpurjashpurjashpurjashpurkabirdhamkabirdhamkabirdhamkabirdhamkabirdhamkondagaonkondagaonkondagaonkondagaonkondagaonkorbakorbakorbakorbakorbakoreakoreakoreakoreakoreamahasamundmahasamundmahasamundmahasamundmahasamundmungelimungelimungelimungelimungelinarayanpurnarayanpurnarayanpurnarayanpurnarayanpurraigarhraigarhraigarhraigarhraigarhraipurraipurraipurraipurraipurrajnandgaonrajnandgaonrajnandgaonrajnandgaonrajnandgaonsukmasukmasukmasukmasukmasurajpursurajpursurajpursurajpursurajpursurgujasurgujasurgujasurgujasurgujalahul and spitilahul and spitilahul and spitilahul and spitilahul and spitiarvalliarvalliarvalliarvalliarvallibanas kanthabanas kanthabanas kanthabanas kanthabanas kanthadevbhumi dwarkadevbhumi dwarkadevbhumi dwarkadevbhumi dwarkadevbhumi dwarkakachchhkachchhkachchhkachchhkachchhpatanpatanpatanpatanpatanrajkotrajkotrajkotrajkotrajkotahmadnagarahmadnagarahmadnagarahmadnagarahmadnagarakolaakolaakolaakolaakolabuldhanabuldhanabuldhanabuldhanabuldhanahingolihingolihingolihingolihingolijalgaonjalgaonjalgaonjalgaonjalgaonjalnajalnajalnajalnajalnaparbhaniparbhaniparbhaniparbhaniparbhaniwashimwashimwashimwashimwashimyavatmalyavatmalyavatmalyavatmalyavatmalagar malwaagar malwaagar malwaagar malwaagar malwaalirajpuralirajpuralirajpuralirajpuralirajpuranuppuranuppuranuppuranuppuranuppurashoknagarashoknagarashoknagarashoknagarashoknagarbalaghatbalaghatbalaghatbalaghatbalaghatbarwanibarwanibarwanibarwanibarwanibetulbetulbetulbetulbetulbhopalbhopalbhopalbhopalbhopalburhanpurburhanpurburhanpurburhanpurburhanpurchhatarpurchhatarpurchhatarpurchhatarpurchhatarpurchhindwarachhindwarachhindwarachhindwarachhindwaradamohdamohdamohdamohdamohdatiadatiadatiadatiadatiadewasdewasdewasdewasdewasdhardhardhardhardhardindoridindoridindoridindoridindorigunagunagunagunagunagwaliorgwaliorgwaliorgwaliorgwaliorhardahardahardahardahardahoshangabadhoshangabadhoshangabadhoshangabadhoshangabadindoreindoreindoreindoreindorejabalpurjabalpurjabalpurjabalpurjabalpurjhabuajhabuajhabuajhabuajhabuakatnikatnikatnikatnikatnikhandwakhandwakhandwakhandwakhandwakhargonekhargonekhargonekhargonekhargonemandlamandlamandlamandlamandlamandsaurmandsaurmandsaurmandsaurmandsaurmorenamorenamorenamorenamorenanarsinghpurnarsinghpurnarsinghpurnarsinghpurnarsinghpurneemuchneemuchneemuchneemuchneemuchpannapannapannapannapannaraisenraisenraisenraisenraisenrajgarhrajgarhrajgarhrajgarhrajgarhratlamratlamratlamratlamratlamrewarewarewarewarewasagarsagarsagarsagarsagarsatnasatnasatnasatnasatnasehoresehoresehoresehoresehoreseoniseoniseoniseoniseonishahdolshahdolshahdolshahdolshahdolshajapurshajapurshajapurshajapurshajapursheopursheopursheopursheopursheopurshivpurishivpurishivpurishivpurishivpurisidhisidhisidhisidhisidhisingraulisingraulisingraulisingraulisingraulitikamgarhtikamgarhtikamgarhtikamgarhtikamgarhujjainujjainujjainujjainujjainumariaumariaumariaumariaumariavidishavidishavidishavidishavidishabarmerbarmerbarmerbarmerbarmerchittaurgarhchittaurgarhchittaurgarhchittaurgarhchittaurgarhchuruchuruchuruchuruchurudausadausadausadausadausajaipurjaipurjaipurjaipurjaipurjalorejalorejalorejalorejalorejodhpurjodhpurjodhpurjodhpurjodhpurnagaurnagaurnagaurnagaurnagaurpalipalipalipalipalisikarsikarsikarsikarsikarsirohisirohisirohisirohisirohiharidwarharidwarharidwarharidwarharidwarudam singh nagarudam singh nagarudam singh nagarudam singh nagarudam singh nagarkanchipuramkanchipuramkanchipuramkanchipuramkanchipuramvillupuramvillupuramvillupuramvillupuramvillupurambhindbhindbhindbhindbhindbagalkotebagalkotebagalkotebagalkotebagalkotebuldanabuldanabuldanabuldanabuldanawardhawardhawardhawardhawardhasahebganjsahebganjsahebganjsahebganjsahebganjsaraikela kharsawansaraikela kharsawansaraikela kharsawansaraikela kharsawansaraikela kharsawangautam buddha nagargautam buddha nagargautam buddha nagargautam buddha nagargautam buddha nagarkherikherikherikherikherikushi nagarkushi nagarkushi nagarkushi nagarkushi nagarsant ravidas nagarsant ravidas nagarsant ravidas nagarsant ravidas nagarsant ravidas nagarmahendragarhmahendragarhmahendragarhmahendragarhmahendragarhjamnagarjamnagarjamnagarjamnagarjamnagarchamrajnagarchamrajnagarchamrajnagarchamrajnagarchamrajnagartumkurtumkurtumkurtumkurtumkurbalodbalodbalodbalodbalodbastarbastarbastarbastarbastargariyabandgariyabandgariyabandgariyabandgariyabandjanjgir-champajanjgir-champajanjgir-champajanjgir-champajanjgir-champakankerkankerkankerkankerkankeramreliamreliamreliamreliamrelibhavnagarbhavnagarbhavnagarbhavnagarbhavnagarbotadbotadbotadbotadbotadgir somnathgir somnathgir somnathgir somnathgir somnathjunagadhjunagadhjunagadhjunagadhjunagadhmorbimorbimorbimorbimorbikamrup metrokamrup metrokamrup metrokamrup metrokamrup metromarigaonmarigaonmarigaonmarigaonmarigaonbikanerbikanerbikanerbikanerbikanerjaisalmerjaisalmerjaisalmerjaisalmerjaisalmerjhunjhununjhunjhununjhunjhununjhunjhununjhunjhununshahjahanpurshahjahanpurshahjahanpurshahjahanpurshahjahanpurnicobarsnicobarsnicobarsnicobarsnicobarsnorth and middle andamannorth and middle andamannorth and middle andamannorth and middle andamannorth and middle andamansouth andamanssouth andamanssouth andamanssouth andamanssouth andamansanjawanjawanjawanjawanjawchanglangchanglangchanglangchanglangchanglangdibang valleydibang valleydibang valleydibang valleydibang valleyeast kamengeast kamengeast kamengeast kamengeast kamengeast siangeast siangeast siangeast siangeast siangkra daadikra daadikra daadikra daadikra daadikurung kumeykurung kumeykurung kumeykurung kumeykurung kumeylohitlohitlohitlohitlohitlongdinglongdinglongdinglongdinglongdinglower dibang valleylower dibang valleylower dibang valleylower dibang valleylower dibang valleylower subansirilower subansirilower subansirilower subansirilower subansirinamsainamsainamsainamsainamsaipapum parepapum parepapum parepapum parepapum paresiangsiangsiangsiangsiangtawangtawangtawangtawangtawangtiraptiraptiraptiraptirapupper siangupper siangupper siangupper siangupper siangupper subansiriupper subansiriupper subansiriupper subansiriupper subansiriwest kamengwest kamengwest kamengwest kamengwest kamengwest siangwest siangwest siangwest siangwest siangchandigarhchandigarhchandigarhchandigarhchandigarhdadra and nagar havelidadra and nagar havelidadra and nagar havelidadra and nagar havelidadra and nagar havelibishnupurbishnupurbishnupurbishnupurbishnupurchandelchandelchandelchandelchandelchurachandpurchurachandpurchurachandpurchurachandpurchurachandpurimphal eastimphal eastimphal eastimphal eastimphal eastimphal westimphal westimphal westimphal westimphal westsenapatisenapatisenapatisenapatisenapatitamenglongtamenglongtamenglongtamenglongtamenglongthoubalthoubalthoubalthoubalthoubalukhrulukhrulukhrulukhrulukhruleast garo hillseast garo hillseast garo hillseast garo hillseast garo hillseast jaintia hillseast jaintia hillseast jaintia hillseast jaintia hillseast jaintia hillseast khasi hillseast khasi hillseast khasi hillseast khasi hillseast khasi hillsnorth garo hillsnorth garo hillsnorth garo hillsnorth garo hillsnorth garo hillsri bhoiri bhoiri bhoiri bhoiri bhoisouth garo hillssouth garo hillssouth garo hillssouth garo hillssouth garo hillssouth west garo hillssouth west garo hillssouth west garo hillssouth west garo hillssouth west garo hillssouth west khasi hillssouth west khasi hillssouth west khasi hillssouth west khasi hillssouth west khasi hillswest garo hillswest garo hillswest garo hillswest garo hillswest garo hillswest jaintia hillswest jaintia hillswest jaintia hillswest jaintia hillswest jaintia hillswest khasi hillswest khasi hillswest khasi hillswest khasi hillswest khasi hillsaizawlaizawlaizawlaizawlaizawlchamphaichamphaichamphaichamphaichamphaikolasibkolasibkolasibkolasibkolasiblawngtlailawngtlailawngtlailawngtlailawngtlailungleilungleilungleilungleilungleimamitmamitmamitmamitmamitsaihasaihasaihasaihasaihaserchhipserchhipserchhipserchhipserchhipdimapurdimapurdimapurdimapurdimapurkiphirekiphirekiphirekiphirekiphirekohimakohimakohimakohimakohimalonglenglonglenglonglenglonglenglonglengmokokchungmokokchungmokokchungmokokchungmokokchungmonmonmonmonmonperenperenperenperenperenphekphekphekphekphektuensangtuensangtuensangtuensangtuensangwokhawokhawokhawokhawokhazunhebotozunhebotozunhebotozunhebotozunhebotokaraikalkaraikalkaraikalkaraikalkaraikalpondicherrypondicherrypondicherrypondicherrypondicherryyanamyanamyanamyanamyanameast districteast districteast districteast districteast districtnorth districtnorth districtnorth districtnorth districtnorth districtsouth districtsouth districtsouth districtsouth districtsouth districtwest districtwest districtwest districtwest districtwest districtadilabadadilabadadilabadadilabadadilabadbhadradribhadradribhadradribhadradribhadradrihanumakondahanumakondahanumakondahanumakondahanumakondajagitialjagitialjagitialjagitialjagitialjangoanjangoanjangoanjangoanjangoanjayashankarjayashankarjayashankarjayashankarjayashankarjogulambajogulambajogulambajogulambajogulambakamareddykamareddykamareddykamareddykamareddykarimnagarkarimnagarkarimnagarkarimnagarkarimnagarkhammamkhammamkhammamkhammamkhammamkomaram bheem asifabadkomaram bheem asifabadkomaram bheem asifabadkomaram bheem asifabadkomaram bheem asifabadmahabubabadmahabubabadmahabubabadmahabubabadmahabubabadmahbubnagarmahbubnagarmahbubnagarmahbubnagarmahbubnagarmancherialmancherialmancherialmancherialmancherialmedakmedakmedakmedakmedakmedchal malkajgirimedchal malkajgirimedchal malkajgirimedchal malkajgirimedchal malkajgirinagarkurnoolnagarkurnoolnagarkurnoolnagarkurnoolnagarkurnoolnalgondanalgondanalgondanalgondanalgondanirmalnirmalnirmalnirmalnirmalnizamabadnizamabadnizamabadnizamabadnizamabadpeddapallipeddapallipeddapallipeddapallipeddapallirajannarajannarajannarajannarajannarangareddirangareddirangareddirangareddirangareddisangareddysangareddysangareddysangareddysangareddysiddipetsiddipetsiddipetsiddipetsiddipetsuryapetsuryapetsuryapetsuryapetsuryapetvikarabadvikarabadvikarabadvikarabadvikarabadwanaparthywanaparthywanaparthywanaparthywanaparthywarangalwarangalwarangalwarangalwarangalyadadriyadadriyadadriyadadriyadadridhalaidhalaidhalaidhalaidhalaigomatigomatigomatigomatigomatikhowaikhowaikhowaikhowaikhowainorth tripuranorth tripuranorth tripuranorth tripuranorth tripurasepahijalasepahijalasepahijalasepahijalasepahijalasouth tripurasouth tripurasouth tripurasouth tripurasouth tripuraunakotiunakotiunakotiunakotiunakotiwest tripurawest tripurawest tripurawest tripurawest tripura,ricemaizebajraragijowarricemaizebajraragijowarricemaizebajraragijowarricemaizebajraragijowarricemaizebajraragijowarricemaizebajraragijowarricemaizebajraragijowarricemaizebajraragijowarricemaizebajraragijowarricemaizebajraragijowarricemaizebajraragijowarricemaizebajraragijowarricemaizebajraragijowarricemaizebajraragijowarricemaizebajraragijowarricemaizebajraragijowarricemaizebajraragijowarricemaizebajraragijowarricemaizebajraragijowarricemaizebajraragijowarricemaizebajraragijowarricemaizebajraragijowarricemaizebajraragijowarricemaizebajraragijowarricemaizebajraragijowarricemaizebajraragijowarricemaizebajraragijowarricemaizebajraragijowarricemaizebajraragijowarricemaizebajraragijowarricemaizebajraragijowarricemaizebajraragijowarricemaizebajraragijowarricemaizebajraragijowarricemaizebajraragijowarricemaizebajraragijowarricemaizebajraragijowarricemaizebajraragijowarricemaizebajraragijowarricemaizebajraragijowarricemaizebajraragijowarricemaizebajraragijowarricemaizebajraragijowarricemaizebajraragijowarricemaizebajraragijowarricemaizebajraragijowarricemaizebajraragijowarricemaizebajraragijowarricemaizebajraragijowarricemaizebajraragijowarricericemaizemaizebajraragijowarricemaizebajraragijowarricemaizebajraragijowarricemaizebajraragijowarricemaizebajraragijowarricemaizebajraragijowarricemaizebajraragijowarricemaizebajraragijowarricemaizebajraragijowarricemaizebajraragijowarricemaizebajraragijowarricemaizebajraragijowarricemaizebajraragijowarricemaizebajraragijowarricemaizebajraragijowarricemaizebajraragijowarricemaizebajraragijowarricemaizebajraragijowarricemaizebajraragijowarricemaizebajraragijowarricemaizebajraragijowarricemaizebajraragijowarricemaizebajraragijowarricemaizebajraragijowarricemaizebajraragijowarricemaizebajraragijowarricemaizebajraragijowarricemaizebajraragijowarricemaizebajraragijowarricemaizebajraragijowarricemaizebajraragijowarricemaizebajraragijowarricemaizebajraragijowarricemaizebajraragijowarricemaizebajraragijowarricemaizebajraragijowarricemaizebajraragijowarricemaizebajraragijowarricemaizebajraragijowarricemaizebajraragijowarricemaizebajraragijowarricemaizebajraragijowarricemaizebajraragijowarricemaizebajraragijowarricemaizebajraragijowarricemaizebajraragijowarricemaizebajraragijowarricemaizebajraragijowarricemaizebajraragijowarricemaizebajraragijowarricemaizebajraragijowarricemaizebajraragijowarricemaizebajraragijowarricemaizebajraragijowarricemaizebajraragijowarricemaizebajraragijowarricemaizebajraragijowarricemaizebajraragijowarricemaizebajraragijowarricemaizebajraragijowarricemaizebajraragijowarricemaizebajraragijowarricemaizebajraragijowarricemaizebajraragijowarricemaizebajraragijowarricemaizebajraragijowarricemaizebajraragijowarricemaizebajraragijowarricemaizebajraragijowarricemaizebajraragijowarricemaizebajraragijowarricemaizebajraragijowarricemaizebajraragijowarricemaizebajraragijowarricemaizebajraragijowarricemaizebajraragijowarricemaizebajraragijowarricemaizebajraragijowarricemaizebajraragijowarricemaizebajraragijowarricemaizebajraragijowarricemaizebajraragijowarricemaizebajraragijowarricemaizebajraragijowarricemaizebajraragijowarricemaizebajraragijowarricemaizebajraragijowarricemaizebajraragijowarricemaizebajraragijowarricemaizebajraragijowarricemaizebajraragijowarricemaizebajraragijowarricemaizebajraragijowarricemaizebajraragijowarricemaizebajraragijowarricemaizebajraragijowarricemaizebajraragijowarricemaizebajraragijowarricemaizebajraragijowarricemaizebajraragijowarricemaizebajraragijowarricemaizebajraragijowarricemaizebajraragijowarricemaizebajraragijowarricemaizebajraragijowarricemaizebajraragijowarricemaizebajraragijowarricemaizebajraragijowarricemaizebajraragijowarricemaizebajraragijowarricemaizebajraragijowarricemaizebajraragijowarricemaizebajraragijowarricemaizebajraragijowarricemaizebajraragijowarricemaizebajraragijowarricemaizebajraragijowarricemaizebajraragijowarricemaizebajraragijowarricemaizebajraragijowarricemaizebajraragijowarricemaizebajraragijowarricemaizebajraragijowarricemaizebajraragijowarricemaizebajraragijowarricemaizebajraragijowarricemaizebajraragijowarricemaizebajraragijowarricemaizebajraragijowarricemaizebajraragijowarricemaizebajraragijowarricemaizebajraragijowarricemaizebajraragijowarricemaizebajraragijowarricemaizebajraragijowarricemaizebajraragijowarricemaizebajraragijowarricemaizebajraragijowarricemaizebajraragijowarricemaizebajraragijowarricemaizebajraragijowarricemaizebajraragijowarricemaizebajraragijowarricemaizebajraragijowarricemaizebajraragijowarricemaizebajraragijowarricemaizebajraragijowarricemaizebajraragijowarricemaizebajraragijowarricemaizebajraragijowarricemaizebajraragijowarricemaizebajraragijowarricemaizebajraragijowarricemaizebajraragijowarricemaizebajraragijowarricemaizebajraragijowarricemaizebajraragijowarricemaizebajraragijowarricemaizebajraragijowarricemaizebajraragijowarricemaizebajraragijowarricemaizebajraragijowarricemaizebajraragijowarricemaizebajraragijowarricemaizebajraragijowarricemaizebajraragijowarricemaizebajraragijowarricemaizebajraragijowarricemaizebajraragijowarricemaizebajraragijowarricemaizebajraragijowarricemaizebajraragijowarricemaizebajraragijowarricemaizebajraragijowarricemaizebajraragijowarricemaizebajraragijowarricemaizebajraragijowarricemaizebajraragijowarricemaizebajraragijowarricemaizebajraragijowarricemaizebajraragijowarricemaizebajraragijowarricemaizebajraragijowarricemaizebajraragijowarricemaizebajraragijowarricemaizebajraragijowarricemaizebajraragijowarricemaizebajraragijowarricemaizebajraragijowarricemaizebajraragijowarricemaizebajraragijowarricemaizebajraragijowarricemaizebajraragijowarricemaizebajraragijowarricemaizebajraragijowarricemaizebajraragijowarricemaizebajraragijowarricemaizebajraragijowarricemaizebajraragijowarricemaizebajraragijowarricemaizebajraragijowarricemaizebajraragijowarricemaizebajraragijowarricemaizebajraragijowarricemaizebajraragijowarricemaizebajraragijowarricemaizebajraragijowarricemaizebajraragijowarricemaizebajraragijowarricemaizebajraragijowarricemaizebajraragijowarricemaizebajraragijowarricemaizebajraragijowarricemaizebajraragijowarricemaizebajraragijowarricemaizebajraragijowarricemaizebajraragijowarricemaizebajraragijowarricemaizebajraragijowarricemaizebajraragijowarricemaizebajraragijowarricemaizebajraragijowarricemaizebajraragijowarricemaizebajraragijowarricemaizebajraragijowarricemaizebajraragijowarricemaizebajraragijowarricemaizebajraragijowarricemaizebajraragijowarricemaizebajraragijowarricemaizebajraragijowarricemaizebajraragijowarricemaizebajraragijowarricemaizebajraragijowarricemaizebajraragijowarricemaizebajraragijowarricemaizebajraragijowarricemaizebajraragijowarricemaizebajraragijowarricemaizebajraragijowarricemaizebajraragijowarricemaizebajraragijowarricemaizebajraragijowarricemaizebajraragijowarricemaizebajraragijowarricemaizebajraragijowarricemaizebajraragijowarricemaizebajraragijowarricemaizebajraragijowarricemaizebajraragijowarricemaizebajraragijowarricemaizebajraragijowarricemaizebajraragijowarricemaizebajraragijowarricemaizebajraragijowarricemaizebajraragijowarricemaizebajraragijowarricemaizebajraragijowarricemaizebajraragijowarricemaizebajraragijowarricemaizebajraragijowarricemaizebajraragijowarricemaizebajraragijowarricemaizebajraragijowarricemaizebajraragijowarricemaizebajraragijowarricemaizebajraragijowarricemaizebajraragijowarricemaizebajraragijowarricemaizebajraragijowarricemaizebajraragijowarricemaizebajraragijowarricemaizebajraragijowarricemaizebajraragijowarricemaizebajraragijowarricemaizebajraragijowarricemaizebajraragijowarricemaizebajraragijowarricemaizebajraragijowarricemaizebajraragijowarricemaizebajraragijowarricemaizebajraragijowarricemaizebajraragijowarricemaizebajraragijowarricemaizebajraragijowarricemaizebajraragijowarricemaizebajraragijowarricemaizebajraragijowarricemaizebajraragijowarricemaizebajraragijowarricemaizebajraragijowarricemaizebajraragijowarricemaizebajraragijowarricemaizebajraragijowarricemaizebajraragijowarricemaizebajraragijowarricemaizebajraragijowarricemaizebajraragijowarricemaizebajraragijowarricemaizebajraragijowarricemaizebajraragijowarricemaizebajraragijowarricemaizebajraragijowarricemaizebajraragijowarricemaizebajraragijowarricemaizebajraragijowarricemaizebajraragijowarricemaizebajraragijowarricemaizebajraragijowarricemaizebajraragijowarricemaizebajraragijowarricemaizebajraragijowarricemaizebajraragijowarricemaizebajraragijowarricemaizebajraragijowarricemaizebajraragijowarricemaizebajraragijowarricemaizebajraragijowarricemaizebajraragijowarricemaizebajraragijowarricemaizebajraragijowarricemaizebajraragijowarricemaizebajraragijowarricemaizebajraragijowarricemaizebajraragijowarricemaizebajraragijowarricemaizebajraragijowarricemaizebajraragijowarricemaizebajraragijowarricemaizebajraragijowarricemaizebajraragijowarricemaizebajraragijowarricemaizebajraragijowarricemaizebajraragijowarricemaizebajraragijowarricemaizebajraragijowarricemaizebajraragijowarricemaizebajraragijowarricemaizebajraragijowarricemaizebajraragijowarricemaizebajraragijowarricemaizebajraragijowarricemaizebajraragijowarricemaizebajraragijowarricemaizebajraragijowarricemaizebajraragijowarricemaizebajraragijowarricemaizebajraragijowarricemaizebajraragijowarricemaizebajraragijowarricemaizebajraragijowarricemaizebajraragijowarricemaizebajraragijowarricemaizebajraragijowarricemaizebajraragijowarricemaizebajraragijowarricemaizebajraragijowarricemaizebajraragijowarricemaizebajraragijowarricemaizebajraragijowarricemaizebajraragijowarricemaizebajraragijowarricemaizebajraragijowarricemaizebajraragijowarricemaizebajraragijowarricemaizebajraragijowarricemaizebajraragijowarricemaizebajraragijowarricemaizebajraragijowarricemaizebajraragijowarricemaizebajraragijowarricemaizebajraragijowarricemaizebajraragijowarricemaizebajraragijowarricemaizebajraragijowarricemaizebajraragijowarricemaizebajraragijowarricemaizebajraragijowarricemaizebajraragijowarricemaizebajraragijowarricemaizebajraragijowarricemaizebajraragijowarricemaizebajraragijowarricemaizebajraragijowarricemaizebajraragijowarricemaizebajraragijowarricemaizebajraragijowarricemaizebajraragijowarricemaizebajraragijowarricemaizebajraragijowarricemaizebajraragijowarricemaizebajraragijowarricemaizebajraragijowarricemaizebajraragijowarricemaizebajraragijowarricemaizebajraragijowarricemaizebajraragijowarricemaizebajraragijowarricemaizebajraragijowarricemaizebajraragijowarricemaizebajraragijowarricemaizebajraragijowarricemaizebajraragijowarricemaizebajraragijowarricemaizebajraragijowarricemaizebajraragijowarricemaizebajraragijowarricemaizebajraragijowarricemaizebajraragijowarricemaizebajraragijowarricemaizebajraragijowarricemaizebajraragijowarricemaizebajraragijowarricemaizebajraragijowarricemaizebajraragijowarricemaizebajraragijowarricemaizebajraragijowarricemaizebajraragijowarricemaizebajraragijowarricemaizebajraragijowarricemaizebajraragijowarricemaizebajraragijowarricemaizebajraragijowarricemaizebajraragijowarricemaizebajraragijowarricemaizebajraragijowarricemaizebajraragijowarricemaizebajraragijowarricemaizebajraragijowarricemaizebajraragijowarricemaizebajraragijowarricemaizebajraragijowarricemaizebajraragijowarricemaizebajraragijowarricemaizebajraragijowarricemaizebajraragijowarricemaizebajraragijowarricemaizebajraragijowarricemaizebajraragijowarricemaizebajraragijowarricemaizebajraragijowarricemaizebajraragijowarricemaizebajraragijowarricemaizebajraragijowarricemaizebajraragijowarricemaizebajraragijowarricemaizebajraragijowarricemaizebajraragijowarricemaizebajraragijowarricemaizebajraragijowarricemaizebajraragijowarricemaizebajraragijowarricemaizebajraragijowarricemaizebajraragijowarricemaizebajraragijowarricemaizebajraragijowarricemaizebajraragijowarricemaizebajraragijowarricemaizebajraragijowarricemaizebajraragijowarricemaizebajraragijowarricemaizebajraragijowarricemaizebajraragijowarricemaizebajraragijowarricemaizebajraragijowarricemaizebajraragijowarricemaizebajraragijowarricemaizebajraragijowarricemaizebajraragijowarricemaizebajraragijowarricemaizebajraragijowarricemaizebajraragijowarricemaizebajraragijowarricemaizebajraragijowarricemaizebajraragijowarricemaizebajraragijowarricemaizebajraragijowarricemaizebajraragijowarricemaizebajraragijowarricemaizebajraragijowarricemaizebajraragijowarricemaizebajraragijowarricemaizebajraragijowarricemaizebajraragijowarricemaizebajraragijowarricemaizebajraragijowarricemaizebajraragijowarricemaizebajraragijowarricemaizebajraragijowarricemaizebajraragijowarricemaizebajraragijowarricemaizebajraragijowarricemaizebajraragijowarricemaizebajraragijowarricemaizebajraragijowarricemaizebajraragijowarricemaizebajraragijowarricemaizebajraragijowarricemaizebajraragijowarricemaizebajraragijowarricemaizebajraragijowarricemaizebajraragijowarricemaizebajraragijowarricemaizebajraragijowarricemaizebajraragijowarricemaizebajraragijowarricemaizebajraragijowarricemaizebajraragijowarricemaizebajraragijowarricemaizebajraragijowarricemaizebajraragijowarricemaizebajraragijowarricemaizebajraragijowarricemaizebajraragijowarricemaizebajraragijowarricemaizebajraragijowarricemaizebajraragijowarricemaizebajraragijowarricemaizebajraragijowarricemaizebajraragijowarricemaizebajraragijowarricemaizebajraragijowarricemaizebajraragijowarricemaizebajraragijowarricemaizebajraragijowarricemaizebajraragijowarricemaizebajraragijowarricemaizebajraragijowarricemaizebajraragijowarricemaizebajraragijowarricemaizebajraragijowarricemaizebajraragijowarricemaizebajraragijowarricemaizebajraragijowarricemaizebajraragijowarricemaizebajraragijowarricemaizebajraragijowarricemaizebajraragijowarricemaizebajraragijowarricemaizebajraragijowarricemaizebajraragijowarricemaizebajraragijowarricemaizebajraragijowarricemaizebajraragijowarricemaizebajraragijowarricemaizebajraragijowarricemaizebajraragijowarricemaizebajraragijowarricemaizebajraragijowarricemaizebajraragijowarricemaizebajraragijowarricemaizebajraragijowarricemaizebajraragijowarricemaizebajraragijowarricemaizebajraragijowarricemaizebajraragijowarricemaizebajraragijowarricemaizebajraragijowarricemaizebajraragijowarricemaizebajraragijowarricemaizebajraragijowarricemaizebajraragijowarricemaizebajraragijowarricemaizebajraragijowarricemaizebajraragijowarricemaizebajraragijowarricemaizebajraragijowarricemaizebajraragijowarricemaizebajraragijowarricemaizebajraragijowarricemaizebajraragijowarricemaizebajraragijowarricemaizebajraragijowarricemaizebajraragijowarricemaizebajraragijowarricemaizebajraragijowarricemaizebajraragijowarricemaizebajraragijowarricemaizebajraragijowarricemaizebajraragijowarricemaizebajraragijowarricemaizebajraragijowarricemaizebajraragijowarricemaizebajraragijowarricemaizebajraragijowarricemaizebajraragijowarricemaizebajraragijowarricemaizebajraragijowarricemaizebajraragijowarricemaizebajraragijowarricemaizebajraragijowarricemaizebajraragijowarricemaizebajraragijowarricemaizebajraragijowarricemaizebajraragijowarricemaizebajraragijowarricemaizebajraragijowarricemaizebajraragijowarricemaizebajraragijowarricemaizebajraragijowarricemaizebajraragijowarricemaizebajraragijowarricemaizebajraragijowarricemaizebajraragijowarricemaizebajraragijowarricemaizebajraragijowarricemaizebajraragijowarricemaizebajraragijowarricemaizebajraragijowarricemaizebajraragijowarricemaizebajraragijowarricemaizebajraragijowarricemaizebajraragijowarricemaizebajraragijowarricemaizebajraragijowarricemaizebajraragijowarricemaizebajraragijowarricemaizebajraragijowarricemaizebajraragijowarricemaizebajraragijowarricemaizebajraragijowarricemaizebajraragijowarricemaizebajraragijowarricemaizebajraragijowarricemaizebajraragijowarricemaizebajraragijowarricemaizebajraragijowarricemaizebajraragijowarricemaizebajraragijowarricemaizebajraragijowarricemaizebajraragijowarricemaizebajraragijowarricemaizebajraragijowarricemaizebajraragijowarricemaizebajraragijowarricemaizebajraragijowarricemaizebajraragijowarricemaizebajraragijowarricemaizebajraragijowarricemaizebajraragijowarricemaizebajraragijowarricemaizebajraragijowarricemaizebajraragijowarricemaizebajraragijowarricemaizebajraragijowarricemaizebajraragijowarricemaizebajraragijowarricemaizebajraragijowarricemaizebajraragijowarricemaizebajraragijowarricemaizebajraragijowarricemaizebajraragijowarricemaizebajraragijowarricemaizebajraragijowarricemaizebajraragijowarricemaizebajraragijowarricemaizebajraragijowar,3284999.9949,3211000.0,142341.269816,14299103649.615814,13987600000.062,601835777.5625231,593593801.8875141,77606434.89985268,75970780.09852542,417589058.56247914,413364761.8867153,37314882.9849284,36546060.098350614,50845527930232.3,49735468000220.445,25865865.15495442,25517169.464054,113584223.92899433,112435215.23318657,11901288.169030655,11780895.713771388,22133281620.4754,22176065254.7905,66961889479.28125,65391674821.4004,3180000.0,0.19292707621276253,-1.0219295559889876,-2.103709358844083,-1.3884874890541503,-2.1530051411950764,-2.2319281885654143,-2.40124551354506,-1.3665139912623383,-1.0219295559889674,-1.0219295559889778
24,rajasthan,ariyalurariyalurariyalurariyalurariyalurcoimbatorecoimbatorecoimbatorecoimbatorecoimbatorecuddalorecuddalorecuddalorecuddalorecuddaloredharmapuridharmapuridharmapuridharmapuridharmapuridindiguldindiguldindiguldindiguldindigulerodeerodeerodeerodeerodekancheepuramkancheepuramkancheepuramkancheepuramkancheepuramkanniyakumarikanniyakumarikanniyakumarikanniyakumarikanniyakumarikarurkarurkarurkarurkarurkrishnagirikrishnagirikrishnagirikrishnagirikrishnagirimaduraimaduraimaduraimaduraimadurainagappattinamnagappattinamnagappattinamnagappattinamnagappattinamnamakkalnamakkalnamakkalnamakkalnamakkalperambalurperambalurperambalurperambalurperambalurpudukkottaipudukkottaipudukkottaipudukkottaipudukkottairamanathapuramramanathapuramramanathapuramramanathapuramramanathapuramsalemsalemsalemsalemsalemsivagangasivagangasivagangasivagangasivagangathanjavurthanjavurthanjavurthanjavurthanjavurthe nilgiristhe nilgiristhe nilgiristhe nilgiristhe nilgiristhenithenithenithenithenithiruvallurthiruvallurthiruvallurthiruvallurthiruvallurthiruvarurthiruvarurthiruvarurthiruvarurthiruvarurtiruchirappallitiruchirappallitiruchirappallitiruchirappallitiruchirappallitirunelvelitirunelvelitirunelvelitirunelvelitirunelvelitiruppurtiruppurtiruppurtiruppurtiruppurtiruvannamalaitiruvannamalaitiruvannamalaitiruvannamalaitiruvannamalaituticorintuticorintuticorintuticorintuticorinvellorevellorevellorevellorevelloreviluppuramviluppuramviluppuramviluppuramviluppuramvirudhunagarvirudhunagarvirudhunagarvirudhunagarvirudhunagaramritsaramritsaramritsaramritsaramritsarbarnalabarnalabarnalabarnalabarnalabathindabathindabathindabathindabathindafaridkotfaridkotfaridkotfaridkotfaridkotfatehgarh sahibfatehgarh sahibfatehgarh sahibfatehgarh sahibfatehgarh sahibfazilkafazilkafazilkafazilkafazilkafirozpurfirozpurfirozpurfirozpurfirozpurgurdaspurgurdaspurgurdaspurgurdaspurgurdaspurhoshiarpurhoshiarpurhoshiarpurhoshiarpurhoshiarpurjalandharjalandharjalandharjalandharjalandharkapurthalakapurthalakapurthalakapurthalakapurthalaludhianaludhianaludhianaludhianaludhianamansamansamansamansamansamogamogamogamogamogamuktsarmuktsarmuktsarmuktsarmuktsarpathankotpathankotpathankotpathankotpathankotpatialapatialapatialapatialapatialarupnagarrupnagarrupnagarrupnagarrupnagarsangrursangrursangrursangrursangrurshahid bhagat singh nagarshahid bhagat singh nagarshahid bhagat singh nagarshahid bhagat singh nagarshahid bhagat singh nagartarn tarantarn tarantarn tarantarn tarantarn taranambalaambalaambalaambalaambalabhiwanibhiwanibhiwanibhiwanibhiwanicharki dadricharki dadricharki dadricharki dadricharki dadrifaridabadfaridabadfaridabadfaridabadfaridabadfatehabadfatehabadfatehabadfatehabadfatehabadgurgaongurgaongurgaongurgaongurgaonhisarhisarhisarhisarhisarjhajjarjhajjarjhajjarjhajjarjhajjarjindjindjindjindjindkaithalkaithalkaithalkaithalkaithalkarnalkarnalkarnalkarnalkarnalkurukshetrakurukshetrakurukshetrakurukshetrakurukshetramewatmewatmewatmewatmewatpalwalpalwalpalwalpalwalpalwalpanchkulapanchkulapanchkulapanchkulapanchkulapanipatpanipatpanipatpanipatpanipatrewarirewarirewarirewarirewarirohtakrohtakrohtakrohtakrohtaksirsasirsasirsasirsasirsasonipatsonipatsonipatsonipatsonipatyamunanagaryamunanagaryamunanagaryamunanagaryamunanagaranantapuranantapuranantapuranantapuranantapurchittoorchittoorchittoorchittoorchittooreast godavarieast godavarieast godavarieast godavarieast godavarigunturgunturgunturgunturgunturkadapakadapakadapakadapakadapakrishnakrishnakrishnakrishnakrishnakurnoolkurnoolkurnoolkurnoolkurnoolprakasamprakasamprakasamprakasamprakasamnellorenellorenellorenellorenelloresrikakulamsrikakulamsrikakulamsrikakulamsrikakulamvisakhapatnamvisakhapatnamvisakhapatnamvisakhapatnamvisakhapatnamvizianagaramvizianagaramvizianagaramvizianagaramvizianagaramwest godavariwest godavariwest godavariwest godavariwest godavariballariballariballariballariballaribangalore ruralbangalore ruralbangalore ruralbangalore ruralbangalore ruralbelagavibelagavibelagavibelagavibelagavibengaluru urbanbengaluru urbanbengaluru urbanbengaluru urbanbengaluru urbanbidarbidarbidarbidarbidarchamarajanagarachamarajanagarachamarajanagarachamarajanagarachamarajanagarachikkaballapurachikkaballapurachikkaballapurachikkaballapurachikkaballapurachikmagalurchikmagalurchikmagalurchikmagalurchikmagalurchitradurgachitradurgachitradurgachitradurgachitradurgadakshina kannadadakshina kannadadakshina kannadadakshina kannadadakshina kannadadavangeredavangeredavangeredavangeredavangeredharwaddharwaddharwaddharwaddharwadgadaggadaggadaggadaggadaghassanhassanhassanhassanhassanhaverihaverihaverihaverihaverikalaburagikalaburagikalaburagikalaburagikalaburagikodagukodagukodagukodagukodagukolarkolarkolarkolarkolarkoppalkoppalkoppalkoppalkoppalmandyamandyamandyamandyamandyamysurumysurumysurumysurumysururaichurraichurraichurraichurraichurramanagararamanagararamanagararamanagararamanagarashivamoggashivamoggashivamoggashivamoggashivamoggatumakurutumakurutumakurutumakurutumakuruudupiudupiudupiudupiudupiuttara kannadauttara kannadauttara kannadauttara kannadauttara kannadavijayapuravijayapuravijayapuravijayapuravijayapurayadgiryadgiryadgiryadgiryadgiralmoraalmoraalmoraalmoraalmorabageshwarbageshwarbageshwarbageshwarbageshwarchamolichamolichamolichamolichamolichampawatchampawatchampawatchampawatchampawatdehradundehradundehradundehradundehradunhardwarhardwarhardwarhardwarhardwarnainitalnainitalnainitalnainitalnainitalpauri garhwalpauri garhwalpauri garhwalpauri garhwalpauri garhwalpithoragarhpithoragarhpithoragarhpithoragarhpithoragarhrudra prayagrudra prayagrudra prayagrudra prayagrudra prayagtehri garhwaltehri garhwaltehri garhwaltehri garhwaltehri garhwaludham singh nagarudham singh nagarudham singh nagarudham singh nagarudham singh nagaruttar kashiuttar kashiuttar kashiuttar kashiuttar kashispsr nellorespsr nellorespsr nellorespsr nellorespsr nellorevisakhapatanamvisakhapatanamvisakhapatanamvisakhapatanamvisakhapatanamparaganas northparaganas northparaganas northparaganas northparaganas northparaganas southparaganas southparaganas southparaganas southparaganas southalipurduaralipurduaralipurduaralipurduaralipurduarbankurabankurabankurabankurabankurabirbhumbirbhumbirbhumbirbhumbirbhumcoochbeharcoochbeharcoochbeharcoochbeharcoochbehardarjeelingdarjeelingdarjeelingdarjeelingdarjeelingdakshin dinajpurdakshin dinajpurdakshin dinajpurdakshin dinajpurdakshin dinajpuruttar dinajpuruttar dinajpuruttar dinajpuruttar dinajpuruttar dinajpurhooghlyhooghlyhooghlyhooghlyhooghlyhowrahhowrahhowrahhowrahhowrahjalpaigurijalpaigurijalpaigurijalpaigurijalpaigurijhargramjhargramjhargramjhargramjhargramkalimpongkalimpongkalimpongkalimpongkalimpongmaldahmaldahmaldahmaldahmaldahmedinipur eastmedinipur eastmedinipur eastmedinipur eastmedinipur eastmedinipur westmedinipur westmedinipur westmedinipur westmedinipur westmurshidabadmurshidabadmurshidabadmurshidabadmurshidabadnadianadianadianadianadiabarddhamanbarddhamanbarddhamanbarddhamanbarddhamanpuruliyapuruliyapuruliyapuruliyapuruliyaalappuzhaalappuzhaalappuzhaalappuzhaalappuzhaernakulamernakulamernakulamernakulamernakulamidukkiidukkiidukkiidukkiidukkikannurkannurkannurkannurkannurkasaragodkasaragodkasaragodkasaragodkasaragodkollamkollamkollamkollamkollamkottayamkottayamkottayamkottayamkottayamkozhikodekozhikodekozhikodekozhikodekozhikodemalappurammalappurammalappurammalappurammalappurampalakkadpalakkadpalakkadpalakkadpalakkadpathanamthittapathanamthittapathanamthittapathanamthittapathanamthittathiruvananthapuramthiruvananthapuramthiruvananthapuramthiruvananthapuramthiruvananthapuramthrissurthrissurthrissurthrissurthrissurwayanadwayanadwayanadwayanadwayanadbagalkotbagalkotbagalkotbagalkotbagalkotchikballapurachikballapurachikballapurachikballapurachikballapurachikkamagaluruchikkamagaluruchikkamagaluruchikkamagaluruchikkamagalurudavanageredavanageredavanageredavanageredavanagereyadagiriyadagiriyadagiriyadagiriyadagiriagraagraagraagraagraaligarhaligarhaligarhaligarhaligarhallahabadallahabadallahabadallahabadallahabadambedkar nagarambedkar nagarambedkar nagarambedkar nagarambedkar nagaramethiamethiamethiamethiamethiamrohaamrohaamrohaamrohaamrohaauraiyaauraiyaauraiyaauraiyaauraiyaazamgarhazamgarhazamgarhazamgarhazamgarhbaghpatbaghpatbaghpatbaghpatbaghpatbahraichbahraichbahraichbahraichbahraichballiaballiaballiaballiaballiabalrampurbalrampurbalrampurbalrampurbalrampurbandabandabandabandabandabarabankibarabankibarabankibarabankibarabankibareillybareillybareillybareillybareillybastibastibastibastibastibijnorbijnorbijnorbijnorbijnorbudaunbudaunbudaunbudaunbudaunbulandshahrbulandshahrbulandshahrbulandshahrbulandshahrchandaulichandaulichandaulichandaulichandaulichitrakootchitrakootchitrakootchitrakootchitrakootdeoriadeoriadeoriadeoriadeoriaetahetahetahetahetahetawahetawahetawahetawahetawahfaizabadfaizabadfaizabadfaizabadfaizabadfarrukhabadfarrukhabadfarrukhabadfarrukhabadfarrukhabadfatehpurfatehpurfatehpurfatehpurfatehpurfirozabadfirozabadfirozabadfirozabadfirozabadkanpur nagarkanpur nagarkanpur nagarkanpur nagarkanpur nagarghaziabadghaziabadghaziabadghaziabadghaziabadghazipurghazipurghazipurghazipurghazipurgondagondagondagondagondagorakhpurgorakhpurgorakhpurgorakhpurgorakhpurhamirpurhamirpurhamirpurhamirpurhamirpurhapurhapurhapurhapurhapurhardoihardoihardoihardoihardoihathrashathrashathrashathrashathrasjalaunjalaunjalaunjalaunjalaunjaunpurjaunpurjaunpurjaunpurjaunpurjhansijhansijhansijhansijhansikannaujkannaujkannaujkannaujkannaujkanpur dehatkanpur dehatkanpur dehatkanpur dehatkanpur dehatkasganjkasganjkasganjkasganjkasganjkaushambikaushambikaushambikaushambikaushambilakhimpur kherilakhimpur kherilakhimpur kherilakhimpur kherilakhimpur kherikushinagarkushinagarkushinagarkushinagarkushinagarlalitpurlalitpurlalitpurlalitpurlalitpurlucknowlucknowlucknowlucknowlucknowmaharajganjmaharajganjmaharajganjmaharajganjmaharajganjmahobamahobamahobamahobamahobamainpurimainpurimainpurimainpurimainpurimathuramathuramathuramathuramathuramaumaumaumaumaumeerutmeerutmeerutmeerutmeerutmirzapurmirzapurmirzapurmirzapurmirzapurmoradabadmoradabadmoradabadmoradabadmoradabadmuzaffarnagarmuzaffarnagarmuzaffarnagarmuzaffarnagarmuzaffarnagarpilibhitpilibhitpilibhitpilibhitpilibhitpratapgarhpratapgarhpratapgarhpratapgarhpratapgarhrae barelirae barelirae barelirae barelirae barelirampurrampurrampurrampurrampursaharanpursaharanpursaharanpursaharanpursaharanpursambhalsambhalsambhalsambhalsambhalsant kabeer nagarsant kabeer nagarsant kabeer nagarsant kabeer nagarsant kabeer nagarsant ravi das nagarsant ravi das nagarsant ravi das nagarsant ravi das nagarsant ravi das nagarshahajahanpurshahajahanpurshahajahanpurshahajahanpurshahajahanpurshamlishamlishamlishamlishamlishravastishravastishravastishravastishravastisiddharth nagarsiddharth nagarsiddharth nagarsiddharth nagarsiddharth nagarsitapursitapursitapursitapursitapursonbhadrasonbhadrasonbhadrasonbhadrasonbhadrasultanpursultanpursultanpursultanpursultanpurunnaounnaounnaounnaounnaovaranasivaranasivaranasivaranasivaranasiahmednagarahmednagarahmednagarahmednagarahmednagaramravatiamravatiamravatiamravatiamravatibeedbeedbeedbeedbeedbhandarabhandarabhandarabhandarabhandarachandrapurchandrapurchandrapurchandrapurchandrapurdhuledhuledhuledhuledhulegadchiroligadchiroligadchiroligadchiroligadchiroligondiagondiagondiagondiagondiakolhapurkolhapurkolhapurkolhapurkolhapurlaturlaturlaturlaturlaturnagpurnagpurnagpurnagpurnagpurnandednandednandednandednandednandurbarnandurbarnandurbarnandurbarnandurbarnashiknashiknashiknashiknashikosmanabadosmanabadosmanabadosmanabadosmanabadpalgharpalgharpalgharpalgharpalgharpunepunepunepunepuneraigadraigadraigadraigadraigadratnagiriratnagiriratnagiriratnagiriratnagirisanglisanglisanglisanglisanglisatarasatarasatarasatarasatarasindhudurgsindhudurgsindhudurgsindhudurgsindhudurgsolapursolapursolapursolapursolapurthanethanethanethanethaneanantnaganantnaganantnaganantnaganantnagbadgambadgambadgambadgambadgambandiporabandiporabandiporabandiporabandiporabaramullabaramullabaramullabaramullabaramulladodadodadodadodadodaganderbalganderbalganderbalganderbalganderbaljammujammujammujammujammukathuakathuakathuakathuakathuakishtwarkishtwarkishtwarkishtwarkishtwarkulgamkulgamkulgamkulgamkulgamkupwarakupwarakupwarakupwarakupwarapoonchpoonchpoonchpoonchpoonchpulwamapulwamapulwamapulwamapulwamarajaurirajaurirajaurirajaurirajaurirambanrambanrambanrambanrambanreasireasireasireasireasisambasambasambasambasambashopianshopianshopianshopianshopiansrinagarsrinagarsrinagarsrinagarsrinagarudhampurudhampurudhampurudhampurudhampurahmadabadahmadabadahmadabadahmadabadahmadabadanandanandanandanandanandaravalliaravalliaravalliaravalliaravallibharuchbharuchbharuchbharuchbharuchchhotaudepurchhotaudepurchhotaudepurchhotaudepurchhotaudepurdangdangdangdangdangdohaddohaddohaddohaddohadgandhinagargandhinagargandhinagargandhinagargandhinagarkhedakhedakhedakhedakhedamahesanamahesanamahesanamahesanamahesanamahisagarmahisagarmahisagarmahisagarmahisagarnarmadanarmadanarmadanarmadanarmadanavsarinavsarinavsarinavsarinavsaripanch mahalspanch mahalspanch mahalspanch mahalspanch mahalssabar kanthasabar kanthasabar kanthasabar kanthasabar kanthasuratsuratsuratsuratsuratsurendranagarsurendranagarsurendranagarsurendranagarsurendranagartapitapitapitapitapivadodaravadodaravadodaravadodaravadodaravalsadvalsadvalsadvalsadvalsadajmerajmerajmerajmerajmeralwaralwaralwaralwaralwarbanswarabanswarabanswarabanswarabanswarabaranbaranbaranbaranbaranbharatpurbharatpurbharatpurbharatpurbharatpurbhilwarabhilwarabhilwarabhilwarabhilwarabundibundibundibundibundichittorgarhchittorgarhchittorgarhchittorgarhchittorgarhdholpurdholpurdholpurdholpurdholpurdungarpurdungarpurdungarpurdungarpurdungarpurganganagarganganagarganganagarganganagarganganagarhanumangarhhanumangarhhanumangarhhanumangarhhanumangarhjhalawarjhalawarjhalawarjhalawarjhalawarkaraulikaraulikaraulikaraulikaraulikotakotakotakotakotarajsamandrajsamandrajsamandrajsamandrajsamandsawai madhopursawai madhopursawai madhopursawai madhopursawai madhopurtonktonktonktonktonkudaipurudaipurudaipurudaipurudaipurarariaarariaarariaarariaarariaarwalarwalarwalarwalarwalaurangabadaurangabadaurangabadaurangabadaurangabadbankabankabankabankabankabegusaraibegusaraibegusaraibegusaraibegusaraibhagalpurbhagalpurbhagalpurbhagalpurbhagalpurbhojpurbhojpurbhojpurbhojpurbhojpurbuxarbuxarbuxarbuxarbuxardarbhangadarbhangadarbhangadarbhangadarbhangagayagayagayagayagayagopalganjgopalganjgopalganjgopalganjgopalganjjamuijamuijamuijamuijamuijehanabadjehanabadjehanabadjehanabadjehanabadkaimurkaimurkaimurkaimurkaimurkatiharkatiharkatiharkatiharkatiharkhagariakhagariakhagariakhagariakhagariakishanganjkishanganjkishanganjkishanganjkishanganjlakhisarailakhisarailakhisarailakhisarailakhisaraimadhepuramadhepuramadhepuramadhepuramadhepuramadhubanimadhubanimadhubanimadhubanimadhubanimungermungermungermungermungermuzaffarpurmuzaffarpurmuzaffarpurmuzaffarpurmuzaffarpurnalandanalandanalandanalandanalandanawadanawadanawadanawadanawadapashchim champaranpashchim champaranpashchim champaranpashchim champaranpashchim champaranpatnapatnapatnapatnapatnapurbi champaranpurbi champaranpurbi champaranpurbi champaranpurbi champaranpurniapurniapurniapurniapurniarohtasrohtasrohtasrohtasrohtassaharsasaharsasaharsasaharsasaharsasamastipursamastipursamastipursamastipursamastipursaransaransaransaransaransheikhpurasheikhpurasheikhpurasheikhpurasheikhpurasheoharsheoharsheoharsheoharsheoharsitamarhisitamarhisitamarhisitamarhisitamarhisiwansiwansiwansiwansiwansupaulsupaulsupaulsupaulsupaulvaishalivaishalivaishalivaishalivaishalidinajpur dakshindinajpur dakshindinajpur dakshindinajpur dakshindinajpur dakshindinajpur uttardinajpur uttardinajpur uttardinajpur uttardinajpur uttarpaschim bardhamanpaschim bardhamanpaschim bardhamanpaschim bardhamanpaschim bardhamanpurba bardhamanpurba bardhamanpurba bardhamanpurba bardhamanpurba bardhamanpuruliapuruliapuruliapuruliapurulianagapattinamnagapattinamnagapattinamnagapattinamnagapattinamvirudunagarvirudunagarvirudunagarvirudunagarvirudunagaranugulanugulanugulanugulanugulbalangirbalangirbalangirbalangirbalangirbaleshwarbaleshwarbaleshwarbaleshwarbaleshwarbargarhbargarhbargarhbargarhbargarhbhadrakbhadrakbhadrakbhadrakbhadrakboudhboudhboudhboudhboudhcuttackcuttackcuttackcuttackcuttackdeogarhdeogarhdeogarhdeogarhdeogarhdhenkanaldhenkanaldhenkanaldhenkanaldhenkanalgajapatigajapatigajapatigajapatigajapatiganjamganjamganjamganjamganjamjagatsinghapurjagatsinghapurjagatsinghapurjagatsinghapurjagatsinghapurjajapurjajapurjajapurjajapurjajapurjharsugudajharsugudajharsugudajharsugudajharsugudakalahandikalahandikalahandikalahandikalahandikandhamalkandhamalkandhamalkandhamalkandhamalkendraparakendraparakendraparakendraparakendraparakendujharkendujharkendujharkendujharkendujharkhordhakhordhakhordhakhordhakhordhakoraputkoraputkoraputkoraputkoraputmalkangirimalkangirimalkangirimalkangirimalkangirimayurbhanjmayurbhanjmayurbhanjmayurbhanjmayurbhanjnabarangpurnabarangpurnabarangpurnabarangpurnabarangpurnayagarhnayagarhnayagarhnayagarhnayagarhnuapadanuapadanuapadanuapadanuapadapuripuripuripuripurirayagadarayagadarayagadarayagadarayagadasambalpursambalpursambalpursambalpursambalpursonepursonepursonepursonepursonepursundargarhsundargarhsundargarhsundargarhsundargarhbaksabaksabaksabaksabaksabarpetabarpetabarpetabarpetabarpetabongaigaonbongaigaonbongaigaonbongaigaonbongaigaoncacharcacharcacharcacharcacharchirangchirangchirangchirangchirangdarrangdarrangdarrangdarrangdarrangdhemajidhemajidhemajidhemajidhemajidhubridhubridhubridhubridhubridibrugarhdibrugarhdibrugarhdibrugarhdibrugarhdima hasaodima hasaodima hasaodima hasaodima hasaogoalparagoalparagoalparagoalparagoalparagolaghatgolaghatgolaghatgolaghatgolaghathailakandihailakandihailakandihailakandihailakandijorhatjorhatjorhatjorhatjorhatkamrupkamrupkamrupkamrupkamrupkarbi anglongkarbi anglongkarbi anglongkarbi anglongkarbi anglongkarimganjkarimganjkarimganjkarimganjkarimganjkokrajharkokrajharkokrajharkokrajharkokrajharlakhimpurlakhimpurlakhimpurlakhimpurlakhimpurmorigaonmorigaonmorigaonmorigaonmorigaonnagaonnagaonnagaonnagaonnagaonnalbarinalbarinalbarinalbarinalbarisivasagarsivasagarsivasagarsivasagarsivasagarsonitpursonitpursonitpursonitpursonitpurtinsukiatinsukiatinsukiatinsukiatinsukiaudalguriudalguriudalguriudalguriudalguribokarobokarobokarobokarobokarochatrachatrachatrachatrachatradeoghardeoghardeoghardeoghardeoghardhanbaddhanbaddhanbaddhanbaddhanbaddumkadumkadumkadumkadumkaeast singhbumeast singhbumeast singhbumeast singhbumeast singhbumgarhwagarhwagarhwagarhwagarhwagiridihgiridihgiridihgiridihgiridihgoddagoddagoddagoddagoddagumlagumlagumlagumlagumlahazaribaghhazaribaghhazaribaghhazaribaghhazaribaghjamtarajamtarajamtarajamtarajamtarakhuntikhuntikhuntikhuntikhuntikodermakodermakodermakodermakodermalateharlateharlateharlateharlateharlohardagalohardagalohardagalohardagalohardagapakurpakurpakurpakurpakurpalamupalamupalamupalamupalamuramgarhramgarhramgarhramgarhramgarhranchiranchiranchiranchiranchisahibganjsahibganjsahibganjsahibganjsahibganjsaraikelakharsawansaraikelakharsawansaraikelakharsawansaraikelakharsawansaraikelakharsawansimdegasimdegasimdegasimdegasimdegawest singhbhumwest singhbhumwest singhbhumwest singhbhumwest singhbhumbilaspurbilaspurbilaspurbilaspurbilaspurchambachambachambachambachambakangrakangrakangrakangrakangrakinnaurkinnaurkinnaurkinnaurkinnaurkullukullukullukullukullumandimandimandimandimandishimlashimlashimlashimlashimlasirmaursirmaursirmaursirmaursirmaursolansolansolansolansolanunaunaunaunaunakaimur (bhabua)kaimur (bhabua)kaimur (bhabua)kaimur (bhabua)kaimur (bhabua)baloda bazarbaloda bazarbaloda bazarbaloda bazarbaloda bazaruttar bastar kankeruttar bastar kankeruttar bastar kankeruttar bastar kankeruttar bastar kankerbemetarabemetarabemetarabemetarabemetarabijapurbijapurbijapurbijapurbijapurdantewadadantewadadantewadadantewadadantewadadhamtaridhamtaridhamtaridhamtaridhamtaridurgdurgdurgdurgdurggariabandgariabandgariabandgariabandgariabandjanjgirchampajanjgirchampajanjgirchampajanjgirchampajanjgirchampajashpurjashpurjashpurjashpurjashpurkabirdhamkabirdhamkabirdhamkabirdhamkabirdhamkondagaonkondagaonkondagaonkondagaonkondagaonkorbakorbakorbakorbakorbakoreakoreakoreakoreakoreamahasamundmahasamundmahasamundmahasamundmahasamundmungelimungelimungelimungelimungelinarayanpurnarayanpurnarayanpurnarayanpurnarayanpurraigarhraigarhraigarhraigarhraigarhraipurraipurraipurraipurraipurrajnandgaonrajnandgaonrajnandgaonrajnandgaonrajnandgaonsukmasukmasukmasukmasukmasurajpursurajpursurajpursurajpursurajpursurgujasurgujasurgujasurgujasurgujalahul and spitilahul and spitilahul and spitilahul and spitilahul and spitiarvalliarvalliarvalliarvalliarvallibanas kanthabanas kanthabanas kanthabanas kanthabanas kanthadevbhumi dwarkadevbhumi dwarkadevbhumi dwarkadevbhumi dwarkadevbhumi dwarkakachchhkachchhkachchhkachchhkachchhpatanpatanpatanpatanpatanrajkotrajkotrajkotrajkotrajkotahmadnagarahmadnagarahmadnagarahmadnagarahmadnagarakolaakolaakolaakolaakolabuldhanabuldhanabuldhanabuldhanabuldhanahingolihingolihingolihingolihingolijalgaonjalgaonjalgaonjalgaonjalgaonjalnajalnajalnajalnajalnaparbhaniparbhaniparbhaniparbhaniparbhaniwashimwashimwashimwashimwashimyavatmalyavatmalyavatmalyavatmalyavatmalagar malwaagar malwaagar malwaagar malwaagar malwaalirajpuralirajpuralirajpuralirajpuralirajpuranuppuranuppuranuppuranuppuranuppurashoknagarashoknagarashoknagarashoknagarashoknagarbalaghatbalaghatbalaghatbalaghatbalaghatbarwanibarwanibarwanibarwanibarwanibetulbetulbetulbetulbetulbhopalbhopalbhopalbhopalbhopalburhanpurburhanpurburhanpurburhanpurburhanpurchhatarpurchhatarpurchhatarpurchhatarpurchhatarpurchhindwarachhindwarachhindwarachhindwarachhindwaradamohdamohdamohdamohdamohdatiadatiadatiadatiadatiadewasdewasdewasdewasdewasdhardhardhardhardhardindoridindoridindoridindoridindorigunagunagunagunagunagwaliorgwaliorgwaliorgwaliorgwaliorhardahardahardahardahardahoshangabadhoshangabadhoshangabadhoshangabadhoshangabadindoreindoreindoreindoreindorejabalpurjabalpurjabalpurjabalpurjabalpurjhabuajhabuajhabuajhabuajhabuakatnikatnikatnikatnikatnikhandwakhandwakhandwakhandwakhandwakhargonekhargonekhargonekhargonekhargonemandlamandlamandlamandlamandlamandsaurmandsaurmandsaurmandsaurmandsaurmorenamorenamorenamorenamorenanarsinghpurnarsinghpurnarsinghpurnarsinghpurnarsinghpurneemuchneemuchneemuchneemuchneemuchpannapannapannapannapannaraisenraisenraisenraisenraisenrajgarhrajgarhrajgarhrajgarhrajgarhratlamratlamratlamratlamratlamrewarewarewarewarewasagarsagarsagarsagarsagarsatnasatnasatnasatnasatnasehoresehoresehoresehoresehoreseoniseoniseoniseoniseonishahdolshahdolshahdolshahdolshahdolshajapurshajapurshajapurshajapurshajapursheopursheopursheopursheopursheopurshivpurishivpurishivpurishivpurishivpurisidhisidhisidhisidhisidhisingraulisingraulisingraulisingraulisingraulitikamgarhtikamgarhtikamgarhtikamgarhtikamgarhujjainujjainujjainujjainujjainumariaumariaumariaumariaumariavidishavidishavidishavidishavidishabarmerbarmerbarmerbarmerbarmerchittaurgarhchittaurgarhchittaurgarhchittaurgarhchittaurgarhchuruchuruchuruchuruchurudausadausadausadausadausajaipurjaipurjaipurjaipurjaipurjalorejalorejalorejalorejalorejodhpurjodhpurjodhpurjodhpurjodhpurnagaurnagaurnagaurnagaurnagaurpalipalipalipalipalisikarsikarsikarsikarsikarsirohisirohisirohisirohisirohiharidwarharidwarharidwarharidwarharidwarudam singh nagarudam singh nagarudam singh nagarudam singh nagarudam singh nagarkanchipuramkanchipuramkanchipuramkanchipuramkanchipuramvillupuramvillupuramvillupuramvillupuramvillupurambhindbhindbhindbhindbhindbagalkotebagalkotebagalkotebagalkotebagalkotebuldanabuldanabuldanabuldanabuldanawardhawardhawardhawardhawardhasahebganjsahebganjsahebganjsahebganjsahebganjsaraikela kharsawansaraikela kharsawansaraikela kharsawansaraikela kharsawansaraikela kharsawangautam buddha nagargautam buddha nagargautam buddha nagargautam buddha nagargautam buddha nagarkherikherikherikherikherikushi nagarkushi nagarkushi nagarkushi nagarkushi nagarsant ravidas nagarsant ravidas nagarsant ravidas nagarsant ravidas nagarsant ravidas nagarmahendragarhmahendragarhmahendragarhmahendragarhmahendragarhjamnagarjamnagarjamnagarjamnagarjamnagarchamrajnagarchamrajnagarchamrajnagarchamrajnagarchamrajnagartumkurtumkurtumkurtumkurtumkurbalodbalodbalodbalodbalodbastarbastarbastarbastarbastargariyabandgariyabandgariyabandgariyabandgariyabandjanjgir-champajanjgir-champajanjgir-champajanjgir-champajanjgir-champakankerkankerkankerkankerkankeramreliamreliamreliamreliamrelibhavnagarbhavnagarbhavnagarbhavnagarbhavnagarbotadbotadbotadbotadbotadgir somnathgir somnathgir somnathgir somnathgir somnathjunagadhjunagadhjunagadhjunagadhjunagadhmorbimorbimorbimorbimorbikamrup metrokamrup metrokamrup metrokamrup metrokamrup metromarigaonmarigaonmarigaonmarigaonmarigaonbikanerbikanerbikanerbikanerbikanerjaisalmerjaisalmerjaisalmerjaisalmerjaisalmerjhunjhununjhunjhununjhunjhununjhunjhununjhunjhununshahjahanpurshahjahanpurshahjahanpurshahjahanpurshahjahanpurnicobarsnicobarsnicobarsnicobarsnicobarsnorth and middle andamannorth and middle andamannorth and middle andamannorth and middle andamannorth and middle andamansouth andamanssouth andamanssouth andamanssouth andamanssouth andamansanjawanjawanjawanjawanjawchanglangchanglangchanglangchanglangchanglangdibang valleydibang valleydibang valleydibang valleydibang valleyeast kamengeast kamengeast kamengeast kamengeast kamengeast siangeast siangeast siangeast siangeast siangkra daadikra daadikra daadikra daadikra daadikurung kumeykurung kumeykurung kumeykurung kumeykurung kumeylohitlohitlohitlohitlohitlongdinglongdinglongdinglongdinglongdinglower dibang valleylower dibang valleylower dibang valleylower dibang valleylower dibang valleylower subansirilower subansirilower subansirilower subansirilower subansirinamsainamsainamsainamsainamsaipapum parepapum parepapum parepapum parepapum paresiangsiangsiangsiangsiangtawangtawangtawangtawangtawangtiraptiraptiraptiraptirapupper siangupper siangupper siangupper siangupper siangupper subansiriupper subansiriupper subansiriupper subansiriupper subansiriwest kamengwest kamengwest kamengwest kamengwest kamengwest siangwest siangwest siangwest siangwest siangchandigarhchandigarhchandigarhchandigarhchandigarhdadra and nagar havelidadra and nagar havelidadra and nagar havelidadra and nagar havelidadra and nagar havelibishnupurbishnupurbishnupurbishnupurbishnupurchandelchandelchandelchandelchandelchurachandpurchurachandpurchurachandpurchurachandpurchurachandpurimphal eastimphal eastimphal eastimphal eastimphal eastimphal westimphal westimphal westimphal westimphal westsenapatisenapatisenapatisenapatisenapatitamenglongtamenglongtamenglongtamenglongtamenglongthoubalthoubalthoubalthoubalthoubalukhrulukhrulukhrulukhrulukhruleast garo hillseast garo hillseast garo hillseast garo hillseast garo hillseast jaintia hillseast jaintia hillseast jaintia hillseast jaintia hillseast jaintia hillseast khasi hillseast khasi hillseast khasi hillseast khasi hillseast khasi hillsnorth garo hillsnorth garo hillsnorth garo hillsnorth garo hillsnorth garo hillsri bhoiri bhoiri bhoiri bhoiri bhoisouth garo hillssouth garo hillssouth garo hillssouth garo hillssouth garo hillssouth west garo hillssouth west garo hillssouth west garo hillssouth west garo hillssouth west garo hillssouth west khasi hillssouth west khasi hillssouth west khasi hillssouth west khasi hillssouth west khasi hillswest garo hillswest garo hillswest garo hillswest garo hillswest garo hillswest jaintia hillswest jaintia hillswest jaintia hillswest jaintia hillswest jaintia hillswest khasi hillswest khasi hillswest khasi hillswest khasi hillswest khasi hillsaizawlaizawlaizawlaizawlaizawlchamphaichamphaichamphaichamphaichamphaikolasibkolasibkolasibkolasibkolasiblawngtlailawngtlailawngtlailawngtlailawngtlailungleilungleilungleilungleilungleimamitmamitmamitmamitmamitsaihasaihasaihasaihasaihaserchhipserchhipserchhipserchhipserchhipdimapurdimapurdimapurdimapurdimapurkiphirekiphirekiphirekiphirekiphirekohimakohimakohimakohimakohimalonglenglonglenglonglenglonglenglonglengmokokchungmokokchungmokokchungmokokchungmokokchungmonmonmonmonmonperenperenperenperenperenphekphekphekphekphektuensangtuensangtuensangtuensangtuensangwokhawokhawokhawokhawokhazunhebotozunhebotozunhebotozunhebotozunhebotokaraikalkaraikalkaraikalkaraikalkaraikalpondicherrypondicherrypondicherrypondicherrypondicherryyanamyanamyanamyanamyanameast districteast districteast districteast districteast districtnorth districtnorth districtnorth districtnorth districtnorth districtsouth districtsouth districtsouth districtsouth districtsouth districtwest districtwest districtwest districtwest districtwest districtadilabadadilabadadilabadadilabadadilabadbhadradribhadradribhadradribhadradribhadradrihanumakondahanumakondahanumakondahanumakondahanumakondajagitialjagitialjagitialjagitialjagitialjangoanjangoanjangoanjangoanjangoanjayashankarjayashankarjayashankarjayashankarjayashankarjogulambajogulambajogulambajogulambajogulambakamareddykamareddykamareddykamareddykamareddykarimnagarkarimnagarkarimnagarkarimnagarkarimnagarkhammamkhammamkhammamkhammamkhammamkomaram bheem asifabadkomaram bheem asifabadkomaram bheem asifabadkomaram bheem asifabadkomaram bheem asifabadmahabubabadmahabubabadmahabubabadmahabubabadmahabubabadmahbubnagarmahbubnagarmahbubnagarmahbubnagarmahbubnagarmancherialmancherialmancherialmancherialmancherialmedakmedakmedakmedakmedakmedchal malkajgirimedchal malkajgirimedchal malkajgirimedchal malkajgirimedchal malkajgirinagarkurnoolnagarkurnoolnagarkurnoolnagarkurnoolnagarkurnoolnalgondanalgondanalgondanalgondanalgondanirmalnirmalnirmalnirmalnirmalnizamabadnizamabadnizamabadnizamabadnizamabadpeddapallipeddapallipeddapallipeddapallipeddapallirajannarajannarajannarajannarajannarangareddirangareddirangareddirangareddirangareddisangareddysangareddysangareddysangareddysangareddysiddipetsiddipetsiddipetsiddipetsiddipetsuryapetsuryapetsuryapetsuryapetsuryapetvikarabadvikarabadvikarabadvikarabadvikarabadwanaparthywanaparthywanaparthywanaparthywanaparthywarangalwarangalwarangalwarangalwarangalyadadriyadadriyadadriyadadriyadadridhalaidhalaidhalaidhalaidhalaigomatigomatigomatigomatigomatikhowaikhowaikhowaikhowaikhowainorth tripuranorth tripuranorth tripuranorth tripuranorth tripurasepahijalasepahijalasepahijalasepahijalasepahijalasouth tripurasouth tripurasouth tripurasouth tripurasouth tripuraunakotiunakotiunakotiunakotiunakotiwest tripurawest tripurawest tripurawest tripurawest tripura,ricemaizebajraragijowarricemaizebajraragijowarricemaizebajraragijowarricemaizebajraragijowarricemaizebajraragijowarricemaizebajraragijowarricemaizebajraragijowarricemaizebajraragijowarricemaizebajraragijowarricemaizebajraragijowarricemaizebajraragijowarricemaizebajraragijowarricemaizebajraragijowarricemaizebajraragijowarricemaizebajraragijowarricemaizebajraragijowarricemaizebajraragijowarricemaizebajraragijowarricemaizebajraragijowarricemaizebajraragijowarricemaizebajraragijowarricemaizebajraragijowarricemaizebajraragijowarricemaizebajraragijowarricemaizebajraragijowarricemaizebajraragijowarricemaizebajraragijowarricemaizebajraragijowarricemaizebajraragijowarricemaizebajraragijowarricemaizebajraragijowarricemaizebajraragijowarricemaizebajraragijowarricemaizebajraragijowarricemaizebajraragijowarricemaizebajraragijowarricemaizebajraragijowarricemaizebajraragijowarricemaizebajraragijowarricemaizebajraragijowarricemaizebajraragijowarricemaizebajraragijowarricemaizebajraragijowarricemaizebajraragijowarricemaizebajraragijowarricemaizebajraragijowarricemaizebajraragijowarricemaizebajraragijowarricemaizebajraragijowarricemaizebajraragijowarricemaizebajraragijowarricemaizebajraragijowarricemaizebajraragijowarricemaizebajraragijowarricemaizebajraragijowarricemaizebajraragijowarricemaizebajraragijowarricemaizebajraragijowarricemaizebajraragijowarricemaizebajraragijowarricemaizebajraragijowarricemaizebajraragijowarricemaizebajraragijowarricemaizebajraragijowarricemaizebajraragijowarricemaizebajraragijowarricemaizebajraragijowarricemaizebajraragijowarricemaizebajraragijowarricemaizebajraragijowarricemaizebajraragijowarricemaizebajraragijowarricemaizebajraragijowarricemaizebajraragijowarricemaizebajraragijowarricemaizebajraragijowarricemaizebajraragijowarricemaizebajraragijowarricemaizebajraragijowarricemaizebajraragijowarricemaizebajraragijowarricemaizebajraragijowarricemaizebajraragijowarricemaizebajraragijowarricemaizebajraragijowarricemaizebajraragijowarricemaizebajraragijowarricemaizebajraragijowarricemaizebajraragijowarricemaizebajraragijowarricemaizebajraragijowarricemaizebajraragijowarricemaizebajraragijowarricemaizebajraragijowarricemaizebajraragijowarricemaizebajraragijowarricemaizebajraragijowarricemaizebajraragijowarricemaizebajraragijowarricemaizebajraragijowarricemaizebajraragijowarricemaizebajraragijowarricemaizebajraragijowarricemaizebajraragijowarricemaizebajraragijowarricemaizebajraragijowarricemaizebajraragijowarricemaizebajraragijowarricemaizebajraragijowarricemaizebajraragijowarricemaizebajraragijowarricemaizebajraragijowarricemaizebajraragijowarricemaizebajraragijowarricemaizebajraragijowarricemaizebajraragijowarricemaizebajraragijowarricemaizebajraragijowarricemaizebajraragijowarricemaizebajraragijowarricemaizebajraragijowarricemaizebajraragijowarricemaizebajraragijowarricemaizebajraragijowarricemaizebajraragijowarricemaizebajraragijowarricemaizebajraragijowarricemaizebajraragijowarricemaizebajraragijowarricemaizebajraragijowarricemaizebajraragijowarricemaizebajraragijowarricemaizebajraragijowarricemaizebajraragijowarricemaizebajraragijowarricemaizebajraragijowarricemaizebajraragijowarricemaizebajraragijowarricemaizebajraragijowarricemaizebajraragijowarricemaizebajraragijowarricemaizebajraragijowarricemaizebajraragijowarricemaizebajraragijowarricemaizebajraragijowarricemaizebajraragijowarricemaizebajraragijowarricemaizebajraragijowarricemaizebajraragijowarricemaizebajraragijowarricemaizebajraragijowarricemaizebajraragijowarricemaizebajraragijowarricemaizebajraragijowarricemaizebajraragijowarricemaizebajraragijowarricemaizebajraragijowarricemaizebajraragijowarricemaizebajraragijowarricemaizebajraragijowarricemaizebajraragijowarricemaizebajraragijowarricemaizebajraragijowarricemaizebajraragijowarricemaizebajraragijowarricemaizebajraragijowarricemaizebajraragijowarricemaizebajraragijowarricemaizebajraragijowarricemaizebajraragijowarricemaizebajraragijowarricemaizebajraragijowarricemaizebajraragijowarricemaizebajraragijowarricemaizebajraragijowarricemaizebajraragijowarricemaizebajraragijowarricemaizebajraragijowarricemaizebajraragijowarricemaizebajraragijowarricemaizebajraragijowarricemaizebajraragijowarricemaizebajraragijowarricemaizebajraragijowarricemaizebajraragijowarricemaizebajraragijowarricemaizebajraragijowarricemaizebajraragijowarricemaizebajraragijowarricemaizebajraragijowarricemaizebajraragijowarricemaizebajraragijowarricemaizebajraragijowarricemaizebajraragijowarricemaizebajraragijowarricemaizebajraragijowarricemaizebajraragijowarricemaizebajraragijowarricemaizebajraragijowarricemaizebajraragijowarricemaizebajraragijowarricemaizebajraragijowarricemaizebajraragijowarricemaizebajraragijowarricemaizebajraragijowarricemaizebajraragijowarricemaizebajraragijowarricemaizebajraragijowarricemaizebajraragijowarricemaizebajraragijowarricemaizebajraragijowarricemaizebajraragijowarricemaizebajraragijowarricemaizebajraragijowarricemaizebajraragijowarricemaizebajraragijowarricemaizebajraragijowarricemaizebajraragijowarricemaizebajraragijowarricemaizebajraragijowarricemaizebajraragijowarricemaizebajraragijowarricemaizebajraragijowarricemaizebajraragijowarricemaizebajraragijowarricemaizebajraragijowarricemaizebajraragijowarricemaizebajraragijowarricemaizebajraragijowarricemaizebajraragijowarricemaizebajraragijowarricemaizebajraragijowarricemaizebajraragijowarricemaizebajraragijowarricemaizebajraragijowarricemaizebajraragijowarricemaizebajraragijowarricemaizebajraragijowarricemaizebajraragijowarricemaizebajraragijowarricemaizebajraragijowarricemaizebajraragijowarricemaizebajraragijowarricemaizebajraragijowarricemaizebajraragijowarricemaizebajraragijowarricemaizebajraragijowarricemaizebajraragijowarricemaizebajraragijowarricemaizebajraragijowarricemaizebajraragijowarricemaizebajraragijowarricemaizebajraragijowarricemaizebajraragijowarricemaizebajraragijowarricemaizebajraragijowarricemaizebajraragijowarricemaizebajraragijowarricemaizebajraragijowarricemaizebajraragijowarricemaizebajraragijowarricemaizebajraragijowarricemaizebajraragijowarricemaizebajraragijowarricemaizebajraragijowarricemaizebajraragijowarricemaizebajraragijowarricemaizebajraragijowarricemaizebajraragijowarricemaizebajraragijowarricemaizebajraragijowarricemaizebajraragijowarricemaizebajraragijowarricemaizebajraragijowarricemaizebajraragijowarricemaizebajraragijowarricemaizebajraragijowarricemaizebajraragijowarricemaizebajraragijowarricemaizebajraragijowarricemaizebajraragijowarricemaizebajraragijowarricemaizebajraragijowarricemaizebajraragijowarricemaizebajraragijowarricemaizebajraragijowarricemaizebajraragijowarricemaizebajraragijowarricemaizebajraragijowarricemaizebajraragijowarricemaizebajraragijowarricemaizebajraragijowarricemaizebajraragijowarricemaizebajraragijowarricemaizebajraragijowarricemaizebajraragijowarricemaizebajraragijowarricemaizebajraragijowarricemaizebajraragijowarricemaizebajraragijowarricemaizebajraragijowarricemaizebajraragijowarricemaizebajraragijowarricemaizebajraragijowarricemaizebajraragijowarricemaizebajraragijowarricemaizebajraragijowarricemaizebajraragijowarricemaizebajraragijowarricemaizebajraragijowarricemaizebajraragijowarricemaizebajraragijowarricemaizebajraragijowarricemaizebajraragijowarricemaizebajraragijowarricemaizebajraragijowarricemaizebajraragijowarricemaizebajraragijowarricemaizebajraragijowarricemaizebajraragijowarricemaizebajraragijowarricemaizebajraragijowarricemaizebajraragijowarricemaizebajraragijowarricemaizebajraragijowarricemaizebajraragijowarricemaizebajraragijowarricemaizebajraragijowarricemaizebajraragijowarricemaizebajraragijowarricemaizebajraragijowarricemaizebajraragijowarricemaizebajraragijowarricemaizebajraragijowarricemaizebajraragijowarricemaizebajraragijowarricemaizebajraragijowarricemaizebajraragijowarricemaizebajraragijowarricemaizebajraragijowarricemaizebajraragijowarricemaizebajraragijowarricemaizebajraragijowarricemaizebajraragijowarricemaizebajraragijowarricemaizebajraragijowarricemaizebajraragijowarricemaizebajraragijowarricemaizebajraragijowarricemaizebajraragijowarricemaizebajraragijowarricemaizebajraragijowarricemaizebajraragijowarricemaizebajraragijowarricemaizebajraragijowarricemaizebajraragijowarricemaizebajraragijowarricemaizebajraragijowarricemaizebajraragijowarricemaizebajraragijowarricemaizebajraragijowarricemaizebajraragijowarricemaizebajraragijowarricemaizebajraragijowarricemaizebajraragijowarricemaizebajraragijowarricemaizebajraragijowarricemaizebajraragijowarricemaizebajraragijowarricemaizebajraragijowarricemaizebajraragijowarricemaizebajraragijowarricemaizebajraragijowarricemaizebajraragijowarricemaizebajraragijowarricemaizebajraragijowarricemaizebajraragijowarricemaizebajraragijowarricemaizebajraragijowarricemaizebajraragijowarricemaizebajraragijowarricemaizebajraragijowarricemaizebajraragijowarricemaizebajraragijowarricemaizebajraragijowarricemaizebajraragijowarricemaizebajraragijowarricemaizebajraragijowarricemaizebajraragijowarricemaizebajraragijowarricemaizebajraragijowarricemaizebajraragijowarricemaizebajraragijowarricemaizebajraragijowarricemaizebajraragijowarricemaizebajraragijowarricemaizebajraragijowarricemaizebajraragijowarricemaizebajraragijowarricemaizebajraragijowarricemaizebajraragijowarricemaizebajraragijowarricemaizebajraragijowarricemaizebajraragijowarricemaizebajraragijowarricemaizebajraragijowarricemaizebajraragijowarricemaizebajraragijowarricemaizebajraragijowarricemaizebajraragijowarricemaizebajraragijowarricemaizebajraragijowarricemaizebajraragijowarricemaizebajraragijowarricemaizebajraragijowarricemaizebajraragijowarricemaizebajraragijowarricemaizebajraragijowarricemaizebajraragijowarricemaizebajraragijowarricemaizebajraragijowarricemaizebajraragijowarricemaizebajraragijowarricemaizebajraragijowarricemaizebajraragijowarricemaizebajraragijowarricemaizebajraragijowarricemaizebajraragijowarricemaizebajraragijowarricemaizebajraragijowarricemaizebajraragijowarricemaizebajraragijowarricemaizebajraragijowarricemaizebajraragijowarricemaizebajraragijowarricemaizebajraragijowarricemaizebajraragijowarricemaizebajraragijowarricemaizebajraragijowarricemaizebajraragijowarricemaizebajraragijowarricemaizebajraragijowarricemaizebajraragijowarricemaizebajraragijowarricemaizebajraragijowarricemaizebajraragijowarricemaizebajraragijowarricemaizebajraragijowarricemaizebajraragijowarricemaizebajraragijowarricemaizebajraragijowarricemaizebajraragijowarricemaizebajraragijowarricemaizebajraragijowarricemaizebajraragijowarricemaizebajraragijowarricemaizebajraragijowarricemaizebajraragijowarricemaizebajraragijowarricemaizebajraragijowarricemaizebajraragijowarricemaizebajraragijowarricemaizebajraragijowarricemaizebajraragijowarricemaizebajraragijowarricemaizebajraragijowarricemaizebajraragijowarricemaizebajraragijowarricemaizebajraragijowarricemaizebajraragijowarricemaizebajraragijowarricemaizebajraragijowarricemaizebajraragijowarricemaizebajraragijowarricemaizebajraragijowarricemaizebajraragijowarricemaizebajraragijowarricemaizebajraragijowarricemaizebajraragijowarricemaizebajraragijowarricemaizebajraragijowarricemaizebajraragijowarricemaizebajraragijowarricemaizebajraragijowarricemaizebajraragijowarricemaizebajraragijowarricemaizebajraragijowarricemaizebajraragijowarricemaizebajraragijowarricemaizebajraragijowarricemaizebajraragijowarricemaizebajraragijowarricemaizebajraragijowarricemaizebajraragijowarricemaizebajraragijowarricemaizebajraragijowarricemaizebajraragijowarricemaizebajraragijowarricemaizebajraragijowarricemaizebajraragijowarricemaizebajraragijowarricemaizebajraragijowarricemaizebajraragijowarricemaizebajraragijowarricemaizebajraragijowarricemaizebajraragijowarricemaizebajraragijowarricemaizebajraragijowarricemaizebajraragijowarricemaizebajraragijowarricemaizebajraragijowarricemaizebajraragijowarricemaizebajraragijowarricemaizebajraragijowarricemaizebajraragijowarricemaizebajraragijowarricemaizebajraragijowarricemaizebajraragijowarricemaizebajraragijowarricemaizebajraragijowarricemaizebajraragijowarricemaizebajraragijowarricemaizebajraragijowarricemaizebajraragijowarricemaizebajraragijowarricemaizebajraragijowarricemaizebajraragijowarricemaizebajraragijowarricemaizebajraragijowarricemaizebajraragijowarricemaizebajraragijowarricemaizebajraragijowarricemaizebajraragijowarricemaizebajraragijowarricemaizebajraragijowarricemaizebajraragijowarricemaizebajraragijowarricemaizebajraragijowarricemaizebajraragijowarricemaizebajraragijowarricemaizebajraragijowarricemaizebajraragijowarricemaizebajraragijowarricemaizebajraragijowarricemaizebajraragijowarricemaizebajraragijowarricemaizebajraragijowarricemaizebajraragijowarricemaizebajraragijowarricemaizebajraragijowarricemaizebajraragijowarricemaizebajraragijowarricemaizebajraragijowarricemaizebajraragijowarricemaizebajraragijowarricemaizebajraragijowarricemaizebajraragijowarricemaizebajraragijowarricemaizebajraragijowarricemaizebajraragijowarricemaizebajraragijowarricemaizebajraragijowarricemaizebajraragijowarricemaizebajraragijowarricemaizebajraragijowarricemaizebajraragijowarricemaizebajraragijowarricemaizebajraragijowarricemaizebajraragijowarricemaizebajraragijowarricemaizebajraragijowarricemaizebajraragijowarricemaizebajraragijowarricemaizebajraragijowarricemaizebajraragijowarricemaizebajraragijowarricemaizebajraragijowarricemaizebajraragijowarricemaizebajraragijowarricemaizebajraragijowarricemaizebajraragijowarricemaizebajraragijowarricemaizebajraragijowarricemaizebajraragijowarricemaizebajraragijowarricemaizebajraragijowarricemaizebajraragijowarricemaizebajraragijowarricemaizebajraragijowarricemaizebajraragijowarricemaizebajraragijowarricemaizebajraragijowarricemaizebajraragijowarricemaizebajraragijowarricemaizebajraragijowarricemaizebajraragijowarricemaizebajraragijowarricemaizebajraragijowarricemaizebajraragijowarricemaizebajraragijowarricemaizebajraragijowarricemaizebajraragijowarricemaizebajraragijowarricemaizebajraragijowarricemaizebajraragijowarricemaizebajraragijowarricemaizebajraragijowarricemaizebajraragijowarricemaizebajraragijowarricemaizebajraragijowarricemaizebajraragijowarricemaizebajraragijowarricemaizebajraragijowarricemaizebajraragijowarricemaizebajraragijowarricemaizebajraragijowarricemaizebajraragijowarricemaizebajraragijowarricemaizebajraragijowarricemaizebajraragijowarricemaizebajraragijowarricemaizebajraragijowarricemaizebajraragijowarricemaizebajraragijowarricemaizebajraragijowarricemaizebajraragijowarricemaizebajraragijowarricemaizebajraragijowarricemaizebajraragijowarricemaizebajraragijowarricemaizebajraragijowarricemaizebajraragijowarricemaizebajraragijowarricemaizebajraragijowarricemaizebajraragijowarricemaizebajraragijowarricemaizebajraragijowarricemaizebajraragijowarricemaizebajraragijowarricemaizebajraragijowarricemaizebajraragijowarricemaizebajraragijowarricemaizebajraragijowarricemaizebajraragijowarricemaizebajraragijowarricemaizebajraragijowarricemaizebajraragijowarricemaizebajraragijowarricemaizebajraragijowarricemaizebajraragijowarricemaizebajraragijowarricemaizebajraragijowarricemaizebajraragijowarricemaizebajraragijowarricemaizebajraragijowarricemaizebajraragijowarricemaizebajraragijowarricemaizebajraragijowarricemaizebajraragijowarricemaizebajraragijowarricemaizebajraragijowarricemaizebajraragijowarricemaizebajraragijowarricemaizebajraragijowarricemaizebajraragijowarricemaizebajraragijowarricemaizebajraragijowarricemaizebajraragijowarricemaizebajraragijowarricemaizebajraragijowarricemaizebajraragijowarricemaizebajraragijowarricemaizebajraragijowarricemaizebajraragijowarricemaizebajraragijowarricemaizebajraragijowarricemaizebajraragijowarricemaizebajraragijowarricemaizebajraragijowarricemaizebajraragijowarricemaizebajraragijowarricemaizebajraragijowarricemaizebajraragijowarricemaizebajraragijowarricemaizebajraragijowarricemaizebajraragijowarricemaizebajraragijowarricemaizebajraragijowarricemaizebajraragijowarricemaizebajraragijowarricemaizebajraragijowarricemaizebajraragijowarricemaizebajraragijowarricemaizebajraragijowarricemaizebajraragijowarricemaizebajraragijowarricemaizebajraragijowarricemaizebajraragijowarricemaizebajraragijowarricemaizebajraragijowarricemaizebajraragijowarricemaizebajraragijowarricemaizebajraragijowarricemaizebajraragijowarricemaizebajraragijowarricemaizebajraragijowarricemaizebajraragijowar,5834194.004,5834194.0,156794.684259,7072013515.522343,6272133000.243788,374283560.09462523,419131946.9503267,110886990.14671676,119576395.41160643,255202164.12815958,310415699.54573864,82863203.59334089,95185337.91067675,24329575078903.938,21715167640853.355,1562021.1206506582,2839570.8017825177,38101683.10433422,46345063.94217878,9314878.990677824,11330173.03341946,12821279025.37454,68729057047.85551,-2927282739.9538035,-2921072180.463382,5834194.0,81.34518415341101,17.78696615486213,12.945412169360708,10.70030265696178,7.266823217892595,-12.039545267576123,-0.21261232543170383,44.99094300905926,17.786966154862135,17.786966154862142
25,sikkim,ariyalurariyalurariyalurariyalurariyalurcoimbatorecoimbatorecoimbatorecoimbatorecoimbatorecuddalorecuddalorecuddalorecuddalorecuddaloredharmapuridharmapuridharmapuridharmapuridharmapuridindiguldindiguldindiguldindiguldindigulerodeerodeerodeerodeerodekancheepuramkancheepuramkancheepuramkancheepuramkancheepuramkanniyakumarikanniyakumarikanniyakumarikanniyakumarikanniyakumarikarurkarurkarurkarurkarurkrishnagirikrishnagirikrishnagirikrishnagirikrishnagirimaduraimaduraimaduraimaduraimadurainagappattinamnagappattinamnagappattinamnagappattinamnagappattinamnamakkalnamakkalnamakkalnamakkalnamakkalperambalurperambalurperambalurperambalurperambalurpudukkottaipudukkottaipudukkottaipudukkottaipudukkottairamanathapuramramanathapuramramanathapuramramanathapuramramanathapuramsalemsalemsalemsalemsalemsivagangasivagangasivagangasivagangasivagangathanjavurthanjavurthanjavurthanjavurthanjavurthe nilgiristhe nilgiristhe nilgiristhe nilgiristhe nilgiristhenithenithenithenithenithiruvallurthiruvallurthiruvallurthiruvallurthiruvallurthiruvarurthiruvarurthiruvarurthiruvarurthiruvarurtiruchirappallitiruchirappallitiruchirappallitiruchirappallitiruchirappallitirunelvelitirunelvelitirunelvelitirunelvelitirunelvelitiruppurtiruppurtiruppurtiruppurtiruppurtiruvannamalaitiruvannamalaitiruvannamalaitiruvannamalaitiruvannamalaituticorintuticorintuticorintuticorintuticorinvellorevellorevellorevellorevelloreviluppuramviluppuramviluppuramviluppuramviluppuramvirudhunagarvirudhunagarvirudhunagarvirudhunagarvirudhunagaramritsaramritsaramritsaramritsaramritsarbarnalabarnalabarnalabarnalabarnalabathindabathindabathindabathindabathindafaridkotfaridkotfaridkotfaridkotfaridkotfatehgarh sahibfatehgarh sahibfatehgarh sahibfatehgarh sahibfatehgarh sahibfazilkafazilkafazilkafazilkafazilkafirozpurfirozpurfirozpurfirozpurfirozpurgurdaspurgurdaspurgurdaspurgurdaspurgurdaspurhoshiarpurhoshiarpurhoshiarpurhoshiarpurhoshiarpurjalandharjalandharjalandharjalandharjalandharkapurthalakapurthalakapurthalakapurthalakapurthalaludhianaludhianaludhianaludhianaludhianamansamansamansamansamansamogamogamogamogamogamuktsarmuktsarmuktsarmuktsarmuktsarpathankotpathankotpathankotpathankotpathankotpatialapatialapatialapatialapatialarupnagarrupnagarrupnagarrupnagarrupnagarsangrursangrursangrursangrursangrurshahid bhagat singh nagarshahid bhagat singh nagarshahid bhagat singh nagarshahid bhagat singh nagarshahid bhagat singh nagartarn tarantarn tarantarn tarantarn tarantarn taranambalaambalaambalaambalaambalabhiwanibhiwanibhiwanibhiwanibhiwanicharki dadricharki dadricharki dadricharki dadricharki dadrifaridabadfaridabadfaridabadfaridabadfaridabadfatehabadfatehabadfatehabadfatehabadfatehabadgurgaongurgaongurgaongurgaongurgaonhisarhisarhisarhisarhisarjhajjarjhajjarjhajjarjhajjarjhajjarjindjindjindjindjindkaithalkaithalkaithalkaithalkaithalkarnalkarnalkarnalkarnalkarnalkurukshetrakurukshetrakurukshetrakurukshetrakurukshetramewatmewatmewatmewatmewatpalwalpalwalpalwalpalwalpalwalpanchkulapanchkulapanchkulapanchkulapanchkulapanipatpanipatpanipatpanipatpanipatrewarirewarirewarirewarirewarirohtakrohtakrohtakrohtakrohtaksirsasirsasirsasirsasirsasonipatsonipatsonipatsonipatsonipatyamunanagaryamunanagaryamunanagaryamunanagaryamunanagaranantapuranantapuranantapuranantapuranantapurchittoorchittoorchittoorchittoorchittooreast godavarieast godavarieast godavarieast godavarieast godavarigunturgunturgunturgunturgunturkadapakadapakadapakadapakadapakrishnakrishnakrishnakrishnakrishnakurnoolkurnoolkurnoolkurnoolkurnoolprakasamprakasamprakasamprakasamprakasamnellorenellorenellorenellorenelloresrikakulamsrikakulamsrikakulamsrikakulamsrikakulamvisakhapatnamvisakhapatnamvisakhapatnamvisakhapatnamvisakhapatnamvizianagaramvizianagaramvizianagaramvizianagaramvizianagaramwest godavariwest godavariwest godavariwest godavariwest godavariballariballariballariballariballaribangalore ruralbangalore ruralbangalore ruralbangalore ruralbangalore ruralbelagavibelagavibelagavibelagavibelagavibengaluru urbanbengaluru urbanbengaluru urbanbengaluru urbanbengaluru urbanbidarbidarbidarbidarbidarchamarajanagarachamarajanagarachamarajanagarachamarajanagarachamarajanagarachikkaballapurachikkaballapurachikkaballapurachikkaballapurachikkaballapurachikmagalurchikmagalurchikmagalurchikmagalurchikmagalurchitradurgachitradurgachitradurgachitradurgachitradurgadakshina kannadadakshina kannadadakshina kannadadakshina kannadadakshina kannadadavangeredavangeredavangeredavangeredavangeredharwaddharwaddharwaddharwaddharwadgadaggadaggadaggadaggadaghassanhassanhassanhassanhassanhaverihaverihaverihaverihaverikalaburagikalaburagikalaburagikalaburagikalaburagikodagukodagukodagukodagukodagukolarkolarkolarkolarkolarkoppalkoppalkoppalkoppalkoppalmandyamandyamandyamandyamandyamysurumysurumysurumysurumysururaichurraichurraichurraichurraichurramanagararamanagararamanagararamanagararamanagarashivamoggashivamoggashivamoggashivamoggashivamoggatumakurutumakurutumakurutumakurutumakuruudupiudupiudupiudupiudupiuttara kannadauttara kannadauttara kannadauttara kannadauttara kannadavijayapuravijayapuravijayapuravijayapuravijayapurayadgiryadgiryadgiryadgiryadgiralmoraalmoraalmoraalmoraalmorabageshwarbageshwarbageshwarbageshwarbageshwarchamolichamolichamolichamolichamolichampawatchampawatchampawatchampawatchampawatdehradundehradundehradundehradundehradunhardwarhardwarhardwarhardwarhardwarnainitalnainitalnainitalnainitalnainitalpauri garhwalpauri garhwalpauri garhwalpauri garhwalpauri garhwalpithoragarhpithoragarhpithoragarhpithoragarhpithoragarhrudra prayagrudra prayagrudra prayagrudra prayagrudra prayagtehri garhwaltehri garhwaltehri garhwaltehri garhwaltehri garhwaludham singh nagarudham singh nagarudham singh nagarudham singh nagarudham singh nagaruttar kashiuttar kashiuttar kashiuttar kashiuttar kashispsr nellorespsr nellorespsr nellorespsr nellorespsr nellorevisakhapatanamvisakhapatanamvisakhapatanamvisakhapatanamvisakhapatanamparaganas northparaganas northparaganas northparaganas northparaganas northparaganas southparaganas southparaganas southparaganas southparaganas southalipurduaralipurduaralipurduaralipurduaralipurduarbankurabankurabankurabankurabankurabirbhumbirbhumbirbhumbirbhumbirbhumcoochbeharcoochbeharcoochbeharcoochbeharcoochbehardarjeelingdarjeelingdarjeelingdarjeelingdarjeelingdakshin dinajpurdakshin dinajpurdakshin dinajpurdakshin dinajpurdakshin dinajpuruttar dinajpuruttar dinajpuruttar dinajpuruttar dinajpuruttar dinajpurhooghlyhooghlyhooghlyhooghlyhooghlyhowrahhowrahhowrahhowrahhowrahjalpaigurijalpaigurijalpaigurijalpaigurijalpaigurijhargramjhargramjhargramjhargramjhargramkalimpongkalimpongkalimpongkalimpongkalimpongmaldahmaldahmaldahmaldahmaldahmedinipur eastmedinipur eastmedinipur eastmedinipur eastmedinipur eastmedinipur westmedinipur westmedinipur westmedinipur westmedinipur westmurshidabadmurshidabadmurshidabadmurshidabadmurshidabadnadianadianadianadianadiabarddhamanbarddhamanbarddhamanbarddhamanbarddhamanpuruliyapuruliyapuruliyapuruliyapuruliyaalappuzhaalappuzhaalappuzhaalappuzhaalappuzhaernakulamernakulamernakulamernakulamernakulamidukkiidukkiidukkiidukkiidukkikannurkannurkannurkannurkannurkasaragodkasaragodkasaragodkasaragodkasaragodkollamkollamkollamkollamkollamkottayamkottayamkottayamkottayamkottayamkozhikodekozhikodekozhikodekozhikodekozhikodemalappurammalappurammalappurammalappurammalappurampalakkadpalakkadpalakkadpalakkadpalakkadpathanamthittapathanamthittapathanamthittapathanamthittapathanamthittathiruvananthapuramthiruvananthapuramthiruvananthapuramthiruvananthapuramthiruvananthapuramthrissurthrissurthrissurthrissurthrissurwayanadwayanadwayanadwayanadwayanadbagalkotbagalkotbagalkotbagalkotbagalkotchikballapurachikballapurachikballapurachikballapurachikballapurachikkamagaluruchikkamagaluruchikkamagaluruchikkamagaluruchikkamagalurudavanageredavanageredavanageredavanageredavanagereyadagiriyadagiriyadagiriyadagiriyadagiriagraagraagraagraagraaligarhaligarhaligarhaligarhaligarhallahabadallahabadallahabadallahabadallahabadambedkar nagarambedkar nagarambedkar nagarambedkar nagarambedkar nagaramethiamethiamethiamethiamethiamrohaamrohaamrohaamrohaamrohaauraiyaauraiyaauraiyaauraiyaauraiyaazamgarhazamgarhazamgarhazamgarhazamgarhbaghpatbaghpatbaghpatbaghpatbaghpatbahraichbahraichbahraichbahraichbahraichballiaballiaballiaballiaballiabalrampurbalrampurbalrampurbalrampurbalrampurbandabandabandabandabandabarabankibarabankibarabankibarabankibarabankibareillybareillybareillybareillybareillybastibastibastibastibastibijnorbijnorbijnorbijnorbijnorbudaunbudaunbudaunbudaunbudaunbulandshahrbulandshahrbulandshahrbulandshahrbulandshahrchandaulichandaulichandaulichandaulichandaulichitrakootchitrakootchitrakootchitrakootchitrakootdeoriadeoriadeoriadeoriadeoriaetahetahetahetahetahetawahetawahetawahetawahetawahfaizabadfaizabadfaizabadfaizabadfaizabadfarrukhabadfarrukhabadfarrukhabadfarrukhabadfarrukhabadfatehpurfatehpurfatehpurfatehpurfatehpurfirozabadfirozabadfirozabadfirozabadfirozabadkanpur nagarkanpur nagarkanpur nagarkanpur nagarkanpur nagarghaziabadghaziabadghaziabadghaziabadghaziabadghazipurghazipurghazipurghazipurghazipurgondagondagondagondagondagorakhpurgorakhpurgorakhpurgorakhpurgorakhpurhamirpurhamirpurhamirpurhamirpurhamirpurhapurhapurhapurhapurhapurhardoihardoihardoihardoihardoihathrashathrashathrashathrashathrasjalaunjalaunjalaunjalaunjalaunjaunpurjaunpurjaunpurjaunpurjaunpurjhansijhansijhansijhansijhansikannaujkannaujkannaujkannaujkannaujkanpur dehatkanpur dehatkanpur dehatkanpur dehatkanpur dehatkasganjkasganjkasganjkasganjkasganjkaushambikaushambikaushambikaushambikaushambilakhimpur kherilakhimpur kherilakhimpur kherilakhimpur kherilakhimpur kherikushinagarkushinagarkushinagarkushinagarkushinagarlalitpurlalitpurlalitpurlalitpurlalitpurlucknowlucknowlucknowlucknowlucknowmaharajganjmaharajganjmaharajganjmaharajganjmaharajganjmahobamahobamahobamahobamahobamainpurimainpurimainpurimainpurimainpurimathuramathuramathuramathuramathuramaumaumaumaumaumeerutmeerutmeerutmeerutmeerutmirzapurmirzapurmirzapurmirzapurmirzapurmoradabadmoradabadmoradabadmoradabadmoradabadmuzaffarnagarmuzaffarnagarmuzaffarnagarmuzaffarnagarmuzaffarnagarpilibhitpilibhitpilibhitpilibhitpilibhitpratapgarhpratapgarhpratapgarhpratapgarhpratapgarhrae barelirae barelirae barelirae barelirae barelirampurrampurrampurrampurrampursaharanpursaharanpursaharanpursaharanpursaharanpursambhalsambhalsambhalsambhalsambhalsant kabeer nagarsant kabeer nagarsant kabeer nagarsant kabeer nagarsant kabeer nagarsant ravi das nagarsant ravi das nagarsant ravi das nagarsant ravi das nagarsant ravi das nagarshahajahanpurshahajahanpurshahajahanpurshahajahanpurshahajahanpurshamlishamlishamlishamlishamlishravastishravastishravastishravastishravastisiddharth nagarsiddharth nagarsiddharth nagarsiddharth nagarsiddharth nagarsitapursitapursitapursitapursitapursonbhadrasonbhadrasonbhadrasonbhadrasonbhadrasultanpursultanpursultanpursultanpursultanpurunnaounnaounnaounnaounnaovaranasivaranasivaranasivaranasivaranasiahmednagarahmednagarahmednagarahmednagarahmednagaramravatiamravatiamravatiamravatiamravatibeedbeedbeedbeedbeedbhandarabhandarabhandarabhandarabhandarachandrapurchandrapurchandrapurchandrapurchandrapurdhuledhuledhuledhuledhulegadchiroligadchiroligadchiroligadchiroligadchiroligondiagondiagondiagondiagondiakolhapurkolhapurkolhapurkolhapurkolhapurlaturlaturlaturlaturlaturnagpurnagpurnagpurnagpurnagpurnandednandednandednandednandednandurbarnandurbarnandurbarnandurbarnandurbarnashiknashiknashiknashiknashikosmanabadosmanabadosmanabadosmanabadosmanabadpalgharpalgharpalgharpalgharpalgharpunepunepunepunepuneraigadraigadraigadraigadraigadratnagiriratnagiriratnagiriratnagiriratnagirisanglisanglisanglisanglisanglisatarasatarasatarasatarasatarasindhudurgsindhudurgsindhudurgsindhudurgsindhudurgsolapursolapursolapursolapursolapurthanethanethanethanethaneanantnaganantnaganantnaganantnaganantnagbadgambadgambadgambadgambadgambandiporabandiporabandiporabandiporabandiporabaramullabaramullabaramullabaramullabaramulladodadodadodadodadodaganderbalganderbalganderbalganderbalganderbaljammujammujammujammujammukathuakathuakathuakathuakathuakishtwarkishtwarkishtwarkishtwarkishtwarkulgamkulgamkulgamkulgamkulgamkupwarakupwarakupwarakupwarakupwarapoonchpoonchpoonchpoonchpoonchpulwamapulwamapulwamapulwamapulwamarajaurirajaurirajaurirajaurirajaurirambanrambanrambanrambanrambanreasireasireasireasireasisambasambasambasambasambashopianshopianshopianshopianshopiansrinagarsrinagarsrinagarsrinagarsrinagarudhampurudhampurudhampurudhampurudhampurahmadabadahmadabadahmadabadahmadabadahmadabadanandanandanandanandanandaravalliaravalliaravalliaravalliaravallibharuchbharuchbharuchbharuchbharuchchhotaudepurchhotaudepurchhotaudepurchhotaudepurchhotaudepurdangdangdangdangdangdohaddohaddohaddohaddohadgandhinagargandhinagargandhinagargandhinagargandhinagarkhedakhedakhedakhedakhedamahesanamahesanamahesanamahesanamahesanamahisagarmahisagarmahisagarmahisagarmahisagarnarmadanarmadanarmadanarmadanarmadanavsarinavsarinavsarinavsarinavsaripanch mahalspanch mahalspanch mahalspanch mahalspanch mahalssabar kanthasabar kanthasabar kanthasabar kanthasabar kanthasuratsuratsuratsuratsuratsurendranagarsurendranagarsurendranagarsurendranagarsurendranagartapitapitapitapitapivadodaravadodaravadodaravadodaravadodaravalsadvalsadvalsadvalsadvalsadajmerajmerajmerajmerajmeralwaralwaralwaralwaralwarbanswarabanswarabanswarabanswarabanswarabaranbaranbaranbaranbaranbharatpurbharatpurbharatpurbharatpurbharatpurbhilwarabhilwarabhilwarabhilwarabhilwarabundibundibundibundibundichittorgarhchittorgarhchittorgarhchittorgarhchittorgarhdholpurdholpurdholpurdholpurdholpurdungarpurdungarpurdungarpurdungarpurdungarpurganganagarganganagarganganagarganganagarganganagarhanumangarhhanumangarhhanumangarhhanumangarhhanumangarhjhalawarjhalawarjhalawarjhalawarjhalawarkaraulikaraulikaraulikaraulikaraulikotakotakotakotakotarajsamandrajsamandrajsamandrajsamandrajsamandsawai madhopursawai madhopursawai madhopursawai madhopursawai madhopurtonktonktonktonktonkudaipurudaipurudaipurudaipurudaipurarariaarariaarariaarariaarariaarwalarwalarwalarwalarwalaurangabadaurangabadaurangabadaurangabadaurangabadbankabankabankabankabankabegusaraibegusaraibegusaraibegusaraibegusaraibhagalpurbhagalpurbhagalpurbhagalpurbhagalpurbhojpurbhojpurbhojpurbhojpurbhojpurbuxarbuxarbuxarbuxarbuxardarbhangadarbhangadarbhangadarbhangadarbhangagayagayagayagayagayagopalganjgopalganjgopalganjgopalganjgopalganjjamuijamuijamuijamuijamuijehanabadjehanabadjehanabadjehanabadjehanabadkaimurkaimurkaimurkaimurkaimurkatiharkatiharkatiharkatiharkatiharkhagariakhagariakhagariakhagariakhagariakishanganjkishanganjkishanganjkishanganjkishanganjlakhisarailakhisarailakhisarailakhisarailakhisaraimadhepuramadhepuramadhepuramadhepuramadhepuramadhubanimadhubanimadhubanimadhubanimadhubanimungermungermungermungermungermuzaffarpurmuzaffarpurmuzaffarpurmuzaffarpurmuzaffarpurnalandanalandanalandanalandanalandanawadanawadanawadanawadanawadapashchim champaranpashchim champaranpashchim champaranpashchim champaranpashchim champaranpatnapatnapatnapatnapatnapurbi champaranpurbi champaranpurbi champaranpurbi champaranpurbi champaranpurniapurniapurniapurniapurniarohtasrohtasrohtasrohtasrohtassaharsasaharsasaharsasaharsasaharsasamastipursamastipursamastipursamastipursamastipursaransaransaransaransaransheikhpurasheikhpurasheikhpurasheikhpurasheikhpurasheoharsheoharsheoharsheoharsheoharsitamarhisitamarhisitamarhisitamarhisitamarhisiwansiwansiwansiwansiwansupaulsupaulsupaulsupaulsupaulvaishalivaishalivaishalivaishalivaishalidinajpur dakshindinajpur dakshindinajpur dakshindinajpur dakshindinajpur dakshindinajpur uttardinajpur uttardinajpur uttardinajpur uttardinajpur uttarpaschim bardhamanpaschim bardhamanpaschim bardhamanpaschim bardhamanpaschim bardhamanpurba bardhamanpurba bardhamanpurba bardhamanpurba bardhamanpurba bardhamanpuruliapuruliapuruliapuruliapurulianagapattinamnagapattinamnagapattinamnagapattinamnagapattinamvirudunagarvirudunagarvirudunagarvirudunagarvirudunagaranugulanugulanugulanugulanugulbalangirbalangirbalangirbalangirbalangirbaleshwarbaleshwarbaleshwarbaleshwarbaleshwarbargarhbargarhbargarhbargarhbargarhbhadrakbhadrakbhadrakbhadrakbhadrakboudhboudhboudhboudhboudhcuttackcuttackcuttackcuttackcuttackdeogarhdeogarhdeogarhdeogarhdeogarhdhenkanaldhenkanaldhenkanaldhenkanaldhenkanalgajapatigajapatigajapatigajapatigajapatiganjamganjamganjamganjamganjamjagatsinghapurjagatsinghapurjagatsinghapurjagatsinghapurjagatsinghapurjajapurjajapurjajapurjajapurjajapurjharsugudajharsugudajharsugudajharsugudajharsugudakalahandikalahandikalahandikalahandikalahandikandhamalkandhamalkandhamalkandhamalkandhamalkendraparakendraparakendraparakendraparakendraparakendujharkendujharkendujharkendujharkendujharkhordhakhordhakhordhakhordhakhordhakoraputkoraputkoraputkoraputkoraputmalkangirimalkangirimalkangirimalkangirimalkangirimayurbhanjmayurbhanjmayurbhanjmayurbhanjmayurbhanjnabarangpurnabarangpurnabarangpurnabarangpurnabarangpurnayagarhnayagarhnayagarhnayagarhnayagarhnuapadanuapadanuapadanuapadanuapadapuripuripuripuripurirayagadarayagadarayagadarayagadarayagadasambalpursambalpursambalpursambalpursambalpursonepursonepursonepursonepursonepursundargarhsundargarhsundargarhsundargarhsundargarhbaksabaksabaksabaksabaksabarpetabarpetabarpetabarpetabarpetabongaigaonbongaigaonbongaigaonbongaigaonbongaigaoncacharcacharcacharcacharcacharchirangchirangchirangchirangchirangdarrangdarrangdarrangdarrangdarrangdhemajidhemajidhemajidhemajidhemajidhubridhubridhubridhubridhubridibrugarhdibrugarhdibrugarhdibrugarhdibrugarhdima hasaodima hasaodima hasaodima hasaodima hasaogoalparagoalparagoalparagoalparagoalparagolaghatgolaghatgolaghatgolaghatgolaghathailakandihailakandihailakandihailakandihailakandijorhatjorhatjorhatjorhatjorhatkamrupkamrupkamrupkamrupkamrupkarbi anglongkarbi anglongkarbi anglongkarbi anglongkarbi anglongkarimganjkarimganjkarimganjkarimganjkarimganjkokrajharkokrajharkokrajharkokrajharkokrajharlakhimpurlakhimpurlakhimpurlakhimpurlakhimpurmorigaonmorigaonmorigaonmorigaonmorigaonnagaonnagaonnagaonnagaonnagaonnalbarinalbarinalbarinalbarinalbarisivasagarsivasagarsivasagarsivasagarsivasagarsonitpursonitpursonitpursonitpursonitpurtinsukiatinsukiatinsukiatinsukiatinsukiaudalguriudalguriudalguriudalguriudalguribokarobokarobokarobokarobokarochatrachatrachatrachatrachatradeoghardeoghardeoghardeoghardeoghardhanbaddhanbaddhanbaddhanbaddhanbaddumkadumkadumkadumkadumkaeast singhbumeast singhbumeast singhbumeast singhbumeast singhbumgarhwagarhwagarhwagarhwagarhwagiridihgiridihgiridihgiridihgiridihgoddagoddagoddagoddagoddagumlagumlagumlagumlagumlahazaribaghhazaribaghhazaribaghhazaribaghhazaribaghjamtarajamtarajamtarajamtarajamtarakhuntikhuntikhuntikhuntikhuntikodermakodermakodermakodermakodermalateharlateharlateharlateharlateharlohardagalohardagalohardagalohardagalohardagapakurpakurpakurpakurpakurpalamupalamupalamupalamupalamuramgarhramgarhramgarhramgarhramgarhranchiranchiranchiranchiranchisahibganjsahibganjsahibganjsahibganjsahibganjsaraikelakharsawansaraikelakharsawansaraikelakharsawansaraikelakharsawansaraikelakharsawansimdegasimdegasimdegasimdegasimdegawest singhbhumwest singhbhumwest singhbhumwest singhbhumwest singhbhumbilaspurbilaspurbilaspurbilaspurbilaspurchambachambachambachambachambakangrakangrakangrakangrakangrakinnaurkinnaurkinnaurkinnaurkinnaurkullukullukullukullukullumandimandimandimandimandishimlashimlashimlashimlashimlasirmaursirmaursirmaursirmaursirmaursolansolansolansolansolanunaunaunaunaunakaimur (bhabua)kaimur (bhabua)kaimur (bhabua)kaimur (bhabua)kaimur (bhabua)baloda bazarbaloda bazarbaloda bazarbaloda bazarbaloda bazaruttar bastar kankeruttar bastar kankeruttar bastar kankeruttar bastar kankeruttar bastar kankerbemetarabemetarabemetarabemetarabemetarabijapurbijapurbijapurbijapurbijapurdantewadadantewadadantewadadantewadadantewadadhamtaridhamtaridhamtaridhamtaridhamtaridurgdurgdurgdurgdurggariabandgariabandgariabandgariabandgariabandjanjgirchampajanjgirchampajanjgirchampajanjgirchampajanjgirchampajashpurjashpurjashpurjashpurjashpurkabirdhamkabirdhamkabirdhamkabirdhamkabirdhamkondagaonkondagaonkondagaonkondagaonkondagaonkorbakorbakorbakorbakorbakoreakoreakoreakoreakoreamahasamundmahasamundmahasamundmahasamundmahasamundmungelimungelimungelimungelimungelinarayanpurnarayanpurnarayanpurnarayanpurnarayanpurraigarhraigarhraigarhraigarhraigarhraipurraipurraipurraipurraipurrajnandgaonrajnandgaonrajnandgaonrajnandgaonrajnandgaonsukmasukmasukmasukmasukmasurajpursurajpursurajpursurajpursurajpursurgujasurgujasurgujasurgujasurgujalahul and spitilahul and spitilahul and spitilahul and spitilahul and spitiarvalliarvalliarvalliarvalliarvallibanas kanthabanas kanthabanas kanthabanas kanthabanas kanthadevbhumi dwarkadevbhumi dwarkadevbhumi dwarkadevbhumi dwarkadevbhumi dwarkakachchhkachchhkachchhkachchhkachchhpatanpatanpatanpatanpatanrajkotrajkotrajkotrajkotrajkotahmadnagarahmadnagarahmadnagarahmadnagarahmadnagarakolaakolaakolaakolaakolabuldhanabuldhanabuldhanabuldhanabuldhanahingolihingolihingolihingolihingolijalgaonjalgaonjalgaonjalgaonjalgaonjalnajalnajalnajalnajalnaparbhaniparbhaniparbhaniparbhaniparbhaniwashimwashimwashimwashimwashimyavatmalyavatmalyavatmalyavatmalyavatmalagar malwaagar malwaagar malwaagar malwaagar malwaalirajpuralirajpuralirajpuralirajpuralirajpuranuppuranuppuranuppuranuppuranuppurashoknagarashoknagarashoknagarashoknagarashoknagarbalaghatbalaghatbalaghatbalaghatbalaghatbarwanibarwanibarwanibarwanibarwanibetulbetulbetulbetulbetulbhopalbhopalbhopalbhopalbhopalburhanpurburhanpurburhanpurburhanpurburhanpurchhatarpurchhatarpurchhatarpurchhatarpurchhatarpurchhindwarachhindwarachhindwarachhindwarachhindwaradamohdamohdamohdamohdamohdatiadatiadatiadatiadatiadewasdewasdewasdewasdewasdhardhardhardhardhardindoridindoridindoridindoridindorigunagunagunagunagunagwaliorgwaliorgwaliorgwaliorgwaliorhardahardahardahardahardahoshangabadhoshangabadhoshangabadhoshangabadhoshangabadindoreindoreindoreindoreindorejabalpurjabalpurjabalpurjabalpurjabalpurjhabuajhabuajhabuajhabuajhabuakatnikatnikatnikatnikatnikhandwakhandwakhandwakhandwakhandwakhargonekhargonekhargonekhargonekhargonemandlamandlamandlamandlamandlamandsaurmandsaurmandsaurmandsaurmandsaurmorenamorenamorenamorenamorenanarsinghpurnarsinghpurnarsinghpurnarsinghpurnarsinghpurneemuchneemuchneemuchneemuchneemuchpannapannapannapannapannaraisenraisenraisenraisenraisenrajgarhrajgarhrajgarhrajgarhrajgarhratlamratlamratlamratlamratlamrewarewarewarewarewasagarsagarsagarsagarsagarsatnasatnasatnasatnasatnasehoresehoresehoresehoresehoreseoniseoniseoniseoniseonishahdolshahdolshahdolshahdolshahdolshajapurshajapurshajapurshajapurshajapursheopursheopursheopursheopursheopurshivpurishivpurishivpurishivpurishivpurisidhisidhisidhisidhisidhisingraulisingraulisingraulisingraulisingraulitikamgarhtikamgarhtikamgarhtikamgarhtikamgarhujjainujjainujjainujjainujjainumariaumariaumariaumariaumariavidishavidishavidishavidishavidishabarmerbarmerbarmerbarmerbarmerchittaurgarhchittaurgarhchittaurgarhchittaurgarhchittaurgarhchuruchuruchuruchuruchurudausadausadausadausadausajaipurjaipurjaipurjaipurjaipurjalorejalorejalorejalorejalorejodhpurjodhpurjodhpurjodhpurjodhpurnagaurnagaurnagaurnagaurnagaurpalipalipalipalipalisikarsikarsikarsikarsikarsirohisirohisirohisirohisirohiharidwarharidwarharidwarharidwarharidwarudam singh nagarudam singh nagarudam singh nagarudam singh nagarudam singh nagarkanchipuramkanchipuramkanchipuramkanchipuramkanchipuramvillupuramvillupuramvillupuramvillupuramvillupurambhindbhindbhindbhindbhindbagalkotebagalkotebagalkotebagalkotebagalkotebuldanabuldanabuldanabuldanabuldanawardhawardhawardhawardhawardhasahebganjsahebganjsahebganjsahebganjsahebganjsaraikela kharsawansaraikela kharsawansaraikela kharsawansaraikela kharsawansaraikela kharsawangautam buddha nagargautam buddha nagargautam buddha nagargautam buddha nagargautam buddha nagarkherikherikherikherikherikushi nagarkushi nagarkushi nagarkushi nagarkushi nagarsant ravidas nagarsant ravidas nagarsant ravidas nagarsant ravidas nagarsant ravidas nagarmahendragarhmahendragarhmahendragarhmahendragarhmahendragarhjamnagarjamnagarjamnagarjamnagarjamnagarchamrajnagarchamrajnagarchamrajnagarchamrajnagarchamrajnagartumkurtumkurtumkurtumkurtumkurbalodbalodbalodbalodbalodbastarbastarbastarbastarbastargariyabandgariyabandgariyabandgariyabandgariyabandjanjgir-champajanjgir-champajanjgir-champajanjgir-champajanjgir-champakankerkankerkankerkankerkankeramreliamreliamreliamreliamrelibhavnagarbhavnagarbhavnagarbhavnagarbhavnagarbotadbotadbotadbotadbotadgir somnathgir somnathgir somnathgir somnathgir somnathjunagadhjunagadhjunagadhjunagadhjunagadhmorbimorbimorbimorbimorbikamrup metrokamrup metrokamrup metrokamrup metrokamrup metromarigaonmarigaonmarigaonmarigaonmarigaonbikanerbikanerbikanerbikanerbikanerjaisalmerjaisalmerjaisalmerjaisalmerjaisalmerjhunjhununjhunjhununjhunjhununjhunjhununjhunjhununshahjahanpurshahjahanpurshahjahanpurshahjahanpurshahjahanpurnicobarsnicobarsnicobarsnicobarsnicobarsnorth and middle andamannorth and middle andamannorth and middle andamannorth and middle andamannorth and middle andamansouth andamanssouth andamanssouth andamanssouth andamanssouth andamansanjawanjawanjawanjawanjawchanglangchanglangchanglangchanglangchanglangdibang valleydibang valleydibang valleydibang valleydibang valleyeast kamengeast kamengeast kamengeast kamengeast kamengeast siangeast siangeast siangeast siangeast siangkra daadikra daadikra daadikra daadikra daadikurung kumeykurung kumeykurung kumeykurung kumeykurung kumeylohitlohitlohitlohitlohitlongdinglongdinglongdinglongdinglongdinglower dibang valleylower dibang valleylower dibang valleylower dibang valleylower dibang valleylower subansirilower subansirilower subansirilower subansirilower subansirinamsainamsainamsainamsainamsaipapum parepapum parepapum parepapum parepapum paresiangsiangsiangsiangsiangtawangtawangtawangtawangtawangtiraptiraptiraptiraptirapupper siangupper siangupper siangupper siangupper siangupper subansiriupper subansiriupper subansiriupper subansiriupper subansiriwest kamengwest kamengwest kamengwest kamengwest kamengwest siangwest siangwest siangwest siangwest siangchandigarhchandigarhchandigarhchandigarhchandigarhdadra and nagar havelidadra and nagar havelidadra and nagar havelidadra and nagar havelidadra and nagar havelibishnupurbishnupurbishnupurbishnupurbishnupurchandelchandelchandelchandelchandelchurachandpurchurachandpurchurachandpurchurachandpurchurachandpurimphal eastimphal eastimphal eastimphal eastimphal eastimphal westimphal westimphal westimphal westimphal westsenapatisenapatisenapatisenapatisenapatitamenglongtamenglongtamenglongtamenglongtamenglongthoubalthoubalthoubalthoubalthoubalukhrulukhrulukhrulukhrulukhruleast garo hillseast garo hillseast garo hillseast garo hillseast garo hillseast jaintia hillseast jaintia hillseast jaintia hillseast jaintia hillseast jaintia hillseast khasi hillseast khasi hillseast khasi hillseast khasi hillseast khasi hillsnorth garo hillsnorth garo hillsnorth garo hillsnorth garo hillsnorth garo hillsri bhoiri bhoiri bhoiri bhoiri bhoisouth garo hillssouth garo hillssouth garo hillssouth garo hillssouth garo hillssouth west garo hillssouth west garo hillssouth west garo hillssouth west garo hillssouth west garo hillssouth west khasi hillssouth west khasi hillssouth west khasi hillssouth west khasi hillssouth west khasi hillswest garo hillswest garo hillswest garo hillswest garo hillswest garo hillswest jaintia hillswest jaintia hillswest jaintia hillswest jaintia hillswest jaintia hillswest khasi hillswest khasi hillswest khasi hillswest khasi hillswest khasi hillsaizawlaizawlaizawlaizawlaizawlchamphaichamphaichamphaichamphaichamphaikolasibkolasibkolasibkolasibkolasiblawngtlailawngtlailawngtlailawngtlailawngtlailungleilungleilungleilungleilungleimamitmamitmamitmamitmamitsaihasaihasaihasaihasaihaserchhipserchhipserchhipserchhipserchhipdimapurdimapurdimapurdimapurdimapurkiphirekiphirekiphirekiphirekiphirekohimakohimakohimakohimakohimalonglenglonglenglonglenglonglenglonglengmokokchungmokokchungmokokchungmokokchungmokokchungmonmonmonmonmonperenperenperenperenperenphekphekphekphekphektuensangtuensangtuensangtuensangtuensangwokhawokhawokhawokhawokhazunhebotozunhebotozunhebotozunhebotozunhebotokaraikalkaraikalkaraikalkaraikalkaraikalpondicherrypondicherrypondicherrypondicherrypondicherryyanamyanamyanamyanamyanameast districteast districteast districteast districteast districtnorth districtnorth districtnorth districtnorth districtnorth districtsouth districtsouth districtsouth districtsouth districtsouth districtwest districtwest districtwest districtwest districtwest districtadilabadadilabadadilabadadilabadadilabadbhadradribhadradribhadradribhadradribhadradrihanumakondahanumakondahanumakondahanumakondahanumakondajagitialjagitialjagitialjagitialjagitialjangoanjangoanjangoanjangoanjangoanjayashankarjayashankarjayashankarjayashankarjayashankarjogulambajogulambajogulambajogulambajogulambakamareddykamareddykamareddykamareddykamareddykarimnagarkarimnagarkarimnagarkarimnagarkarimnagarkhammamkhammamkhammamkhammamkhammamkomaram bheem asifabadkomaram bheem asifabadkomaram bheem asifabadkomaram bheem asifabadkomaram bheem asifabadmahabubabadmahabubabadmahabubabadmahabubabadmahabubabadmahbubnagarmahbubnagarmahbubnagarmahbubnagarmahbubnagarmancherialmancherialmancherialmancherialmancherialmedakmedakmedakmedakmedakmedchal malkajgirimedchal malkajgirimedchal malkajgirimedchal malkajgirimedchal malkajgirinagarkurnoolnagarkurnoolnagarkurnoolnagarkurnoolnagarkurnoolnalgondanalgondanalgondanalgondanalgondanirmalnirmalnirmalnirmalnirmalnizamabadnizamabadnizamabadnizamabadnizamabadpeddapallipeddapallipeddapallipeddapallipeddapallirajannarajannarajannarajannarajannarangareddirangareddirangareddirangareddirangareddisangareddysangareddysangareddysangareddysangareddysiddipetsiddipetsiddipetsiddipetsiddipetsuryapetsuryapetsuryapetsuryapetsuryapetvikarabadvikarabadvikarabadvikarabadvikarabadwanaparthywanaparthywanaparthywanaparthywanaparthywarangalwarangalwarangalwarangalwarangalyadadriyadadriyadadriyadadriyadadridhalaidhalaidhalaidhalaidhalaigomatigomatigomatigomatigomatikhowaikhowaikhowaikhowaikhowainorth tripuranorth tripuranorth tripuranorth tripuranorth tripurasepahijalasepahijalasepahijalasepahijalasepahijalasouth tripurasouth tripurasouth tripurasouth tripurasouth tripuraunakotiunakotiunakotiunakotiunakotiwest tripurawest tripurawest tripurawest tripurawest tripura,ricemaizebajraragijowarricemaizebajraragijowarricemaizebajraragijowarricemaizebajraragijowarricemaizebajraragijowarricemaizebajraragijowarricemaizebajraragijowarricemaizebajraragijowarricemaizebajraragijowarricemaizebajraragijowarricemaizebajraragijowarricemaizebajraragijowarricemaizebajraragijowarricemaizebajraragijowarricemaizebajraragijowarricemaizebajraragijowarricemaizebajraragijowarricemaizebajraragijowarricemaizebajraragijowarricemaizebajraragijowarricemaizebajraragijowarricemaizebajraragijowarricemaizebajraragijowarricemaizebajraragijowarricemaizebajraragijowarricemaizebajraragijowarricemaizebajraragijowarricemaizebajraragijowarricemaizebajraragijowarricemaizebajraragijowarricemaizebajraragijowarricemaizebajraragijowarricemaizebajraragijowarricemaizebajraragijowarricemaizebajraragijowarricemaizebajraragijowarricemaizebajraragijowarricemaizebajraragijowarricemaizebajraragijowarricemaizebajraragijowarricemaizebajraragijowarricemaizebajraragijowarricemaizebajraragijowarricemaizebajraragijowarricemaizebajraragijowarricemaizebajraragijowarricemaizebajraragijowarricemaizebajraragijowarricemaizebajraragijowarricemaizebajraragijowarricemaizebajraragijowarricemaizebajraragijowarricemaizebajraragijowarricemaizebajraragijowarricemaizebajraragijowarricemaizebajraragijowarricemaizebajraragijowarricemaizebajraragijowarricemaizebajraragijowarricemaizebajraragijowarricemaizebajraragijowarricemaizebajraragijowarricemaizebajraragijowarricemaizebajraragijowarricemaizebajraragijowarricemaizebajraragijowarricemaizebajraragijowarricemaizebajraragijowarricemaizebajraragijowarricemaizebajraragijowarricemaizebajraragijowarricemaizebajraragijowarricemaizebajraragijowarricemaizebajraragijowarricemaizebajraragijowarricemaizebajraragijowarricemaizebajraragijowarricemaizebajraragijowarricemaizebajraragijowarricemaizebajraragijowarricemaizebajraragijowarricemaizebajraragijowarricemaizebajraragijowarricemaizebajraragijowarricemaizebajraragijowarricemaizebajraragijowarricemaizebajraragijowarricemaizebajraragijowarricemaizebajraragijowarricemaizebajraragijowarricemaizebajraragijowarricemaizebajraragijowarricemaizebajraragijowarricemaizebajraragijowarricemaizebajraragijowarricemaizebajraragijowarricemaizebajraragijowarricemaizebajraragijowarricemaizebajraragijowarricemaizebajraragijowarricemaizebajraragijowarricemaizebajraragijowarricemaizebajraragijowarricemaizebajraragijowarricemaizebajraragijowarricemaizebajraragijowarricemaizebajraragijowarricemaizebajraragijowarricemaizebajraragijowarricemaizebajraragijowarricemaizebajraragijowarricemaizebajraragijowarricemaizebajraragijowarricemaizebajraragijowarricemaizebajraragijowarricemaizebajraragijowarricemaizebajraragijowarricemaizebajraragijowarricemaizebajraragijowarricemaizebajraragijowarricemaizebajraragijowarricemaizebajraragijowarricemaizebajraragijowarricemaizebajraragijowarricemaizebajraragijowarricemaizebajraragijowarricemaizebajraragijowarricemaizebajraragijowarricemaizebajraragijowarricemaizebajraragijowarricemaizebajraragijowarricemaizebajraragijowarricemaizebajraragijowarricemaizebajraragijowarricemaizebajraragijowarricemaizebajraragijowarricemaizebajraragijowarricemaizebajraragijowarricemaizebajraragijowarricemaizebajraragijowarricemaizebajraragijowarricemaizebajraragijowarricemaizebajraragijowarricemaizebajraragijowarricemaizebajraragijowarricemaizebajraragijowarricemaizebajraragijowarricemaizebajraragijowarricemaizebajraragijowarricemaizebajraragijowarricemaizebajraragijowarricemaizebajraragijowarricemaizebajraragijowarricemaizebajraragijowarricemaizebajraragijowarricemaizebajraragijowarricemaizebajraragijowarricemaizebajraragijowarricemaizebajraragijowarricemaizebajraragijowarricemaizebajraragijowarricemaizebajraragijowarricemaizebajraragijowarricemaizebajraragijowarricemaizebajraragijowarricemaizebajraragijowarricemaizebajraragijowarricemaizebajraragijowarricemaizebajraragijowarricemaizebajraragijowarricemaizebajraragijowarricemaizebajraragijowarricemaizebajraragijowarricemaizebajraragijowarricemaizebajraragijowarricemaizebajraragijowarricemaizebajraragijowarricemaizebajraragijowarricemaizebajraragijowarricemaizebajraragijowarricemaizebajraragijowarricemaizebajraragijowarricemaizebajraragijowarricemaizebajraragijowarricemaizebajraragijowarricemaizebajraragijowarricemaizebajraragijowarricemaizebajraragijowarricemaizebajraragijowarricemaizebajraragijowarricemaizebajraragijowarricemaizebajraragijowarricemaizebajraragijowarricemaizebajraragijowarricemaizebajraragijowarricemaizebajraragijowarricemaizebajraragijowarricemaizebajraragijowarricemaizebajraragijowarricemaizebajraragijowarricemaizebajraragijowarricemaizebajraragijowarricemaizebajraragijowarricemaizebajraragijowarricemaizebajraragijowarricemaizebajraragijowarricemaizebajraragijowarricemaizebajraragijowarricemaizebajraragijowarricemaizebajraragijowarricemaizebajraragijowarricemaizebajraragijowarricemaizebajraragijowarricemaizebajraragijowarricemaizebajraragijowarricemaizebajraragijowarricemaizebajraragijowarricemaizebajraragijowarricemaizebajraragijowarricemaizebajraragijowarricemaizebajraragijowarricemaizebajraragijowarricemaizebajraragijowarricemaizebajraragijowarricemaizebajraragijowarricemaizebajraragijowarricemaizebajraragijowarricemaizebajraragijowarricemaizebajraragijowarricemaizebajraragijowarricemaizebajraragijowarricemaizebajraragijowarricemaizebajraragijowarricemaizebajraragijowarricemaizebajraragijowarricemaizebajraragijowarricemaizebajraragijowarricemaizebajraragijowarricemaizebajraragijowarricemaizebajraragijowarricemaizebajraragijowarricemaizebajraragijowarricemaizebajraragijowarricemaizebajraragijowarricemaizebajraragijowarricemaizebajraragijowarricemaizebajraragijowarricemaizebajraragijowarricemaizebajraragijowarricemaizebajraragijowarricemaizebajraragijowarricemaizebajraragijowarricemaizebajraragijowarricemaizebajraragijowarricemaizebajraragijowarricemaizebajraragijowarricemaizebajraragijowarricemaizebajraragijowarricemaizebajraragijowarricemaizebajraragijowarricemaizebajraragijowarricemaizebajraragijowarricemaizebajraragijowarricemaizebajraragijowarricemaizebajraragijowarricemaizebajraragijowarricemaizebajraragijowarricemaizebajraragijowarricemaizebajraragijowarricemaizebajraragijowarricemaizebajraragijowarricemaizebajraragijowarricemaizebajraragijowarricemaizebajraragijowarricemaizebajraragijowarricemaizebajraragijowarricemaizebajraragijowarricemaizebajraragijowarricemaizebajraragijowarricemaizebajraragijowarricemaizebajraragijowarricemaizebajraragijowarricemaizebajraragijowarricemaizebajraragijowarricemaizebajraragijowarricemaizebajraragijowarricemaizebajraragijowarricemaizebajraragijowarricemaizebajraragijowarricemaizebajraragijowarricemaizebajraragijowarricemaizebajraragijowarricemaizebajraragijowarricemaizebajraragijowarricemaizebajraragijowarricemaizebajraragijowarricemaizebajraragijowarricemaizebajraragijowarricemaizebajraragijowarricemaizebajraragijowarricemaizebajraragijowarricemaizebajraragijowarricemaizebajraragijowarricemaizebajraragijowarricemaizebajraragijowarricemaizebajraragijowarricemaizebajraragijowarricemaizebajraragijowarricemaizebajraragijowarricemaizebajraragijowarricemaizebajraragijowarricemaizebajraragijowarricemaizebajraragijowarricemaizebajraragijowarricemaizebajraragijowarricemaizebajraragijowarricemaizebajraragijowarricemaizebajraragijowarricemaizebajraragijowarricemaizebajraragijowarricemaizebajraragijowarricemaizebajraragijowarricemaizebajraragijowarricemaizebajraragijowarricemaizebajraragijowarricemaizebajraragijowarricemaizebajraragijowarricemaizebajraragijowarricemaizebajraragijowarricemaizebajraragijowarricemaizebajraragijowarricemaizebajraragijowarricemaizebajraragijowarricemaizebajraragijowarricemaizebajraragijowarricemaizebajraragijowarricemaizebajraragijowarricemaizebajraragijowarricemaizebajraragijowarricemaizebajraragijowarricemaizebajraragijowarricemaizebajraragijowarricemaizebajraragijowarricemaizebajraragijowarricemaizebajraragijowarricemaizebajraragijowarricemaizebajraragijowarricemaizebajraragijowarricemaizebajraragijowarricemaizebajraragijowarricemaizebajraragijowarricemaizebajraragijowarricemaizebajraragijowarricemaizebajraragijowarricemaizebajraragijowarricemaizebajraragijowarricemaizebajraragijowarricemaizebajraragijowarricemaizebajraragijowarricemaizebajraragijowarricemaizebajraragijowarricemaizebajraragijowarricemaizebajraragijowarricemaizebajraragijowarricemaizebajraragijowarricemaizebajraragijowarricemaizebajraragijowarricemaizebajraragijowarricemaizebajraragijowarricemaizebajraragijowarricemaizebajraragijowarricemaizebajraragijowarricemaizebajraragijowarricemaizebajraragijowarricemaizebajraragijowarricemaizebajraragijowarricemaizebajraragijowarricemaizebajraragijowarricemaizebajraragijowarricemaizebajraragijowarricemaizebajraragijowarricemaizebajraragijowarricemaizebajraragijowarricemaizebajraragijowarricemaizebajraragijowarricemaizebajraragijowarricemaizebajraragijowarricemaizebajraragijowarricemaizebajraragijowarricemaizebajraragijowarricemaizebajraragijowarricemaizebajraragijowarricemaizebajraragijowarricemaizebajraragijowarricemaizebajraragijowarricemaizebajraragijowarricemaizebajraragijowarricemaizebajraragijowarricemaizebajraragijowarricemaizebajraragijowarricemaizebajraragijowarricemaizebajraragijowarricemaizebajraragijowarricemaizebajraragijowarricemaizebajraragijowarricemaizebajraragijowarricemaizebajraragijowarricemaizebajraragijowarricemaizebajraragijowarricemaizebajraragijowarricemaizebajraragijowarricemaizebajraragijowarricemaizebajraragijowarricemaizebajraragijowarricemaizebajraragijowarricemaizebajraragijowarricemaizebajraragijowarricemaizebajraragijowarricemaizebajraragijowarricemaizebajraragijowarricemaizebajraragijowarricemaizebajraragijowarricemaizebajraragijowarricemaizebajraragijowarricemaizebajraragijowarricemaizebajraragijowarricemaizebajraragijowarricemaizebajraragijowarricemaizebajraragijowarricemaizebajraragijowarricemaizebajraragijowarricemaizebajraragijowarricemaizebajraragijowarricemaizebajraragijowarricemaizebajraragijowarricemaizebajraragijowarricemaizebajraragijowarricemaizebajraragijowarricemaizebajraragijowarricemaizebajraragijowarricemaizebajraragijowarricemaizebajraragijowarricemaizebajraragijowarricemaizebajraragijowarricemaizebajraragijowarricemaizebajraragijowarricemaizebajraragijowarricemaizebajraragijowarricemaizebajraragijowarricemaizebajraragijowarricemaizebajraragijowarricemaizebajraragijowarricemaizebajraragijowarricemaizebajraragijowarricemaizebajraragijowarricemaizebajraragijowarricemaizebajraragijowarricemaizebajraragijowarricemaizebajraragijowarricemaizebajraragijowarricemaizebajraragijowarricemaizebajraragijowarricemaizebajraragijowarricemaizebajraragijowarricemaizebajraragijowarricemaizebajraragijowarricemaizebajraragijowarricemaizebajraragijowarricemaizebajraragijowarricemaizebajraragijowarricemaizebajraragijowarricemaizebajraragijowarricemaizebajraragijowarricemaizebajraragijowarricemaizebajraragijowarricemaizebajraragijowarricemaizebajraragijowarricemaizebajraragijowarricemaizebajraragijowarricemaizebajraragijowarricemaizebajraragijowarricemaizebajraragijowarricemaizebajraragijowarricemaizebajraragijowarricemaizebajraragijowarricemaizebajraragijowarricemaizebajraragijowarricemaizebajraragijowarricemaizebajraragijowarricemaizebajraragijowarricemaizebajraragijowarricemaizebajraragijowarricemaizebajraragijowarricemaizebajraragijowarricemaizebajraragijowarricemaizebajraragijowarricemaizebajraragijowarricemaizebajraragijowarricemaizebajraragijowarricemaizebajraragijowarricemaizebajraragijowarricemaizebajraragijowarricemaizebajraragijowarricemaizebajraragijowarricemaizebajraragijowarricemaizebajraragijowarricemaizebajraragijowarricemaizebajraragijowarricemaizebajraragijowarricemaizebajraragijowarricemaizebajraragijowarricemaizebajraragijowarricemaizebajraragijowarricemaizebajraragijowarricemaizebajraragijowarricemaizebajraragijowarricemaizebajraragijowarricemaizebajraragijowarricemaizebajraragijowarricemaizebajraragijowarricemaizebajraragijowarricemaizebajraragijowarricemaizebajraragijowarricemaizebajraragijowarricemaizebajraragijowarricemaizebajraragijowarricemaizebajraragijowarricemaizebajraragijowarricemaizebajraragijowarricemaizebajraragijowarricemaizebajraragijowarricemaizebajraragijowarricemaizebajraragijowarricemaizebajraragijowarricemaizebajraragijowarricemaizebajraragijowarricemaizebajraragijowarricemaizebajraragijowarricemaizebajraragijowarricemaizebajraragijowarricemaizebajraragijowarricemaizebajraragijowarricemaizebajraragijowarricemaizebajraragijowarricemaizebajraragijowarricemaizebajraragijowarricemaizebajraragijowarricemaizebajraragijowarricemaizebajraragijowarricemaizebajraragijowarricemaizebajraragijowarricemaizebajraragijowarricemaizebajraragijowarricemaizebajraragijowarricemaizebajraragijowarricemaizebajraragijowarricemaizebajraragijowarricemaizebajraragijowarricemaizebajraragijowarricemaizebajraragijowarricemaizebajraragijowarricemaizebajraragijowarricemaizebajraragijowarricemaizebajraragijowarricemaizebajraragijowarricemaizebajraragijowarricemaizebajraragijowarricemaizebajraragijowarricemaizebajraragijowarricemaizebajraragijowarricemaizebajraragijowarricemaizebajraragijowarricemaizebajraragijowarricemaizebajraragijowarricemaizebajraragijowarricemaizebajraragijowarricemaizebajraragijowarricemaizebajraragijowarricemaizebajraragijowarricemaizebajraragijowarricemaizebajraragijowarricemaizebajraragijowarricemaizebajraragijowarricemaizebajraragijowarricemaizebajraragijowarricemaizebajraragijowarricemaizebajraragijowarricemaizebajraragijowarricemaizebajraragijowarricemaizebajraragijowarricemaizebajraragijowarricemaizebajraragijowarricemaizebajraragijowarricemaizebajraragijowarricemaizebajraragijowarricemaizebajraragijowarricemaizebajraragijowarricemaizebajraragijowarricemaizebajraragijowarricemaizebajraragijowarricemaizebajraragijowarricemaizebajraragijowarricemaizebajraragijowarricemaizebajraragijowarricemaizebajraragijowarricemaizebajraragijowarricemaizebajraragijowarricemaizebajraragijowarricemaizebajraragijowarricemaizebajraragijowarricemaizebajraragijowarricemaizebajraragijowarricemaizebajraragijowarricemaizebajraragijowarricemaizebajraragijowarricemaizebajraragijowarricemaizebajraragijowarricemaizebajraragijowarricemaizebajraragijowarricemaizebajraragijowarricemaizebajraragijowarricemaizebajraragijowarricemaizebajraragijowarricemaizebajraragijowarricemaizebajraragijowarricemaizebajraragijowarricemaizebajraragijowarricemaizebajraragijowarricemaizebajraragijowarricemaizebajraragijowarricemaizebajraragijowarricemaizebajraragijowarricemaizebajraragijowarricemaizebajraragijowarricemaizebajraragijowarricemaizebajraragijowarricemaizebajraragijowarricemaizebajraragijowarricemaizebajraragijowarricemaizebajraragijowarricemaizebajraragijowarricemaizebajraragijowarricemaizebajraragijowarricemaizebajraragijowarricemaizebajraragijowarricemaizebajraragijowarricemaizebajraragijowarricemaizebajraragijowarricemaizebajraragijowarricemaizebajraragijowarricemaizebajraragijowarricemaizebajraragijowarricemaizebajraragijowarricemaizebajraragijowarricemaizebajraragijowarricemaizebajraragijowarricemaizebajraragijowarricemaizebajraragijowarricemaizebajraragijowarricemaizebajraragijowarricemaizebajraragijowarricemaizebajraragijowarricemaizebajraragijowarricemaizebajraragijowarricemaizebajraragijowarricemaizebajraragijowarricemaizebajraragijowarricemaizebajraragijowarricemaizebajraragijowarricemaizebajraragijowarricemaizebajraragijowarricemaizebajraragijowarricemaizebajraragijowarricemaizebajraragijowarricemaizebajraragijowarricemaizebajraragijowarricemaizebajraragijowarricemaizebajraragijowarricemaizebajraragijowarricemaizebajraragijowarricemaizebajraragijowarricemaizebajraragijowarricemaizebajraragijowarricemaizebajraragijowarricemaizebajraragijowarricemaizebajraragijowarricemaizebajraragijowarricemaizebajraragijowarricemaizebajraragijowarricemaizebajraragijowarricemaizebajraragijowarricemaizebajraragijowarricemaizebajraragijowarricemaizebajraragijowarricemaizebajraragijowarricemaizebajraragijowarricemaizebajraragijowarricemaizebajraragijowarricemaizebajraragijowarricemaizebajraragijowarricemaizebajraragijowarricemaizebajraragijowarricemaizebajraragijowarricemaizebajraragijowarricemaizebajraragijowarricemaizebajraragijowarricemaizebajraragijowar,47959.0,47959.0,14193.660639,85832258.36688635,85604000.010501,5817282.50871476,5855498.737062775,2119333.0280001494,2135949.8509336226,4746932.517844793,4785191.136931555,1834739.3340974266,1855477.8508991268,295234720008.51245,295234720036.19525,87826.73412520307,112262.610849761,2674421.7805537563,2695976.6865472384,138135.7362692835,139249.06208470825,197103139.98822117,207997571.66492635,37596022.007340506,33279984.51006057,47959.0,5.237768686191955,0.7995212310640286,1.1176914233522521,0.6526553939141456,0.7779594135232133,9.376539551166233e-09,-12.96886870838294,21.76670980622392,0.7995212310640191,0.7995212310640438
26,tamil nadu,ariyalurariyalurariyalurariyalurariyalurcoimbatorecoimbatorecoimbatorecoimbatorecoimbatorecuddalorecuddalorecuddalorecuddalorecuddaloredharmapuridharmapuridharmapuridharmapuridharmapuridindiguldindiguldindiguldindiguldindigulerodeerodeerodeerodeerodekancheepuramkancheepuramkancheepuramkancheepuramkancheepuramkanniyakumarikanniyakumarikanniyakumarikanniyakumarikanniyakumarikarurkarurkarurkarurkarurkrishnagirikrishnagirikrishnagirikrishnagirikrishnagirimaduraimaduraimaduraimaduraimadurainagappattinamnagappattinamnagappattinamnagappattinamnagappattinamnamakkalnamakkalnamakkalnamakkalnamakkalperambalurperambalurperambalurperambalurperambalurpudukkottaipudukkottaipudukkottaipudukkottaipudukkottairamanathapuramramanathapuramramanathapuramramanathapuramramanathapuramsalemsalemsalemsalemsalemsivagangasivagangasivagangasivagangasivagangathanjavurthanjavurthanjavurthanjavurthanjavurthe nilgiristhe nilgiristhe nilgiristhe nilgiristhe nilgiristhenithenithenithenithenithiruvallurthiruvallurthiruvallurthiruvallurthiruvallurthiruvarurthiruvarurthiruvarurthiruvarurthiruvarurtiruchirappallitiruchirappallitiruchirappallitiruchirappallitiruchirappallitirunelvelitirunelvelitirunelvelitirunelvelitirunelvelitiruppurtiruppurtiruppurtiruppurtiruppurtiruvannamalaitiruvannamalaitiruvannamalaitiruvannamalaitiruvannamalaituticorintuticorintuticorintuticorintuticorinvellorevellorevellorevellorevelloreviluppuramviluppuramviluppuramviluppuramviluppuramvirudhunagarvirudhunagarvirudhunagarvirudhunagarvirudhunagaramritsaramritsaramritsaramritsaramritsarbarnalabarnalabarnalabarnalabarnalabathindabathindabathindabathindabathindafaridkotfaridkotfaridkotfaridkotfaridkotfatehgarh sahibfatehgarh sahibfatehgarh sahibfatehgarh sahibfatehgarh sahibfazilkafazilkafazilkafazilkafazilkafirozpurfirozpurfirozpurfirozpurfirozpurgurdaspurgurdaspurgurdaspurgurdaspurgurdaspurhoshiarpurhoshiarpurhoshiarpurhoshiarpurhoshiarpurjalandharjalandharjalandharjalandharjalandharkapurthalakapurthalakapurthalakapurthalakapurthalaludhianaludhianaludhianaludhianaludhianamansamansamansamansamansamogamogamogamogamogamuktsarmuktsarmuktsarmuktsarmuktsarpathankotpathankotpathankotpathankotpathankotpatialapatialapatialapatialapatialarupnagarrupnagarrupnagarrupnagarrupnagarsangrursangrursangrursangrursangrurshahid bhagat singh nagarshahid bhagat singh nagarshahid bhagat singh nagarshahid bhagat singh nagarshahid bhagat singh nagartarn tarantarn tarantarn tarantarn tarantarn taranambalaambalaambalaambalaambalabhiwanibhiwanibhiwanibhiwanibhiwanicharki dadricharki dadricharki dadricharki dadricharki dadrifaridabadfaridabadfaridabadfaridabadfaridabadfatehabadfatehabadfatehabadfatehabadfatehabadgurgaongurgaongurgaongurgaongurgaonhisarhisarhisarhisarhisarjhajjarjhajjarjhajjarjhajjarjhajjarjindjindjindjindjindkaithalkaithalkaithalkaithalkaithalkarnalkarnalkarnalkarnalkarnalkurukshetrakurukshetrakurukshetrakurukshetrakurukshetramewatmewatmewatmewatmewatpalwalpalwalpalwalpalwalpalwalpanchkulapanchkulapanchkulapanchkulapanchkulapanipatpanipatpanipatpanipatpanipatrewarirewarirewarirewarirewarirohtakrohtakrohtakrohtakrohtaksirsasirsasirsasirsasirsasonipatsonipatsonipatsonipatsonipatyamunanagaryamunanagaryamunanagaryamunanagaryamunanagaranantapuranantapuranantapuranantapuranantapurchittoorchittoorchittoorchittoorchittooreast godavarieast godavarieast godavarieast godavarieast godavarigunturgunturgunturgunturgunturkadapakadapakadapakadapakadapakrishnakrishnakrishnakrishnakrishnakurnoolkurnoolkurnoolkurnoolkurnoolprakasamprakasamprakasamprakasamprakasamnellorenellorenellorenellorenelloresrikakulamsrikakulamsrikakulamsrikakulamsrikakulamvisakhapatnamvisakhapatnamvisakhapatnamvisakhapatnamvisakhapatnamvizianagaramvizianagaramvizianagaramvizianagaramvizianagaramwest godavariwest godavariwest godavariwest godavariwest godavariballariballariballariballariballaribangalore ruralbangalore ruralbangalore ruralbangalore ruralbangalore ruralbelagavibelagavibelagavibelagavibelagavibengaluru urbanbengaluru urbanbengaluru urbanbengaluru urbanbengaluru urbanbidarbidarbidarbidarbidarchamarajanagarachamarajanagarachamarajanagarachamarajanagarachamarajanagarachikkaballapurachikkaballapurachikkaballapurachikkaballapurachikkaballapurachikmagalurchikmagalurchikmagalurchikmagalurchikmagalurchitradurgachitradurgachitradurgachitradurgachitradurgadakshina kannadadakshina kannadadakshina kannadadakshina kannadadakshina kannadadavangeredavangeredavangeredavangeredavangeredharwaddharwaddharwaddharwaddharwadgadaggadaggadaggadaggadaghassanhassanhassanhassanhassanhaverihaverihaverihaverihaverikalaburagikalaburagikalaburagikalaburagikalaburagikodagukodagukodagukodagukodagukolarkolarkolarkolarkolarkoppalkoppalkoppalkoppalkoppalmandyamandyamandyamandyamandyamysurumysurumysurumysurumysururaichurraichurraichurraichurraichurramanagararamanagararamanagararamanagararamanagarashivamoggashivamoggashivamoggashivamoggashivamoggatumakurutumakurutumakurutumakurutumakuruudupiudupiudupiudupiudupiuttara kannadauttara kannadauttara kannadauttara kannadauttara kannadavijayapuravijayapuravijayapuravijayapuravijayapurayadgiryadgiryadgiryadgiryadgiralmoraalmoraalmoraalmoraalmorabageshwarbageshwarbageshwarbageshwarbageshwarchamolichamolichamolichamolichamolichampawatchampawatchampawatchampawatchampawatdehradundehradundehradundehradundehradunhardwarhardwarhardwarhardwarhardwarnainitalnainitalnainitalnainitalnainitalpauri garhwalpauri garhwalpauri garhwalpauri garhwalpauri garhwalpithoragarhpithoragarhpithoragarhpithoragarhpithoragarhrudra prayagrudra prayagrudra prayagrudra prayagrudra prayagtehri garhwaltehri garhwaltehri garhwaltehri garhwaltehri garhwaludham singh nagarudham singh nagarudham singh nagarudham singh nagarudham singh nagaruttar kashiuttar kashiuttar kashiuttar kashiuttar kashispsr nellorespsr nellorespsr nellorespsr nellorespsr nellorevisakhapatanamvisakhapatanamvisakhapatanamvisakhapatanamvisakhapatanamparaganas northparaganas northparaganas northparaganas northparaganas northparaganas southparaganas southparaganas southparaganas southparaganas southalipurduaralipurduaralipurduaralipurduaralipurduarbankurabankurabankurabankurabankurabirbhumbirbhumbirbhumbirbhumbirbhumcoochbeharcoochbeharcoochbeharcoochbeharcoochbehardarjeelingdarjeelingdarjeelingdarjeelingdarjeelingdakshin dinajpurdakshin dinajpurdakshin dinajpurdakshin dinajpurdakshin dinajpuruttar dinajpuruttar dinajpuruttar dinajpuruttar dinajpuruttar dinajpurhooghlyhooghlyhooghlyhooghlyhooghlyhowrahhowrahhowrahhowrahhowrahjalpaigurijalpaigurijalpaigurijalpaigurijalpaigurijhargramjhargramjhargramjhargramjhargramkalimpongkalimpongkalimpongkalimpongkalimpongmaldahmaldahmaldahmaldahmaldahmedinipur eastmedinipur eastmedinipur eastmedinipur eastmedinipur eastmedinipur westmedinipur westmedinipur westmedinipur westmedinipur westmurshidabadmurshidabadmurshidabadmurshidabadmurshidabadnadianadianadianadianadiabarddhamanbarddhamanbarddhamanbarddhamanbarddhamanpuruliyapuruliyapuruliyapuruliyapuruliyaalappuzhaalappuzhaalappuzhaalappuzhaalappuzhaernakulamernakulamernakulamernakulamernakulamidukkiidukkiidukkiidukkiidukkikannurkannurkannurkannurkannurkasaragodkasaragodkasaragodkasaragodkasaragodkollamkollamkollamkollamkollamkottayamkottayamkottayamkottayamkottayamkozhikodekozhikodekozhikodekozhikodekozhikodemalappurammalappurammalappurammalappurammalappurampalakkadpalakkadpalakkadpalakkadpalakkadpathanamthittapathanamthittapathanamthittapathanamthittapathanamthittathiruvananthapuramthiruvananthapuramthiruvananthapuramthiruvananthapuramthiruvananthapuramthrissurthrissurthrissurthrissurthrissurwayanadwayanadwayanadwayanadwayanadbagalkotbagalkotbagalkotbagalkotbagalkotchikballapurachikballapurachikballapurachikballapurachikballapurachikkamagaluruchikkamagaluruchikkamagaluruchikkamagaluruchikkamagalurudavanageredavanageredavanageredavanageredavanagereyadagiriyadagiriyadagiriyadagiriyadagiriagraagraagraagraagraaligarhaligarhaligarhaligarhaligarhallahabadallahabadallahabadallahabadallahabadambedkar nagarambedkar nagarambedkar nagarambedkar nagarambedkar nagaramethiamethiamethiamethiamethiamrohaamrohaamrohaamrohaamrohaauraiyaauraiyaauraiyaauraiyaauraiyaazamgarhazamgarhazamgarhazamgarhazamgarhbaghpatbaghpatbaghpatbaghpatbaghpatbahraichbahraichbahraichbahraichbahraichballiaballiaballiaballiaballiabalrampurbalrampurbalrampurbalrampurbalrampurbandabandabandabandabandabarabankibarabankibarabankibarabankibarabankibareillybareillybareillybareillybareillybastibastibastibastibastibijnorbijnorbijnorbijnorbijnorbudaunbudaunbudaunbudaunbudaunbulandshahrbulandshahrbulandshahrbulandshahrbulandshahrchandaulichandaulichandaulichandaulichandaulichitrakootchitrakootchitrakootchitrakootchitrakootdeoriadeoriadeoriadeoriadeoriaetahetahetahetahetahetawahetawahetawahetawahetawahfaizabadfaizabadfaizabadfaizabadfaizabadfarrukhabadfarrukhabadfarrukhabadfarrukhabadfarrukhabadfatehpurfatehpurfatehpurfatehpurfatehpurfirozabadfirozabadfirozabadfirozabadfirozabadkanpur nagarkanpur nagarkanpur nagarkanpur nagarkanpur nagarghaziabadghaziabadghaziabadghaziabadghaziabadghazipurghazipurghazipurghazipurghazipurgondagondagondagondagondagorakhpurgorakhpurgorakhpurgorakhpurgorakhpurhamirpurhamirpurhamirpurhamirpurhamirpurhapurhapurhapurhapurhapurhardoihardoihardoihardoihardoihathrashathrashathrashathrashathrasjalaunjalaunjalaunjalaunjalaunjaunpurjaunpurjaunpurjaunpurjaunpurjhansijhansijhansijhansijhansikannaujkannaujkannaujkannaujkannaujkanpur dehatkanpur dehatkanpur dehatkanpur dehatkanpur dehatkasganjkasganjkasganjkasganjkasganjkaushambikaushambikaushambikaushambikaushambilakhimpur kherilakhimpur kherilakhimpur kherilakhimpur kherilakhimpur kherikushinagarkushinagarkushinagarkushinagarkushinagarlalitpurlalitpurlalitpurlalitpurlalitpurlucknowlucknowlucknowlucknowlucknowmaharajganjmaharajganjmaharajganjmaharajganjmaharajganjmahobamahobamahobamahobamahobamainpurimainpurimainpurimainpurimainpurimathuramathuramathuramathuramathuramaumaumaumaumaumeerutmeerutmeerutmeerutmeerutmirzapurmirzapurmirzapurmirzapurmirzapurmoradabadmoradabadmoradabadmoradabadmoradabadmuzaffarnagarmuzaffarnagarmuzaffarnagarmuzaffarnagarmuzaffarnagarpilibhitpilibhitpilibhitpilibhitpilibhitpratapgarhpratapgarhpratapgarhpratapgarhpratapgarhrae barelirae barelirae barelirae barelirae barelirampurrampurrampurrampurrampursaharanpursaharanpursaharanpursaharanpursaharanpursambhalsambhalsambhalsambhalsambhalsant kabeer nagarsant kabeer nagarsant kabeer nagarsant kabeer nagarsant kabeer nagarsant ravi das nagarsant ravi das nagarsant ravi das nagarsant ravi das nagarsant ravi das nagarshahajahanpurshahajahanpurshahajahanpurshahajahanpurshahajahanpurshamlishamlishamlishamlishamlishravastishravastishravastishravastishravastisiddharth nagarsiddharth nagarsiddharth nagarsiddharth nagarsiddharth nagarsitapursitapursitapursitapursitapursonbhadrasonbhadrasonbhadrasonbhadrasonbhadrasultanpursultanpursultanpursultanpursultanpurunnaounnaounnaounnaounnaovaranasivaranasivaranasivaranasivaranasiahmednagarahmednagarahmednagarahmednagarahmednagaramravatiamravatiamravatiamravatiamravatibeedbeedbeedbeedbeedbhandarabhandarabhandarabhandarabhandarachandrapurchandrapurchandrapurchandrapurchandrapurdhuledhuledhuledhuledhulegadchiroligadchiroligadchiroligadchiroligadchiroligondiagondiagondiagondiagondiakolhapurkolhapurkolhapurkolhapurkolhapurlaturlaturlaturlaturlaturnagpurnagpurnagpurnagpurnagpurnandednandednandednandednandednandurbarnandurbarnandurbarnandurbarnandurbarnashiknashiknashiknashiknashikosmanabadosmanabadosmanabadosmanabadosmanabadpalgharpalgharpalgharpalgharpalgharpunepunepunepunepuneraigadraigadraigadraigadraigadratnagiriratnagiriratnagiriratnagiriratnagirisanglisanglisanglisanglisanglisatarasatarasatarasatarasatarasindhudurgsindhudurgsindhudurgsindhudurgsindhudurgsolapursolapursolapursolapursolapurthanethanethanethanethaneanantnaganantnaganantnaganantnaganantnagbadgambadgambadgambadgambadgambandiporabandiporabandiporabandiporabandiporabaramullabaramullabaramullabaramullabaramulladodadodadodadodadodaganderbalganderbalganderbalganderbalganderbaljammujammujammujammujammukathuakathuakathuakathuakathuakishtwarkishtwarkishtwarkishtwarkishtwarkulgamkulgamkulgamkulgamkulgamkupwarakupwarakupwarakupwarakupwarapoonchpoonchpoonchpoonchpoonchpulwamapulwamapulwamapulwamapulwamarajaurirajaurirajaurirajaurirajaurirambanrambanrambanrambanrambanreasireasireasireasireasisambasambasambasambasambashopianshopianshopianshopianshopiansrinagarsrinagarsrinagarsrinagarsrinagarudhampurudhampurudhampurudhampurudhampurahmadabadahmadabadahmadabadahmadabadahmadabadanandanandanandanandanandaravalliaravalliaravalliaravalliaravallibharuchbharuchbharuchbharuchbharuchchhotaudepurchhotaudepurchhotaudepurchhotaudepurchhotaudepurdangdangdangdangdangdohaddohaddohaddohaddohadgandhinagargandhinagargandhinagargandhinagargandhinagarkhedakhedakhedakhedakhedamahesanamahesanamahesanamahesanamahesanamahisagarmahisagarmahisagarmahisagarmahisagarnarmadanarmadanarmadanarmadanarmadanavsarinavsarinavsarinavsarinavsaripanch mahalspanch mahalspanch mahalspanch mahalspanch mahalssabar kanthasabar kanthasabar kanthasabar kanthasabar kanthasuratsuratsuratsuratsuratsurendranagarsurendranagarsurendranagarsurendranagarsurendranagartapitapitapitapitapivadodaravadodaravadodaravadodaravadodaravalsadvalsadvalsadvalsadvalsadajmerajmerajmerajmerajmeralwaralwaralwaralwaralwarbanswarabanswarabanswarabanswarabanswarabaranbaranbaranbaranbaranbharatpurbharatpurbharatpurbharatpurbharatpurbhilwarabhilwarabhilwarabhilwarabhilwarabundibundibundibundibundichittorgarhchittorgarhchittorgarhchittorgarhchittorgarhdholpurdholpurdholpurdholpurdholpurdungarpurdungarpurdungarpurdungarpurdungarpurganganagarganganagarganganagarganganagarganganagarhanumangarhhanumangarhhanumangarhhanumangarhhanumangarhjhalawarjhalawarjhalawarjhalawarjhalawarkaraulikaraulikaraulikaraulikaraulikotakotakotakotakotarajsamandrajsamandrajsamandrajsamandrajsamandsawai madhopursawai madhopursawai madhopursawai madhopursawai madhopurtonktonktonktonktonkudaipurudaipurudaipurudaipurudaipurarariaarariaarariaarariaarariaarwalarwalarwalarwalarwalaurangabadaurangabadaurangabadaurangabadaurangabadbankabankabankabankabankabegusaraibegusaraibegusaraibegusaraibegusaraibhagalpurbhagalpurbhagalpurbhagalpurbhagalpurbhojpurbhojpurbhojpurbhojpurbhojpurbuxarbuxarbuxarbuxarbuxardarbhangadarbhangadarbhangadarbhangadarbhangagayagayagayagayagayagopalganjgopalganjgopalganjgopalganjgopalganjjamuijamuijamuijamuijamuijehanabadjehanabadjehanabadjehanabadjehanabadkaimurkaimurkaimurkaimurkaimurkatiharkatiharkatiharkatiharkatiharkhagariakhagariakhagariakhagariakhagariakishanganjkishanganjkishanganjkishanganjkishanganjlakhisarailakhisarailakhisarailakhisarailakhisaraimadhepuramadhepuramadhepuramadhepuramadhepuramadhubanimadhubanimadhubanimadhubanimadhubanimungermungermungermungermungermuzaffarpurmuzaffarpurmuzaffarpurmuzaffarpurmuzaffarpurnalandanalandanalandanalandanalandanawadanawadanawadanawadanawadapashchim champaranpashchim champaranpashchim champaranpashchim champaranpashchim champaranpatnapatnapatnapatnapatnapurbi champaranpurbi champaranpurbi champaranpurbi champaranpurbi champaranpurniapurniapurniapurniapurniarohtasrohtasrohtasrohtasrohtassaharsasaharsasaharsasaharsasaharsasamastipursamastipursamastipursamastipursamastipursaransaransaransaransaransheikhpurasheikhpurasheikhpurasheikhpurasheikhpurasheoharsheoharsheoharsheoharsheoharsitamarhisitamarhisitamarhisitamarhisitamarhisiwansiwansiwansiwansiwansupaulsupaulsupaulsupaulsupaulvaishalivaishalivaishalivaishalivaishalidinajpur dakshindinajpur dakshindinajpur dakshindinajpur dakshindinajpur dakshindinajpur uttardinajpur uttardinajpur uttardinajpur uttardinajpur uttarpaschim bardhamanpaschim bardhamanpaschim bardhamanpaschim bardhamanpaschim bardhamanpurba bardhamanpurba bardhamanpurba bardhamanpurba bardhamanpurba bardhamanpuruliapuruliapuruliapuruliapurulianagapattinamnagapattinamnagapattinamnagapattinamnagapattinamvirudunagarvirudunagarvirudunagarvirudunagarvirudunagaranugulanugulanugulanugulanugulbalangirbalangirbalangirbalangirbalangirbaleshwarbaleshwarbaleshwarbaleshwarbaleshwarbargarhbargarhbargarhbargarhbargarhbhadrakbhadrakbhadrakbhadrakbhadrakboudhboudhboudhboudhboudhcuttackcuttackcuttackcuttackcuttackdeogarhdeogarhdeogarhdeogarhdeogarhdhenkanaldhenkanaldhenkanaldhenkanaldhenkanalgajapatigajapatigajapatigajapatigajapatiganjamganjamganjamganjamganjamjagatsinghapurjagatsinghapurjagatsinghapurjagatsinghapurjagatsinghapurjajapurjajapurjajapurjajapurjajapurjharsugudajharsugudajharsugudajharsugudajharsugudakalahandikalahandikalahandikalahandikalahandikandhamalkandhamalkandhamalkandhamalkandhamalkendraparakendraparakendraparakendraparakendraparakendujharkendujharkendujharkendujharkendujharkhordhakhordhakhordhakhordhakhordhakoraputkoraputkoraputkoraputkoraputmalkangirimalkangirimalkangirimalkangirimalkangirimayurbhanjmayurbhanjmayurbhanjmayurbhanjmayurbhanjnabarangpurnabarangpurnabarangpurnabarangpurnabarangpurnayagarhnayagarhnayagarhnayagarhnayagarhnuapadanuapadanuapadanuapadanuapadapuripuripuripuripurirayagadarayagadarayagadarayagadarayagadasambalpursambalpursambalpursambalpursambalpursonepursonepursonepursonepursonepursundargarhsundargarhsundargarhsundargarhsundargarhbaksabaksabaksabaksabaksabarpetabarpetabarpetabarpetabarpetabongaigaonbongaigaonbongaigaonbongaigaonbongaigaoncacharcacharcacharcacharcacharchirangchirangchirangchirangchirangdarrangdarrangdarrangdarrangdarrangdhemajidhemajidhemajidhemajidhemajidhubridhubridhubridhubridhubridibrugarhdibrugarhdibrugarhdibrugarhdibrugarhdima hasaodima hasaodima hasaodima hasaodima hasaogoalparagoalparagoalparagoalparagoalparagolaghatgolaghatgolaghatgolaghatgolaghathailakandihailakandihailakandihailakandihailakandijorhatjorhatjorhatjorhatjorhatkamrupkamrupkamrupkamrupkamrupkarbi anglongkarbi anglongkarbi anglongkarbi anglongkarbi anglongkarimganjkarimganjkarimganjkarimganjkarimganjkokrajharkokrajharkokrajharkokrajharkokrajharlakhimpurlakhimpurlakhimpurlakhimpurlakhimpurmorigaonmorigaonmorigaonmorigaonmorigaonnagaonnagaonnagaonnagaonnagaonnalbarinalbarinalbarinalbarinalbarisivasagarsivasagarsivasagarsivasagarsivasagarsonitpursonitpursonitpursonitpursonitpurtinsukiatinsukiatinsukiatinsukiatinsukiaudalguriudalguriudalguriudalguriudalguribokarobokarobokarobokarobokarochatrachatrachatrachatrachatradeoghardeoghardeoghardeoghardeoghardhanbaddhanbaddhanbaddhanbaddhanbaddumkadumkadumkadumkadumkaeast singhbumeast singhbumeast singhbumeast singhbumeast singhbumgarhwagarhwagarhwagarhwagarhwagiridihgiridihgiridihgiridihgiridihgoddagoddagoddagoddagoddagumlagumlagumlagumlagumlahazaribaghhazaribaghhazaribaghhazaribaghhazaribaghjamtarajamtarajamtarajamtarajamtarakhuntikhuntikhuntikhuntikhuntikodermakodermakodermakodermakodermalateharlateharlateharlateharlateharlohardagalohardagalohardagalohardagalohardagapakurpakurpakurpakurpakurpalamupalamupalamupalamupalamuramgarhramgarhramgarhramgarhramgarhranchiranchiranchiranchiranchisahibganjsahibganjsahibganjsahibganjsahibganjsaraikelakharsawansaraikelakharsawansaraikelakharsawansaraikelakharsawansaraikelakharsawansimdegasimdegasimdegasimdegasimdegawest singhbhumwest singhbhumwest singhbhumwest singhbhumwest singhbhumbilaspurbilaspurbilaspurbilaspurbilaspurchambachambachambachambachambakangrakangrakangrakangrakangrakinnaurkinnaurkinnaurkinnaurkinnaurkullukullukullukullukullumandimandimandimandimandishimlashimlashimlashimlashimlasirmaursirmaursirmaursirmaursirmaursolansolansolansolansolanunaunaunaunaunakaimur (bhabua)kaimur (bhabua)kaimur (bhabua)kaimur (bhabua)kaimur (bhabua)baloda bazarbaloda bazarbaloda bazarbaloda bazarbaloda bazaruttar bastar kankeruttar bastar kankeruttar bastar kankeruttar bastar kankeruttar bastar kankerbemetarabemetarabemetarabemetarabemetarabijapurbijapurbijapurbijapurbijapurdantewadadantewadadantewadadantewadadantewadadhamtaridhamtaridhamtaridhamtaridhamtaridurgdurgdurgdurgdurggariabandgariabandgariabandgariabandgariabandjanjgirchampajanjgirchampajanjgirchampajanjgirchampajanjgirchampajashpurjashpurjashpurjashpurjashpurkabirdhamkabirdhamkabirdhamkabirdhamkabirdhamkondagaonkondagaonkondagaonkondagaonkondagaonkorbakorbakorbakorbakorbakoreakoreakoreakoreakoreamahasamundmahasamundmahasamundmahasamundmahasamundmungelimungelimungelimungelimungelinarayanpurnarayanpurnarayanpurnarayanpurnarayanpurraigarhraigarhraigarhraigarhraigarhraipurraipurraipurraipurraipurrajnandgaonrajnandgaonrajnandgaonrajnandgaonrajnandgaonsukmasukmasukmasukmasukmasurajpursurajpursurajpursurajpursurajpursurgujasurgujasurgujasurgujasurgujalahul and spitilahul and spitilahul and spitilahul and spitilahul and spitiarvalliarvalliarvalliarvalliarvallibanas kanthabanas kanthabanas kanthabanas kanthabanas kanthadevbhumi dwarkadevbhumi dwarkadevbhumi dwarkadevbhumi dwarkadevbhumi dwarkakachchhkachchhkachchhkachchhkachchhpatanpatanpatanpatanpatanrajkotrajkotrajkotrajkotrajkotahmadnagarahmadnagarahmadnagarahmadnagarahmadnagarakolaakolaakolaakolaakolabuldhanabuldhanabuldhanabuldhanabuldhanahingolihingolihingolihingolihingolijalgaonjalgaonjalgaonjalgaonjalgaonjalnajalnajalnajalnajalnaparbhaniparbhaniparbhaniparbhaniparbhaniwashimwashimwashimwashimwashimyavatmalyavatmalyavatmalyavatmalyavatmalagar malwaagar malwaagar malwaagar malwaagar malwaalirajpuralirajpuralirajpuralirajpuralirajpuranuppuranuppuranuppuranuppuranuppurashoknagarashoknagarashoknagarashoknagarashoknagarbalaghatbalaghatbalaghatbalaghatbalaghatbarwanibarwanibarwanibarwanibarwanibetulbetulbetulbetulbetulbhopalbhopalbhopalbhopalbhopalburhanpurburhanpurburhanpurburhanpurburhanpurchhatarpurchhatarpurchhatarpurchhatarpurchhatarpurchhindwarachhindwarachhindwarachhindwarachhindwaradamohdamohdamohdamohdamohdatiadatiadatiadatiadatiadewasdewasdewasdewasdewasdhardhardhardhardhardindoridindoridindoridindoridindorigunagunagunagunagunagwaliorgwaliorgwaliorgwaliorgwaliorhardahardahardahardahardahoshangabadhoshangabadhoshangabadhoshangabadhoshangabadindoreindoreindoreindoreindorejabalpurjabalpurjabalpurjabalpurjabalpurjhabuajhabuajhabuajhabuajhabuakatnikatnikatnikatnikatnikhandwakhandwakhandwakhandwakhandwakhargonekhargonekhargonekhargonekhargonemandlamandlamandlamandlamandlamandsaurmandsaurmandsaurmandsaurmandsaurmorenamorenamorenamorenamorenanarsinghpurnarsinghpurnarsinghpurnarsinghpurnarsinghpurneemuchneemuchneemuchneemuchneemuchpannapannapannapannapannaraisenraisenraisenraisenraisenrajgarhrajgarhrajgarhrajgarhrajgarhratlamratlamratlamratlamratlamrewarewarewarewarewasagarsagarsagarsagarsagarsatnasatnasatnasatnasatnasehoresehoresehoresehoresehoreseoniseoniseoniseoniseonishahdolshahdolshahdolshahdolshahdolshajapurshajapurshajapurshajapurshajapursheopursheopursheopursheopursheopurshivpurishivpurishivpurishivpurishivpurisidhisidhisidhisidhisidhisingraulisingraulisingraulisingraulisingraulitikamgarhtikamgarhtikamgarhtikamgarhtikamgarhujjainujjainujjainujjainujjainumariaumariaumariaumariaumariavidishavidishavidishavidishavidishabarmerbarmerbarmerbarmerbarmerchittaurgarhchittaurgarhchittaurgarhchittaurgarhchittaurgarhchuruchuruchuruchuruchurudausadausadausadausadausajaipurjaipurjaipurjaipurjaipurjalorejalorejalorejalorejalorejodhpurjodhpurjodhpurjodhpurjodhpurnagaurnagaurnagaurnagaurnagaurpalipalipalipalipalisikarsikarsikarsikarsikarsirohisirohisirohisirohisirohiharidwarharidwarharidwarharidwarharidwarudam singh nagarudam singh nagarudam singh nagarudam singh nagarudam singh nagarkanchipuramkanchipuramkanchipuramkanchipuramkanchipuramvillupuramvillupuramvillupuramvillupuramvillupurambhindbhindbhindbhindbhindbagalkotebagalkotebagalkotebagalkotebagalkotebuldanabuldanabuldanabuldanabuldanawardhawardhawardhawardhawardhasahebganjsahebganjsahebganjsahebganjsahebganjsaraikela kharsawansaraikela kharsawansaraikela kharsawansaraikela kharsawansaraikela kharsawangautam buddha nagargautam buddha nagargautam buddha nagargautam buddha nagargautam buddha nagarkherikherikherikherikherikushi nagarkushi nagarkushi nagarkushi nagarkushi nagarsant ravidas nagarsant ravidas nagarsant ravidas nagarsant ravidas nagarsant ravidas nagarmahendragarhmahendragarhmahendragarhmahendragarhmahendragarhjamnagarjamnagarjamnagarjamnagarjamnagarchamrajnagarchamrajnagarchamrajnagarchamrajnagarchamrajnagartumkurtumkurtumkurtumkurtumkurbalodbalodbalodbalodbalodbastarbastarbastarbastarbastargariyabandgariyabandgariyabandgariyabandgariyabandjanjgir-champajanjgir-champajanjgir-champajanjgir-champajanjgir-champakankerkankerkankerkankerkankeramreliamreliamreliamreliamrelibhavnagarbhavnagarbhavnagarbhavnagarbhavnagarbotadbotadbotadbotadbotadgir somnathgir somnathgir somnathgir somnathgir somnathjunagadhjunagadhjunagadhjunagadhjunagadhmorbimorbimorbimorbimorbikamrup metrokamrup metrokamrup metrokamrup metrokamrup metromarigaonmarigaonmarigaonmarigaonmarigaonbikanerbikanerbikanerbikanerbikanerjaisalmerjaisalmerjaisalmerjaisalmerjaisalmerjhunjhununjhunjhununjhunjhununjhunjhununjhunjhununshahjahanpurshahjahanpurshahjahanpurshahjahanpurshahjahanpurnicobarsnicobarsnicobarsnicobarsnicobarsnorth and middle andamannorth and middle andamannorth and middle andamannorth and middle andamannorth and middle andamansouth andamanssouth andamanssouth andamanssouth andamanssouth andamansanjawanjawanjawanjawanjawchanglangchanglangchanglangchanglangchanglangdibang valleydibang valleydibang valleydibang valleydibang valleyeast kamengeast kamengeast kamengeast kamengeast kamengeast siangeast siangeast siangeast siangeast siangkra daadikra daadikra daadikra daadikra daadikurung kumeykurung kumeykurung kumeykurung kumeykurung kumeylohitlohitlohitlohitlohitlongdinglongdinglongdinglongdinglongdinglower dibang valleylower dibang valleylower dibang valleylower dibang valleylower dibang valleylower subansirilower subansirilower subansirilower subansirilower subansirinamsainamsainamsainamsainamsaipapum parepapum parepapum parepapum parepapum paresiangsiangsiangsiangsiangtawangtawangtawangtawangtawangtiraptiraptiraptiraptirapupper siangupper siangupper siangupper siangupper siangupper subansiriupper subansiriupper subansiriupper subansiriupper subansiriwest kamengwest kamengwest kamengwest kamengwest kamengwest siangwest siangwest siangwest siangwest siangchandigarhchandigarhchandigarhchandigarhchandigarhdadra and nagar havelidadra and nagar havelidadra and nagar havelidadra and nagar havelidadra and nagar havelibishnupurbishnupurbishnupurbishnupurbishnupurchandelchandelchandelchandelchandelchurachandpurchurachandpurchurachandpurchurachandpurchurachandpurimphal eastimphal eastimphal eastimphal eastimphal eastimphal westimphal westimphal westimphal westimphal westsenapatisenapatisenapatisenapatisenapatitamenglongtamenglongtamenglongtamenglongtamenglongthoubalthoubalthoubalthoubalthoubalukhrulukhrulukhrulukhrulukhruleast garo hillseast garo hillseast garo hillseast garo hillseast garo hillseast jaintia hillseast jaintia hillseast jaintia hillseast jaintia hillseast jaintia hillseast khasi hillseast khasi hillseast khasi hillseast khasi hillseast khasi hillsnorth garo hillsnorth garo hillsnorth garo hillsnorth garo hillsnorth garo hillsri bhoiri bhoiri bhoiri bhoiri bhoisouth garo hillssouth garo hillssouth garo hillssouth garo hillssouth garo hillssouth west garo hillssouth west garo hillssouth west garo hillssouth west garo hillssouth west garo hillssouth west khasi hillssouth west khasi hillssouth west khasi hillssouth west khasi hillssouth west khasi hillswest garo hillswest garo hillswest garo hillswest garo hillswest garo hillswest jaintia hillswest jaintia hillswest jaintia hillswest jaintia hillswest jaintia hillswest khasi hillswest khasi hillswest khasi hillswest khasi hillswest khasi hillsaizawlaizawlaizawlaizawlaizawlchamphaichamphaichamphaichamphaichamphaikolasibkolasibkolasibkolasibkolasiblawngtlailawngtlailawngtlailawngtlailawngtlailungleilungleilungleilungleilungleimamitmamitmamitmamitmamitsaihasaihasaihasaihasaihaserchhipserchhipserchhipserchhipserchhipdimapurdimapurdimapurdimapurdimapurkiphirekiphirekiphirekiphirekiphirekohimakohimakohimakohimakohimalonglenglonglenglonglenglonglenglonglengmokokchungmokokchungmokokchungmokokchungmokokchungmonmonmonmonmonperenperenperenperenperenphekphekphekphekphektuensangtuensangtuensangtuensangtuensangwokhawokhawokhawokhawokhazunhebotozunhebotozunhebotozunhebotozunhebotokaraikalkaraikalkaraikalkaraikalkaraikalpondicherrypondicherrypondicherrypondicherrypondicherryyanamyanamyanamyanamyanameast districteast districteast districteast districteast districtnorth districtnorth districtnorth districtnorth districtnorth districtsouth districtsouth districtsouth districtsouth districtsouth districtwest districtwest districtwest districtwest districtwest districtadilabadadilabadadilabadadilabadadilabadbhadradribhadradribhadradribhadradribhadradrihanumakondahanumakondahanumakondahanumakondahanumakondajagitialjagitialjagitialjagitialjagitialjangoanjangoanjangoanjangoanjangoanjayashankarjayashankarjayashankarjayashankarjayashankarjogulambajogulambajogulambajogulambajogulambakamareddykamareddykamareddykamareddykamareddykarimnagarkarimnagarkarimnagarkarimnagarkarimnagarkhammamkhammamkhammamkhammamkhammamkomaram bheem asifabadkomaram bheem asifabadkomaram bheem asifabadkomaram bheem asifabadkomaram bheem asifabadmahabubabadmahabubabadmahabubabadmahabubabadmahabubabadmahbubnagarmahbubnagarmahbubnagarmahbubnagarmahbubnagarmancherialmancherialmancherialmancherialmancherialmedakmedakmedakmedakmedakmedchal malkajgirimedchal malkajgirimedchal malkajgirimedchal malkajgirimedchal malkajgirinagarkurnoolnagarkurnoolnagarkurnoolnagarkurnoolnagarkurnoolnalgondanalgondanalgondanalgondanalgondanirmalnirmalnirmalnirmalnirmalnizamabadnizamabadnizamabadnizamabadnizamabadpeddapallipeddapallipeddapallipeddapallipeddapallirajannarajannarajannarajannarajannarangareddirangareddirangareddirangareddirangareddisangareddysangareddysangareddysangareddysangareddysiddipetsiddipetsiddipetsiddipetsiddipetsuryapetsuryapetsuryapetsuryapetsuryapetvikarabadvikarabadvikarabadvikarabadvikarabadwanaparthywanaparthywanaparthywanaparthywanaparthywarangalwarangalwarangalwarangalwarangalyadadriyadadriyadadriyadadriyadadridhalaidhalaidhalaidhalaidhalaigomatigomatigomatigomatigomatikhowaikhowaikhowaikhowaikhowainorth tripuranorth tripuranorth tripuranorth tripuranorth tripurasepahijalasepahijalasepahijalasepahijalasepahijalasouth tripurasouth tripurasouth tripurasouth tripurasouth tripuraunakotiunakotiunakotiunakotiunakotiwest tripurawest tripurawest tripurawest tripurawest tripura,ricemaizebajraragijowarricemaizebajraragijowarricemaizebajraragijowarricemaizebajraragijowarricemaizebajraragijowarricemaizebajraragijowarricemaizebajraragijowarricemaizebajraragijowarricemaizebajraragijowarricemaizebajraragijowarricemaizebajraragijowarricemaizebajraragijowarricemaizebajraragijowarricemaizebajraragijowarricemaizebajraragijowarricemaizebajraragijowarricemaizebajraragijowarricemaizebajraragijowarricemaizebajraragijowarricemaizebajraragijowarricemaizebajraragijowarricemaizebajraragijowarricemaizebajraragijowarricemaizebajraragijowarricemaizebajraragijowarricemaizebajraragijowarricemaizebajraragijowarricemaizebajraragijowarricemaizebajraragijowarricemaizebajraragijowarricemaizebajraragijowarricemaizebajraragijowarricemaizebajraragijowarricemaizebajraragijowarricemaizebajraragijowarricemaizebajraragijowarricemaizebajraragijowarricemaizebajraragijowarricemaizebajraragijowarricemaizebajraragijowarricemaizebajraragijowarricemaizebajraragijowarricemaizebajraragijowarricemaizebajraragijowarricemaizebajraragijowarricemaizebajraragijowarricemaizebajraragijowarricemaizebajraragijowarricemaizebajraragijowarricemaizebajraragijowarricemaizebajraragijowarricemaizebajraragijowarricemaizebajraragijowarricemaizebajraragijowarricemaizebajraragijowarricemaizebajraragijowarricemaizebajraragijowarricemaizebajraragijowarricemaizebajraragijowarricemaizebajraragijowarricemaizebajraragijowarricemaizebajraragijowarricemaizebajraragijowarricemaizebajraragijowarricemaizebajraragijowarricemaizebajraragijowarricemaizebajraragijowarricemaizebajraragijowarricemaizebajraragijowarricemaizebajraragijowarricemaizebajraragijowarricemaizebajraragijowarricemaizebajraragijowarricemaizebajraragijowarricemaizebajraragijowarricemaizebajraragijowarricemaizebajraragijowarricemaizebajraragijowarricemaizebajraragijowarricemaizebajraragijowarricemaizebajraragijowarricemaizebajraragijowarricemaizebajraragijowarricemaizebajraragijowarricemaizebajraragijowarricemaizebajraragijowarricemaizebajraragijowarricemaizebajraragijowarricemaizebajraragijowarricemaizebajraragijowarricemaizebajraragijowarricemaizebajraragijowarricemaizebajraragijowarricemaizebajraragijowarricemaizebajraragijowarricemaizebajraragijowarricemaizebajraragijowarricemaizebajraragijowarricemaizebajraragijowarricemaizebajraragijowarricemaizebajraragijowarricemaizebajraragijowarricemaizebajraragijowarricemaizebajraragijowarricemaizebajraragijowarricemaizebajraragijowarricemaizebajraragijowarricemaizebajraragijowarricemaizebajraragijowarricemaizebajraragijowarricemaizebajraragijowarricemaizebajraragijowarricemaizebajraragijowarricemaizebajraragijowarricemaizebajraragijowarricemaizebajraragijowarricemaizebajraragijowarricemaizebajraragijowarricemaizebajraragijowarricemaizebajraragijowarricemaizebajraragijowarricemaizebajraragijowarricemaizebajraragijowarricemaizebajraragijowarricemaizebajraragijowarricemaizebajraragijowarricemaizebajraragijowarricemaizebajraragijowarricemaizebajraragijowarricemaizebajraragijowarricemaizebajraragijowarricemaizebajraragijowarricemaizebajraragijowarricemaizebajraragijowarricemaizebajraragijowarricemaizebajraragijowarricemaizebajraragijowarricemaizebajraragijowarricemaizebajraragijowarricemaizebajraragijowarricemaizebajraragijowarricemaizebajraragijowarricemaizebajraragijowarricemaizebajraragijowarricemaizebajraragijowarricemaizebajraragijowarricemaizebajraragijowarricemaizebajraragijowarricemaizebajraragijowarricemaizebajraragijowarricemaizebajraragijowarricemaizebajraragijowarricemaizebajraragijowarricemaizebajraragijowarricemaizebajraragijowarricemaizebajraragijowarricemaizebajraragijowarricemaizebajraragijowarricemaizebajraragijowarricemaizebajraragijowarricemaizebajraragijowarricemaizebajraragijowarricemaizebajraragijowarricemaizebajraragijowarricemaizebajraragijowarricemaizebajraragijowarricemaizebajraragijowarricemaizebajraragijowarricemaizebajraragijowarricemaizebajraragijowarricemaizebajraragijowarricemaizebajraragijowarricemaizebajraragijowarricemaizebajraragijowarricemaizebajraragijowarricemaizebajraragijowarricemaizebajraragijowarricemaizebajraragijowarricemaizebajraragijowarricemaizebajraragijowarricemaizebajraragijowarricemaizebajraragijowarricemaizebajraragijowarricemaizebajraragijowarricemaizebajraragijowarricemaizebajraragijowarricemaizebajraragijowarricemaizebajraragijowarricemaizebajraragijowarricemaizebajraragijowarricemaizebajraragijowarricemaizebajraragijowarricemaizebajraragijowarricemaizebajraragijowarricemaizebajraragijowarricemaizebajraragijowarricemaizebajraragijowarricemaizebajraragijowarricemaizebajraragijowarricemaizebajraragijowarricemaizebajraragijowarricemaizebajraragijowarricemaizebajraragijowarricemaizebajraragijowarricemaizebajraragijowarricemaizebajraragijowarricemaizebajraragijowarricemaizebajraragijowarricemaizebajraragijowarricemaizebajraragijowarricemaizebajraragijowarricemaizebajraragijowarricemaizebajraragijowarricemaizebajraragijowarricemaizebajraragijowarricemaizebajraragijowarricemaizebajraragijowarricemaizebajraragijowarricemaizebajraragijowarricemaizebajraragijowarricemaizebajraragijowarricemaizebajraragijowarricemaizebajraragijowarricemaizebajraragijowarricemaizebajraragijowarricemaizebajraragijowarricemaizebajraragijowarricemaizebajraragijowarricemaizebajraragijowarricemaizebajraragijowarricemaizebajraragijowarricemaizebajraragijowarricemaizebajraragijowarricemaizebajraragijowarricemaizebajraragijowarricemaizebajraragijowarricemaizebajraragijowarricemaizebajraragijowarricemaizebajraragijowarricemaizebajraragijowarricemaizebajraragijowarricemaizebajraragijowarricemaizebajraragijowarricemaizebajraragijowarricemaizebajraragijowarricemaizebajraragijowarricemaizebajraragijowarricemaizebajraragijowarricemaizebajraragijowarricemaizebajraragijowarricemaizebajraragijowarricemaizebajraragijowarricemaizebajraragijowarricemaizebajraragijowarricemaizebajraragijowarricemaizebajraragijowarricemaizebajraragijowarricemaizebajraragijowarricemaizebajraragijowarricemaizebajraragijowarricemaizebajraragijowarricemaizebajraragijowarricemaizebajraragijowarricemaizebajraragijowarricemaizebajraragijowarricemaizebajraragijowarricemaizebajraragijowarricemaizebajraragijowarricemaizebajraragijowarricemaizebajraragijowarricemaizebajraragijowarricemaizebajraragijowarricemaizebajraragijowarricemaizebajraragijowarricemaizebajraragijowarricemaizebajraragijowarricemaizebajraragijowarricemaizebajraragijowarricemaizebajraragijowarricemaizebajraragijowarricemaizebajraragijowarricemaizebajraragijowarricemaizebajraragijowarricemaizebajraragijowarricemaizebajraragijowarricemaizebajraragijowarricemaizebajraragijowarricemaizebajraragijowarricemaizebajraragijowarricemaizebajraragijowarricemaizebajraragijowarricemaizebajraragijowarricemaizebajraragijowarricemaizebajraragijowarricemaizebajraragijowarricemaizebajraragijowarricemaizebajraragijowarricemaizebajraragijowarricemaizebajraragijowarricemaizebajraragijowarricemaizebajraragijowarricemaizebajraragijowarricemaizebajraragijowarricemaizebajraragijowarricemaizebajraragijowarricemaizebajraragijowarricemaizebajraragijowarricemaizebajraragijowarricemaizebajraragijowarricemaizebajraragijowarricemaizebajraragijowarricemaizebajraragijowarricemaizebajraragijowarricemaizebajraragijowarricemaizebajraragijowarricemaizebajraragijowarricemaizebajraragijowarricemaizebajraragijowarricemaizebajraragijowarricemaizebajraragijowarricemaizebajraragijowarricemaizebajraragijowarricemaizebajraragijowarricemaizebajraragijowarricemaizebajraragijowarricemaizebajraragijowarricemaizebajraragijowarricemaizebajraragijowarricemaizebajraragijowarricemaizebajraragijowarricemaizebajraragijowarricemaizebajraragijowarricemaizebajraragijowarricemaizebajraragijowarricemaizebajraragijowarricemaizebajraragijowarricemaizebajraragijowarricemaizebajraragijowarricemaizebajraragijowarricemaizebajraragijowarricemaizebajraragijowarricemaizebajraragijowarricemaizebajraragijowarricemaizebajraragijowarricemaizebajraragijowarricemaizebajraragijowarricemaizebajraragijowarricemaizebajraragijowarricemaizebajraragijowarricemaizebajraragijowarricemaizebajraragijowarricemaizebajraragijowarricemaizebajraragijowarricemaizebajraragijowarricemaizebajraragijowarricemaizebajraragijowarricemaizebajraragijowarricemaizebajraragijowarricemaizebajraragijowarricemaizebajraragijowarricemaizebajraragijowarricemaizebajraragijowarricemaizebajraragijowarricemaizebajraragijowarricemaizebajraragijowarricemaizebajraragijowarricemaizebajraragijowarricemaizebajraragijowarricemaizebajraragijowarricemaizebajraragijowarricemaizebajraragijowarricemaizebajraragijowarricemaizebajraragijowarricemaizebajraragijowarricemaizebajraragijowarricemaizebajraragijowarricemaizebajraragijowarricemaizebajraragijowarricemaizebajraragijowarricemaizebajraragijowarricemaizebajraragijowarricemaizebajraragijowarricemaizebajraragijowarricemaizebajraragijowarricemaizebajraragijowarricemaizebajraragijowarricemaizebajraragijowarricemaizebajraragijowarricemaizebajraragijowarricemaizebajraragijowarricemaizebajraragijowarricemaizebajraragijowarricemaizebajraragijowarricemaizebajraragijowarricemaizebajraragijowarricemaizebajraragijowarricemaizebajraragijowarricemaizebajraragijowarricemaizebajraragijowarricemaizebajraragijowarricemaizebajraragijowarricemaizebajraragijowarricemaizebajraragijowarricemaizebajraragijowarricemaizebajraragijowarricemaizebajraragijowarricemaizebajraragijowarricemaizebajraragijowarricemaizebajraragijowarricemaizebajraragijowarricemaizebajraragijowarricemaizebajraragijowarricemaizebajraragijowarricemaizebajraragijowarricemaizebajraragijowarricemaizebajraragijowarricemaizebajraragijowarricemaizebajraragijowarricemaizebajraragijowarricemaizebajraragijowarricemaizebajraragijowarricemaizebajraragijowarricemaizebajraragijowarricemaizebajraragijowarricemaizebajraragijowarricemaizebajraragijowarricemaizebajraragijowarricemaizebajraragijowarricemaizebajraragijowarricemaizebajraragijowarricemaizebajraragijowarricemaizebajraragijowarricemaizebajraragijowarricemaizebajraragijowarricemaizebajraragijowarricemaizebajraragijowarricemaizebajraragijowarricemaizebajraragijowarricemaizebajraragijowarricemaizebajraragijowarricemaizebajraragijowarricemaizebajraragijowarricemaizebajraragijowarricemaizebajraragijowarricemaizebajraragijowarricemaizebajraragijowarricemaizebajraragijowarricemaizebajraragijowarricemaizebajraragijowarricemaizebajraragijowarricemaizebajraragijowarricemaizebajraragijowarricemaizebajraragijowarricemaizebajraragijowarricemaizebajraragijowarricemaizebajraragijowarricemaizebajraragijowarricemaizebajraragijowarricemaizebajraragijowarricemaizebajraragijowarricemaizebajraragijowarricemaizebajraragijowarricemaizebajraragijowarricemaizebajraragijowarricemaizebajraragijowarricemaizebajraragijowarricemaizebajraragijowarricemaizebajraragijowarricemaizebajraragijowarricemaizebajraragijowarricemaizebajraragijowarricemaizebajraragijowarricemaizebajraragijowarricemaizebajraragijowarricemaizebajraragijowarricemaizebajraragijowarricemaizebajraragijowarricemaizebajraragijowarricemaizebajraragijowarricemaizebajraragijowarricemaizebajraragijowarricemaizebajraragijowarricemaizebajraragijowarricemaizebajraragijowarricemaizebajraragijowarricemaizebajraragijowarricemaizebajraragijowarricemaizebajraragijowarricemaizebajraragijowarricemaizebajraragijowarricemaizebajraragijowarricemaizebajraragijowarricemaizebajraragijowarricemaizebajraragijowarricemaizebajraragijowarricemaizebajraragijowarricemaizebajraragijowarricemaizebajraragijowarricemaizebajraragijowarricemaizebajraragijowarricemaizebajraragijowarricemaizebajraragijowarricemaizebajraragijowarricemaizebajraragijowarricemaizebajraragijowarricemaizebajraragijowarricemaizebajraragijowarricemaizebajraragijowarricemaizebajraragijowarricemaizebajraragijowarricemaizebajraragijowarricemaizebajraragijowarricemaizebajraragijowarricemaizebajraragijowarricemaizebajraragijowarricemaizebajraragijowarricemaizebajraragijowarricemaizebajraragijowarricemaizebajraragijowarricemaizebajraragijowarricemaizebajraragijowarricemaizebajraragijowarricemaizebajraragijowarricemaizebajraragijowarricemaizebajraragijowarricemaizebajraragijowarricemaizebajraragijowarricemaizebajraragijowarricemaizebajraragijowarricemaizebajraragijowarricemaizebajraragijowarricemaizebajraragijowarricemaizebajraragijowarricemaizebajraragijowarricemaizebajraragijowarricemaizebajraragijowarricemaizebajraragijowarricemaizebajraragijowarricemaizebajraragijowarricemaizebajraragijowarricemaizebajraragijowarricemaizebajraragijowarricemaizebajraragijowarricemaizebajraragijowarricemaizebajraragijowarricemaizebajraragijowarricemaizebajraragijowarricemaizebajraragijowarricemaizebajraragijowarricemaizebajraragijowarricemaizebajraragijowarricemaizebajraragijowarricemaizebajraragijowarricemaizebajraragijowarricemaizebajraragijowarricemaizebajraragijowarricemaizebajraragijowarricemaizebajraragijowarricemaizebajraragijowarricemaizebajraragijowarricemaizebajraragijowarricemaizebajraragijowarricemaizebajraragijowarricemaizebajraragijowarricemaizebajraragijowarricemaizebajraragijowarricemaizebajraragijowarricemaizebajraragijowarricemaizebajraragijowarricemaizebajraragijowarricemaizebajraragijowarricemaizebajraragijowarricemaizebajraragijowarricemaizebajraragijowarricemaizebajraragijowarricemaizebajraragijowarricemaizebajraragijowarricemaizebajraragijowarricemaizebajraragijowarricemaizebajraragijowarricemaizebajraragijowarricemaizebajraragijowarricemaizebajraragijowarricemaizebajraragijowarricemaizebajraragijowarricemaizebajraragijowarricemaizebajraragijowarricemaizebajraragijowarricemaizebajraragijowarricemaizebajraragijowarricemaizebajraragijowarricemaizebajraragijowarricemaizebajraragijowarricemaizebajraragijowarricemaizebajraragijowarricemaizebajraragijowarricemaizebajraragijowarricemaizebajraragijowarricemaizebajraragijowarricemaizebajraragijowarricemaizebajraragijowarricemaizebajraragijowarricemaizebajraragijowarricemaizebajraragijowarricemaizebajraragijowarricemaizebajraragijowarricemaizebajraragijowarricemaizebajraragijowarricemaizebajraragijowarricemaizebajraragijowarricemaizebajraragijowarricemaizebajraragijowarricemaizebajraragijowarricemaizebajraragijowarricemaizebajraragijowarricemaizebajraragijowarricemaizebajraragijowarricemaizebajraragijowarricemaizebajraragijowarricemaizebajraragijowarricemaizebajraragijowarricemaizebajraragijowarricemaizebajraragijowarricemaizebajraragijowarricemaizebajraragijowarricemaizebajraragijowarricemaizebajraragijowarricemaizebajraragijowarricemaizebajraragijowarricemaizebajraragijowarricemaizebajraragijowarricemaizebajraragijowarricemaizebajraragijowarricemaizebajraragijowarricemaizebajraragijowarricemaizebajraragijowarricemaizebajraragijowarricemaizebajraragijowarricemaizebajraragijowarricemaizebajraragijowarricemaizebajraragijowarricemaizebajraragijowarricemaizebajraragijowarricemaizebajraragijowarricemaizebajraragijowarricemaizebajraragijowarricemaizebajraragijowarricemaizebajraragijowarricemaizebajraragijowarricemaizebajraragijowarricemaizebajraragijowarricemaizebajraragijowarricemaizebajraragijowarricemaizebajraragijowarricemaizebajraragijowarricemaizebajraragijowarricemaizebajraragijowarricemaizebajraragijowarricemaizebajraragijowarricemaizebajraragijowarricemaizebajraragijowarricemaizebajraragijowarricemaizebajraragijowarricemaizebajraragijowarricemaizebajraragijowarricemaizebajraragijowarricemaizebajraragijowarricemaizebajraragijowarricemaizebajraragijowarricemaizebajraragijowarricemaizebajraragijowarricemaizebajraragijowarricemaizebajraragijowarricemaizebajraragijowarricemaizebajraragijowarricemaizebajraragijowarricemaizebajraragijowarricemaizebajraragijowarricemaizebajraragijowarricemaizebajraragijowarricemaizebajraragijowarricemaizebajraragijowarricemaizebajraragijowarricemaizebajraragijowarricemaizebajraragijowarricemaizebajraragijowarricemaizebajraragijowarricemaizebajraragijowarricemaizebajraragijowarricemaizebajraragijowarricemaizebajraragijowarricemaizebajraragijowarricemaizebajraragijowarricemaizebajraragijowarricemaizebajraragijowarricemaizebajraragijowarricemaizebajraragijowarricemaizebajraragijowarricemaizebajraragijowarricemaizebajraragijowarricemaizebajraragijowarricemaizebajraragijowarricemaizebajraragijowarricemaizebajraragijowarricemaizebajraragijowarricemaizebajraragijowarricemaizebajraragijowar,2068540.0,2068540.0,527154.663699,10561605844.977083,7532990000.238739,183056562.35571742,297766226.054251,63697282.56387848,110981050.8796525,52092649.878001586,198474107.6511177,27787822.69095639,88051149.07898673,36120691989821.625,26459027670852.668,1070487.812258235,12948844.469338434,17326015.349423327,66012488.20476175,1781568.6258276543,6787814.481668226,1285954601.9280465,30705100486.115665,-10522527903.350681,-12573004048.80183,2068540.0,95.81191860124498,73.75342784280394,68.44127194066577,38.52339643033736,42.60526273719321,-36.51556829358575,16.30856187982023,91.73294717692346,73.75342784280394,73.75342784280394
27,telangana,ariyalurariyalurariyalurariyalurariyalurcoimbatorecoimbatorecoimbatorecoimbatorecoimbatorecuddalorecuddalorecuddalorecuddalorecuddaloredharmapuridharmapuridharmapuridharmapuridharmapuridindiguldindiguldindiguldindiguldindigulerodeerodeerodeerodeerodekancheepuramkancheepuramkancheepuramkancheepuramkancheepuramkanniyakumarikanniyakumarikanniyakumarikanniyakumarikanniyakumarikarurkarurkarurkarurkarurkrishnagirikrishnagirikrishnagirikrishnagirikrishnagirimaduraimaduraimaduraimaduraimadurainagappattinamnagappattinamnagappattinamnagappattinamnagappattinamnamakkalnamakkalnamakkalnamakkalnamakkalperambalurperambalurperambalurperambalurperambalurpudukkottaipudukkottaipudukkottaipudukkottaipudukkottairamanathapuramramanathapuramramanathapuramramanathapuramramanathapuramsalemsalemsalemsalemsalemsivagangasivagangasivagangasivagangasivagangathanjavurthanjavurthanjavurthanjavurthanjavurthe nilgiristhe nilgiristhe nilgiristhe nilgiristhe nilgiristhenithenithenithenithenithiruvallurthiruvallurthiruvallurthiruvallurthiruvallurthiruvarurthiruvarurthiruvarurthiruvarurthiruvarurtiruchirappallitiruchirappallitiruchirappallitiruchirappallitiruchirappallitirunelvelitirunelvelitirunelvelitirunelvelitirunelvelitiruppurtiruppurtiruppurtiruppurtiruppurtiruvannamalaitiruvannamalaitiruvannamalaitiruvannamalaitiruvannamalaituticorintuticorintuticorintuticorintuticorinvellorevellorevellorevellorevelloreviluppuramviluppuramviluppuramviluppuramviluppuramvirudhunagarvirudhunagarvirudhunagarvirudhunagarvirudhunagaramritsaramritsaramritsaramritsaramritsarbarnalabarnalabarnalabarnalabarnalabathindabathindabathindabathindabathindafaridkotfaridkotfaridkotfaridkotfaridkotfatehgarh sahibfatehgarh sahibfatehgarh sahibfatehgarh sahibfatehgarh sahibfazilkafazilkafazilkafazilkafazilkafirozpurfirozpurfirozpurfirozpurfirozpurgurdaspurgurdaspurgurdaspurgurdaspurgurdaspurhoshiarpurhoshiarpurhoshiarpurhoshiarpurhoshiarpurjalandharjalandharjalandharjalandharjalandharkapurthalakapurthalakapurthalakapurthalakapurthalaludhianaludhianaludhianaludhianaludhianamansamansamansamansamansamogamogamogamogamogamuktsarmuktsarmuktsarmuktsarmuktsarpathankotpathankotpathankotpathankotpathankotpatialapatialapatialapatialapatialarupnagarrupnagarrupnagarrupnagarrupnagarsangrursangrursangrursangrursangrurshahid bhagat singh nagarshahid bhagat singh nagarshahid bhagat singh nagarshahid bhagat singh nagarshahid bhagat singh nagartarn tarantarn tarantarn tarantarn tarantarn taranambalaambalaambalaambalaambalabhiwanibhiwanibhiwanibhiwanibhiwanicharki dadricharki dadricharki dadricharki dadricharki dadrifaridabadfaridabadfaridabadfaridabadfaridabadfatehabadfatehabadfatehabadfatehabadfatehabadgurgaongurgaongurgaongurgaongurgaonhisarhisarhisarhisarhisarjhajjarjhajjarjhajjarjhajjarjhajjarjindjindjindjindjindkaithalkaithalkaithalkaithalkaithalkarnalkarnalkarnalkarnalkarnalkurukshetrakurukshetrakurukshetrakurukshetrakurukshetramewatmewatmewatmewatmewatpalwalpalwalpalwalpalwalpalwalpanchkulapanchkulapanchkulapanchkulapanchkulapanipatpanipatpanipatpanipatpanipatrewarirewarirewarirewarirewarirohtakrohtakrohtakrohtakrohtaksirsasirsasirsasirsasirsasonipatsonipatsonipatsonipatsonipatyamunanagaryamunanagaryamunanagaryamunanagaryamunanagaranantapuranantapuranantapuranantapuranantapurchittoorchittoorchittoorchittoorchittooreast godavarieast godavarieast godavarieast godavarieast godavarigunturgunturgunturgunturgunturkadapakadapakadapakadapakadapakrishnakrishnakrishnakrishnakrishnakurnoolkurnoolkurnoolkurnoolkurnoolprakasamprakasamprakasamprakasamprakasamnellorenellorenellorenellorenelloresrikakulamsrikakulamsrikakulamsrikakulamsrikakulamvisakhapatnamvisakhapatnamvisakhapatnamvisakhapatnamvisakhapatnamvizianagaramvizianagaramvizianagaramvizianagaramvizianagaramwest godavariwest godavariwest godavariwest godavariwest godavariballariballariballariballariballaribangalore ruralbangalore ruralbangalore ruralbangalore ruralbangalore ruralbelagavibelagavibelagavibelagavibelagavibengaluru urbanbengaluru urbanbengaluru urbanbengaluru urbanbengaluru urbanbidarbidarbidarbidarbidarchamarajanagarachamarajanagarachamarajanagarachamarajanagarachamarajanagarachikkaballapurachikkaballapurachikkaballapurachikkaballapurachikkaballapurachikmagalurchikmagalurchikmagalurchikmagalurchikmagalurchitradurgachitradurgachitradurgachitradurgachitradurgadakshina kannadadakshina kannadadakshina kannadadakshina kannadadakshina kannadadavangeredavangeredavangeredavangeredavangeredharwaddharwaddharwaddharwaddharwadgadaggadaggadaggadaggadaghassanhassanhassanhassanhassanhaverihaverihaverihaverihaverikalaburagikalaburagikalaburagikalaburagikalaburagikodagukodagukodagukodagukodagukolarkolarkolarkolarkolarkoppalkoppalkoppalkoppalkoppalmandyamandyamandyamandyamandyamysurumysurumysurumysurumysururaichurraichurraichurraichurraichurramanagararamanagararamanagararamanagararamanagarashivamoggashivamoggashivamoggashivamoggashivamoggatumakurutumakurutumakurutumakurutumakuruudupiudupiudupiudupiudupiuttara kannadauttara kannadauttara kannadauttara kannadauttara kannadavijayapuravijayapuravijayapuravijayapuravijayapurayadgiryadgiryadgiryadgiryadgiralmoraalmoraalmoraalmoraalmorabageshwarbageshwarbageshwarbageshwarbageshwarchamolichamolichamolichamolichamolichampawatchampawatchampawatchampawatchampawatdehradundehradundehradundehradundehradunhardwarhardwarhardwarhardwarhardwarnainitalnainitalnainitalnainitalnainitalpauri garhwalpauri garhwalpauri garhwalpauri garhwalpauri garhwalpithoragarhpithoragarhpithoragarhpithoragarhpithoragarhrudra prayagrudra prayagrudra prayagrudra prayagrudra prayagtehri garhwaltehri garhwaltehri garhwaltehri garhwaltehri garhwaludham singh nagarudham singh nagarudham singh nagarudham singh nagarudham singh nagaruttar kashiuttar kashiuttar kashiuttar kashiuttar kashispsr nellorespsr nellorespsr nellorespsr nellorespsr nellorevisakhapatanamvisakhapatanamvisakhapatanamvisakhapatanamvisakhapatanamparaganas northparaganas northparaganas northparaganas northparaganas northparaganas southparaganas southparaganas southparaganas southparaganas southalipurduaralipurduaralipurduaralipurduaralipurduarbankurabankurabankurabankurabankurabirbhumbirbhumbirbhumbirbhumbirbhumcoochbeharcoochbeharcoochbeharcoochbeharcoochbehardarjeelingdarjeelingdarjeelingdarjeelingdarjeelingdakshin dinajpurdakshin dinajpurdakshin dinajpurdakshin dinajpurdakshin dinajpuruttar dinajpuruttar dinajpuruttar dinajpuruttar dinajpuruttar dinajpurhooghlyhooghlyhooghlyhooghlyhooghlyhowrahhowrahhowrahhowrahhowrahjalpaigurijalpaigurijalpaigurijalpaigurijalpaigurijhargramjhargramjhargramjhargramjhargramkalimpongkalimpongkalimpongkalimpongkalimpongmaldahmaldahmaldahmaldahmaldahmedinipur eastmedinipur eastmedinipur eastmedinipur eastmedinipur eastmedinipur westmedinipur westmedinipur westmedinipur westmedinipur westmurshidabadmurshidabadmurshidabadmurshidabadmurshidabadnadianadianadianadianadiabarddhamanbarddhamanbarddhamanbarddhamanbarddhamanpuruliyapuruliyapuruliyapuruliyapuruliyaalappuzhaalappuzhaalappuzhaalappuzhaalappuzhaernakulamernakulamernakulamernakulamernakulamidukkiidukkiidukkiidukkiidukkikannurkannurkannurkannurkannurkasaragodkasaragodkasaragodkasaragodkasaragodkollamkollamkollamkollamkollamkottayamkottayamkottayamkottayamkottayamkozhikodekozhikodekozhikodekozhikodekozhikodemalappurammalappurammalappurammalappurammalappurampalakkadpalakkadpalakkadpalakkadpalakkadpathanamthittapathanamthittapathanamthittapathanamthittapathanamthittathiruvananthapuramthiruvananthapuramthiruvananthapuramthiruvananthapuramthiruvananthapuramthrissurthrissurthrissurthrissurthrissurwayanadwayanadwayanadwayanadwayanadbagalkotbagalkotbagalkotbagalkotbagalkotchikballapurachikballapurachikballapurachikballapurachikballapurachikkamagaluruchikkamagaluruchikkamagaluruchikkamagaluruchikkamagalurudavanageredavanageredavanageredavanageredavanagereyadagiriyadagiriyadagiriyadagiriyadagiriagraagraagraagraagraaligarhaligarhaligarhaligarhaligarhallahabadallahabadallahabadallahabadallahabadambedkar nagarambedkar nagarambedkar nagarambedkar nagarambedkar nagaramethiamethiamethiamethiamethiamrohaamrohaamrohaamrohaamrohaauraiyaauraiyaauraiyaauraiyaauraiyaazamgarhazamgarhazamgarhazamgarhazamgarhbaghpatbaghpatbaghpatbaghpatbaghpatbahraichbahraichbahraichbahraichbahraichballiaballiaballiaballiaballiabalrampurbalrampurbalrampurbalrampurbalrampurbandabandabandabandabandabarabankibarabankibarabankibarabankibarabankibareillybareillybareillybareillybareillybastibastibastibastibastibijnorbijnorbijnorbijnorbijnorbudaunbudaunbudaunbudaunbudaunbulandshahrbulandshahrbulandshahrbulandshahrbulandshahrchandaulichandaulichandaulichandaulichandaulichitrakootchitrakootchitrakootchitrakootchitrakootdeoriadeoriadeoriadeoriadeoriaetahetahetahetahetahetawahetawahetawahetawahetawahfaizabadfaizabadfaizabadfaizabadfaizabadfarrukhabadfarrukhabadfarrukhabadfarrukhabadfarrukhabadfatehpurfatehpurfatehpurfatehpurfatehpurfirozabadfirozabadfirozabadfirozabadfirozabadkanpur nagarkanpur nagarkanpur nagarkanpur nagarkanpur nagarghaziabadghaziabadghaziabadghaziabadghaziabadghazipurghazipurghazipurghazipurghazipurgondagondagondagondagondagorakhpurgorakhpurgorakhpurgorakhpurgorakhpurhamirpurhamirpurhamirpurhamirpurhamirpurhapurhapurhapurhapurhapurhardoihardoihardoihardoihardoihathrashathrashathrashathrashathrasjalaunjalaunjalaunjalaunjalaunjaunpurjaunpurjaunpurjaunpurjaunpurjhansijhansijhansijhansijhansikannaujkannaujkannaujkannaujkannaujkanpur dehatkanpur dehatkanpur dehatkanpur dehatkanpur dehatkasganjkasganjkasganjkasganjkasganjkaushambikaushambikaushambikaushambikaushambilakhimpur kherilakhimpur kherilakhimpur kherilakhimpur kherilakhimpur kherikushinagarkushinagarkushinagarkushinagarkushinagarlalitpurlalitpurlalitpurlalitpurlalitpurlucknowlucknowlucknowlucknowlucknowmaharajganjmaharajganjmaharajganjmaharajganjmaharajganjmahobamahobamahobamahobamahobamainpurimainpurimainpurimainpurimainpurimathuramathuramathuramathuramathuramaumaumaumaumaumeerutmeerutmeerutmeerutmeerutmirzapurmirzapurmirzapurmirzapurmirzapurmoradabadmoradabadmoradabadmoradabadmoradabadmuzaffarnagarmuzaffarnagarmuzaffarnagarmuzaffarnagarmuzaffarnagarpilibhitpilibhitpilibhitpilibhitpilibhitpratapgarhpratapgarhpratapgarhpratapgarhpratapgarhrae barelirae barelirae barelirae barelirae barelirampurrampurrampurrampurrampursaharanpursaharanpursaharanpursaharanpursaharanpursambhalsambhalsambhalsambhalsambhalsant kabeer nagarsant kabeer nagarsant kabeer nagarsant kabeer nagarsant kabeer nagarsant ravi das nagarsant ravi das nagarsant ravi das nagarsant ravi das nagarsant ravi das nagarshahajahanpurshahajahanpurshahajahanpurshahajahanpurshahajahanpurshamlishamlishamlishamlishamlishravastishravastishravastishravastishravastisiddharth nagarsiddharth nagarsiddharth nagarsiddharth nagarsiddharth nagarsitapursitapursitapursitapursitapursonbhadrasonbhadrasonbhadrasonbhadrasonbhadrasultanpursultanpursultanpursultanpursultanpurunnaounnaounnaounnaounnaovaranasivaranasivaranasivaranasivaranasiahmednagarahmednagarahmednagarahmednagarahmednagaramravatiamravatiamravatiamravatiamravatibeedbeedbeedbeedbeedbhandarabhandarabhandarabhandarabhandarachandrapurchandrapurchandrapurchandrapurchandrapurdhuledhuledhuledhuledhulegadchiroligadchiroligadchiroligadchiroligadchiroligondiagondiagondiagondiagondiakolhapurkolhapurkolhapurkolhapurkolhapurlaturlaturlaturlaturlaturnagpurnagpurnagpurnagpurnagpurnandednandednandednandednandednandurbarnandurbarnandurbarnandurbarnandurbarnashiknashiknashiknashiknashikosmanabadosmanabadosmanabadosmanabadosmanabadpalgharpalgharpalgharpalgharpalgharpunepunepunepunepuneraigadraigadraigadraigadraigadratnagiriratnagiriratnagiriratnagiriratnagirisanglisanglisanglisanglisanglisatarasatarasatarasatarasatarasindhudurgsindhudurgsindhudurgsindhudurgsindhudurgsolapursolapursolapursolapursolapurthanethanethanethanethaneanantnaganantnaganantnaganantnaganantnagbadgambadgambadgambadgambadgambandiporabandiporabandiporabandiporabandiporabaramullabaramullabaramullabaramullabaramulladodadodadodadodadodaganderbalganderbalganderbalganderbalganderbaljammujammujammujammujammukathuakathuakathuakathuakathuakishtwarkishtwarkishtwarkishtwarkishtwarkulgamkulgamkulgamkulgamkulgamkupwarakupwarakupwarakupwarakupwarapoonchpoonchpoonchpoonchpoonchpulwamapulwamapulwamapulwamapulwamarajaurirajaurirajaurirajaurirajaurirambanrambanrambanrambanrambanreasireasireasireasireasisambasambasambasambasambashopianshopianshopianshopianshopiansrinagarsrinagarsrinagarsrinagarsrinagarudhampurudhampurudhampurudhampurudhampurahmadabadahmadabadahmadabadahmadabadahmadabadanandanandanandanandanandaravalliaravalliaravalliaravalliaravallibharuchbharuchbharuchbharuchbharuchchhotaudepurchhotaudepurchhotaudepurchhotaudepurchhotaudepurdangdangdangdangdangdohaddohaddohaddohaddohadgandhinagargandhinagargandhinagargandhinagargandhinagarkhedakhedakhedakhedakhedamahesanamahesanamahesanamahesanamahesanamahisagarmahisagarmahisagarmahisagarmahisagarnarmadanarmadanarmadanarmadanarmadanavsarinavsarinavsarinavsarinavsaripanch mahalspanch mahalspanch mahalspanch mahalspanch mahalssabar kanthasabar kanthasabar kanthasabar kanthasabar kanthasuratsuratsuratsuratsuratsurendranagarsurendranagarsurendranagarsurendranagarsurendranagartapitapitapitapitapivadodaravadodaravadodaravadodaravadodaravalsadvalsadvalsadvalsadvalsadajmerajmerajmerajmerajmeralwaralwaralwaralwaralwarbanswarabanswarabanswarabanswarabanswarabaranbaranbaranbaranbaranbharatpurbharatpurbharatpurbharatpurbharatpurbhilwarabhilwarabhilwarabhilwarabhilwarabundibundibundibundibundichittorgarhchittorgarhchittorgarhchittorgarhchittorgarhdholpurdholpurdholpurdholpurdholpurdungarpurdungarpurdungarpurdungarpurdungarpurganganagarganganagarganganagarganganagarganganagarhanumangarhhanumangarhhanumangarhhanumangarhhanumangarhjhalawarjhalawarjhalawarjhalawarjhalawarkaraulikaraulikaraulikaraulikaraulikotakotakotakotakotarajsamandrajsamandrajsamandrajsamandrajsamandsawai madhopursawai madhopursawai madhopursawai madhopursawai madhopurtonktonktonktonktonkudaipurudaipurudaipurudaipurudaipurarariaarariaarariaarariaarariaarwalarwalarwalarwalarwalaurangabadaurangabadaurangabadaurangabadaurangabadbankabankabankabankabankabegusaraibegusaraibegusaraibegusaraibegusaraibhagalpurbhagalpurbhagalpurbhagalpurbhagalpurbhojpurbhojpurbhojpurbhojpurbhojpurbuxarbuxarbuxarbuxarbuxardarbhangadarbhangadarbhangadarbhangadarbhangagayagayagayagayagayagopalganjgopalganjgopalganjgopalganjgopalganjjamuijamuijamuijamuijamuijehanabadjehanabadjehanabadjehanabadjehanabadkaimurkaimurkaimurkaimurkaimurkatiharkatiharkatiharkatiharkatiharkhagariakhagariakhagariakhagariakhagariakishanganjkishanganjkishanganjkishanganjkishanganjlakhisarailakhisarailakhisarailakhisarailakhisaraimadhepuramadhepuramadhepuramadhepuramadhepuramadhubanimadhubanimadhubanimadhubanimadhubanimungermungermungermungermungermuzaffarpurmuzaffarpurmuzaffarpurmuzaffarpurmuzaffarpurnalandanalandanalandanalandanalandanawadanawadanawadanawadanawadapashchim champaranpashchim champaranpashchim champaranpashchim champaranpashchim champaranpatnapatnapatnapatnapatnapurbi champaranpurbi champaranpurbi champaranpurbi champaranpurbi champaranpurniapurniapurniapurniapurniarohtasrohtasrohtasrohtasrohtassaharsasaharsasaharsasaharsasaharsasamastipursamastipursamastipursamastipursamastipursaransaransaransaransaransheikhpurasheikhpurasheikhpurasheikhpurasheikhpurasheoharsheoharsheoharsheoharsheoharsitamarhisitamarhisitamarhisitamarhisitamarhisiwansiwansiwansiwansiwansupaulsupaulsupaulsupaulsupaulvaishalivaishalivaishalivaishalivaishalidinajpur dakshindinajpur dakshindinajpur dakshindinajpur dakshindinajpur dakshindinajpur uttardinajpur uttardinajpur uttardinajpur uttardinajpur uttarpaschim bardhamanpaschim bardhamanpaschim bardhamanpaschim bardhamanpaschim bardhamanpurba bardhamanpurba bardhamanpurba bardhamanpurba bardhamanpurba bardhamanpuruliapuruliapuruliapuruliapurulianagapattinamnagapattinamnagapattinamnagapattinamnagapattinamvirudunagarvirudunagarvirudunagarvirudunagarvirudunagaranugulanugulanugulanugulanugulbalangirbalangirbalangirbalangirbalangirbaleshwarbaleshwarbaleshwarbaleshwarbaleshwarbargarhbargarhbargarhbargarhbargarhbhadrakbhadrakbhadrakbhadrakbhadrakboudhboudhboudhboudhboudhcuttackcuttackcuttackcuttackcuttackdeogarhdeogarhdeogarhdeogarhdeogarhdhenkanaldhenkanaldhenkanaldhenkanaldhenkanalgajapatigajapatigajapatigajapatigajapatiganjamganjamganjamganjamganjamjagatsinghapurjagatsinghapurjagatsinghapurjagatsinghapurjagatsinghapurjajapurjajapurjajapurjajapurjajapurjharsugudajharsugudajharsugudajharsugudajharsugudakalahandikalahandikalahandikalahandikalahandikandhamalkandhamalkandhamalkandhamalkandhamalkendraparakendraparakendraparakendraparakendraparakendujharkendujharkendujharkendujharkendujharkhordhakhordhakhordhakhordhakhordhakoraputkoraputkoraputkoraputkoraputmalkangirimalkangirimalkangirimalkangirimalkangirimayurbhanjmayurbhanjmayurbhanjmayurbhanjmayurbhanjnabarangpurnabarangpurnabarangpurnabarangpurnabarangpurnayagarhnayagarhnayagarhnayagarhnayagarhnuapadanuapadanuapadanuapadanuapadapuripuripuripuripurirayagadarayagadarayagadarayagadarayagadasambalpursambalpursambalpursambalpursambalpursonepursonepursonepursonepursonepursundargarhsundargarhsundargarhsundargarhsundargarhbaksabaksabaksabaksabaksabarpetabarpetabarpetabarpetabarpetabongaigaonbongaigaonbongaigaonbongaigaonbongaigaoncacharcacharcacharcacharcacharchirangchirangchirangchirangchirangdarrangdarrangdarrangdarrangdarrangdhemajidhemajidhemajidhemajidhemajidhubridhubridhubridhubridhubridibrugarhdibrugarhdibrugarhdibrugarhdibrugarhdima hasaodima hasaodima hasaodima hasaodima hasaogoalparagoalparagoalparagoalparagoalparagolaghatgolaghatgolaghatgolaghatgolaghathailakandihailakandihailakandihailakandihailakandijorhatjorhatjorhatjorhatjorhatkamrupkamrupkamrupkamrupkamrupkarbi anglongkarbi anglongkarbi anglongkarbi anglongkarbi anglongkarimganjkarimganjkarimganjkarimganjkarimganjkokrajharkokrajharkokrajharkokrajharkokrajharlakhimpurlakhimpurlakhimpurlakhimpurlakhimpurmorigaonmorigaonmorigaonmorigaonmorigaonnagaonnagaonnagaonnagaonnagaonnalbarinalbarinalbarinalbarinalbarisivasagarsivasagarsivasagarsivasagarsivasagarsonitpursonitpursonitpursonitpursonitpurtinsukiatinsukiatinsukiatinsukiatinsukiaudalguriudalguriudalguriudalguriudalguribokarobokarobokarobokarobokarochatrachatrachatrachatrachatradeoghardeoghardeoghardeoghardeoghardhanbaddhanbaddhanbaddhanbaddhanbaddumkadumkadumkadumkadumkaeast singhbumeast singhbumeast singhbumeast singhbumeast singhbumgarhwagarhwagarhwagarhwagarhwagiridihgiridihgiridihgiridihgiridihgoddagoddagoddagoddagoddagumlagumlagumlagumlagumlahazaribaghhazaribaghhazaribaghhazaribaghhazaribaghjamtarajamtarajamtarajamtarajamtarakhuntikhuntikhuntikhuntikhuntikodermakodermakodermakodermakodermalateharlateharlateharlateharlateharlohardagalohardagalohardagalohardagalohardagapakurpakurpakurpakurpakurpalamupalamupalamupalamupalamuramgarhramgarhramgarhramgarhramgarhranchiranchiranchiranchiranchisahibganjsahibganjsahibganjsahibganjsahibganjsaraikelakharsawansaraikelakharsawansaraikelakharsawansaraikelakharsawansaraikelakharsawansimdegasimdegasimdegasimdegasimdegawest singhbhumwest singhbhumwest singhbhumwest singhbhumwest singhbhumbilaspurbilaspurbilaspurbilaspurbilaspurchambachambachambachambachambakangrakangrakangrakangrakangrakinnaurkinnaurkinnaurkinnaurkinnaurkullukullukullukullukullumandimandimandimandimandishimlashimlashimlashimlashimlasirmaursirmaursirmaursirmaursirmaursolansolansolansolansolanunaunaunaunaunakaimur (bhabua)kaimur (bhabua)kaimur (bhabua)kaimur (bhabua)kaimur (bhabua)baloda bazarbaloda bazarbaloda bazarbaloda bazarbaloda bazaruttar bastar kankeruttar bastar kankeruttar bastar kankeruttar bastar kankeruttar bastar kankerbemetarabemetarabemetarabemetarabemetarabijapurbijapurbijapurbijapurbijapurdantewadadantewadadantewadadantewadadantewadadhamtaridhamtaridhamtaridhamtaridhamtaridurgdurgdurgdurgdurggariabandgariabandgariabandgariabandgariabandjanjgirchampajanjgirchampajanjgirchampajanjgirchampajanjgirchampajashpurjashpurjashpurjashpurjashpurkabirdhamkabirdhamkabirdhamkabirdhamkabirdhamkondagaonkondagaonkondagaonkondagaonkondagaonkorbakorbakorbakorbakorbakoreakoreakoreakoreakoreamahasamundmahasamundmahasamundmahasamundmahasamundmungelimungelimungelimungelimungelinarayanpurnarayanpurnarayanpurnarayanpurnarayanpurraigarhraigarhraigarhraigarhraigarhraipurraipurraipurraipurraipurrajnandgaonrajnandgaonrajnandgaonrajnandgaonrajnandgaonsukmasukmasukmasukmasukmasurajpursurajpursurajpursurajpursurajpursurgujasurgujasurgujasurgujasurgujalahul and spitilahul and spitilahul and spitilahul and spitilahul and spitiarvalliarvalliarvalliarvalliarvallibanas kanthabanas kanthabanas kanthabanas kanthabanas kanthadevbhumi dwarkadevbhumi dwarkadevbhumi dwarkadevbhumi dwarkadevbhumi dwarkakachchhkachchhkachchhkachchhkachchhpatanpatanpatanpatanpatanrajkotrajkotrajkotrajkotrajkotahmadnagarahmadnagarahmadnagarahmadnagarahmadnagarakolaakolaakolaakolaakolabuldhanabuldhanabuldhanabuldhanabuldhanahingolihingolihingolihingolihingolijalgaonjalgaonjalgaonjalgaonjalgaonjalnajalnajalnajalnajalnaparbhaniparbhaniparbhaniparbhaniparbhaniwashimwashimwashimwashimwashimyavatmalyavatmalyavatmalyavatmalyavatmalagar malwaagar malwaagar malwaagar malwaagar malwaalirajpuralirajpuralirajpuralirajpuralirajpuranuppuranuppuranuppuranuppuranuppurashoknagarashoknagarashoknagarashoknagarashoknagarbalaghatbalaghatbalaghatbalaghatbalaghatbarwanibarwanibarwanibarwanibarwanibetulbetulbetulbetulbetulbhopalbhopalbhopalbhopalbhopalburhanpurburhanpurburhanpurburhanpurburhanpurchhatarpurchhatarpurchhatarpurchhatarpurchhatarpurchhindwarachhindwarachhindwarachhindwarachhindwaradamohdamohdamohdamohdamohdatiadatiadatiadatiadatiadewasdewasdewasdewasdewasdhardhardhardhardhardindoridindoridindoridindoridindorigunagunagunagunagunagwaliorgwaliorgwaliorgwaliorgwaliorhardahardahardahardahardahoshangabadhoshangabadhoshangabadhoshangabadhoshangabadindoreindoreindoreindoreindorejabalpurjabalpurjabalpurjabalpurjabalpurjhabuajhabuajhabuajhabuajhabuakatnikatnikatnikatnikatnikhandwakhandwakhandwakhandwakhandwakhargonekhargonekhargonekhargonekhargonemandlamandlamandlamandlamandlamandsaurmandsaurmandsaurmandsaurmandsaurmorenamorenamorenamorenamorenanarsinghpurnarsinghpurnarsinghpurnarsinghpurnarsinghpurneemuchneemuchneemuchneemuchneemuchpannapannapannapannapannaraisenraisenraisenraisenraisenrajgarhrajgarhrajgarhrajgarhrajgarhratlamratlamratlamratlamratlamrewarewarewarewarewasagarsagarsagarsagarsagarsatnasatnasatnasatnasatnasehoresehoresehoresehoresehoreseoniseoniseoniseoniseonishahdolshahdolshahdolshahdolshahdolshajapurshajapurshajapurshajapurshajapursheopursheopursheopursheopursheopurshivpurishivpurishivpurishivpurishivpurisidhisidhisidhisidhisidhisingraulisingraulisingraulisingraulisingraulitikamgarhtikamgarhtikamgarhtikamgarhtikamgarhujjainujjainujjainujjainujjainumariaumariaumariaumariaumariavidishavidishavidishavidishavidishabarmerbarmerbarmerbarmerbarmerchittaurgarhchittaurgarhchittaurgarhchittaurgarhchittaurgarhchuruchuruchuruchuruchurudausadausadausadausadausajaipurjaipurjaipurjaipurjaipurjalorejalorejalorejalorejalorejodhpurjodhpurjodhpurjodhpurjodhpurnagaurnagaurnagaurnagaurnagaurpalipalipalipalipalisikarsikarsikarsikarsikarsirohisirohisirohisirohisirohiharidwarharidwarharidwarharidwarharidwarudam singh nagarudam singh nagarudam singh nagarudam singh nagarudam singh nagarkanchipuramkanchipuramkanchipuramkanchipuramkanchipuramvillupuramvillupuramvillupuramvillupuramvillupurambhindbhindbhindbhindbhindbagalkotebagalkotebagalkotebagalkotebagalkotebuldanabuldanabuldanabuldanabuldanawardhawardhawardhawardhawardhasahebganjsahebganjsahebganjsahebganjsahebganjsaraikela kharsawansaraikela kharsawansaraikela kharsawansaraikela kharsawansaraikela kharsawangautam buddha nagargautam buddha nagargautam buddha nagargautam buddha nagargautam buddha nagarkherikherikherikherikherikushi nagarkushi nagarkushi nagarkushi nagarkushi nagarsant ravidas nagarsant ravidas nagarsant ravidas nagarsant ravidas nagarsant ravidas nagarmahendragarhmahendragarhmahendragarhmahendragarhmahendragarhjamnagarjamnagarjamnagarjamnagarjamnagarchamrajnagarchamrajnagarchamrajnagarchamrajnagarchamrajnagartumkurtumkurtumkurtumkurtumkurbalodbalodbalodbalodbalodbastarbastarbastarbastarbastargariyabandgariyabandgariyabandgariyabandgariyabandjanjgir-champajanjgir-champajanjgir-champajanjgir-champajanjgir-champakankerkankerkankerkankerkankeramreliamreliamreliamreliamrelibhavnagarbhavnagarbhavnagarbhavnagarbhavnagarbotadbotadbotadbotadbotadgir somnathgir somnathgir somnathgir somnathgir somnathjunagadhjunagadhjunagadhjunagadhjunagadhmorbimorbimorbimorbimorbikamrup metrokamrup metrokamrup metrokamrup metrokamrup metromarigaonmarigaonmarigaonmarigaonmarigaonbikanerbikanerbikanerbikanerbikanerjaisalmerjaisalmerjaisalmerjaisalmerjaisalmerjhunjhununjhunjhununjhunjhununjhunjhununjhunjhununshahjahanpurshahjahanpurshahjahanpurshahjahanpurshahjahanpurnicobarsnicobarsnicobarsnicobarsnicobarsnorth and middle andamannorth and middle andamannorth and middle andamannorth and middle andamannorth and middle andamansouth andamanssouth andamanssouth andamanssouth andamanssouth andamansanjawanjawanjawanjawanjawchanglangchanglangchanglangchanglangchanglangdibang valleydibang valleydibang valleydibang valleydibang valleyeast kamengeast kamengeast kamengeast kamengeast kamengeast siangeast siangeast siangeast siangeast siangkra daadikra daadikra daadikra daadikra daadikurung kumeykurung kumeykurung kumeykurung kumeykurung kumeylohitlohitlohitlohitlohitlongdinglongdinglongdinglongdinglongdinglower dibang valleylower dibang valleylower dibang valleylower dibang valleylower dibang valleylower subansirilower subansirilower subansirilower subansirilower subansirinamsainamsainamsainamsainamsaipapum parepapum parepapum parepapum parepapum paresiangsiangsiangsiangsiangtawangtawangtawangtawangtawangtiraptiraptiraptiraptirapupper siangupper siangupper siangupper siangupper siangupper subansiriupper subansiriupper subansiriupper subansiriupper subansiriwest kamengwest kamengwest kamengwest kamengwest kamengwest siangwest siangwest siangwest siangwest siangchandigarhchandigarhchandigarhchandigarhchandigarhdadra and nagar havelidadra and nagar havelidadra and nagar havelidadra and nagar havelidadra and nagar havelibishnupurbishnupurbishnupurbishnupurbishnupurchandelchandelchandelchandelchandelchurachandpurchurachandpurchurachandpurchurachandpurchurachandpurimphal eastimphal eastimphal eastimphal eastimphal eastimphal westimphal westimphal westimphal westimphal westsenapatisenapatisenapatisenapatisenapatitamenglongtamenglongtamenglongtamenglongtamenglongthoubalthoubalthoubalthoubalthoubalukhrulukhrulukhrulukhrulukhruleast garo hillseast garo hillseast garo hillseast garo hillseast garo hillseast jaintia hillseast jaintia hillseast jaintia hillseast jaintia hillseast jaintia hillseast khasi hillseast khasi hillseast khasi hillseast khasi hillseast khasi hillsnorth garo hillsnorth garo hillsnorth garo hillsnorth garo hillsnorth garo hillsri bhoiri bhoiri bhoiri bhoiri bhoisouth garo hillssouth garo hillssouth garo hillssouth garo hillssouth garo hillssouth west garo hillssouth west garo hillssouth west garo hillssouth west garo hillssouth west garo hillssouth west khasi hillssouth west khasi hillssouth west khasi hillssouth west khasi hillssouth west khasi hillswest garo hillswest garo hillswest garo hillswest garo hillswest garo hillswest jaintia hillswest jaintia hillswest jaintia hillswest jaintia hillswest jaintia hillswest khasi hillswest khasi hillswest khasi hillswest khasi hillswest khasi hillsaizawlaizawlaizawlaizawlaizawlchamphaichamphaichamphaichamphaichamphaikolasibkolasibkolasibkolasibkolasiblawngtlailawngtlailawngtlailawngtlailawngtlailungleilungleilungleilungleilungleimamitmamitmamitmamitmamitsaihasaihasaihasaihasaihaserchhipserchhipserchhipserchhipserchhipdimapurdimapurdimapurdimapurdimapurkiphirekiphirekiphirekiphirekiphirekohimakohimakohimakohimakohimalonglenglonglenglonglenglonglenglonglengmokokchungmokokchungmokokchungmokokchungmokokchungmonmonmonmonmonperenperenperenperenperenphekphekphekphekphektuensangtuensangtuensangtuensangtuensangwokhawokhawokhawokhawokhazunhebotozunhebotozunhebotozunhebotozunhebotokaraikalkaraikalkaraikalkaraikalkaraikalpondicherrypondicherrypondicherrypondicherrypondicherryyanamyanamyanamyanamyanameast districteast districteast districteast districteast districtnorth districtnorth districtnorth districtnorth districtnorth districtsouth districtsouth districtsouth districtsouth districtsouth districtwest districtwest districtwest districtwest districtwest districtadilabadadilabadadilabadadilabadadilabadbhadradribhadradribhadradribhadradribhadradrihanumakondahanumakondahanumakondahanumakondahanumakondajagitialjagitialjagitialjagitialjagitialjangoanjangoanjangoanjangoanjangoanjayashankarjayashankarjayashankarjayashankarjayashankarjogulambajogulambajogulambajogulambajogulambakamareddykamareddykamareddykamareddykamareddykarimnagarkarimnagarkarimnagarkarimnagarkarimnagarkhammamkhammamkhammamkhammamkhammamkomaram bheem asifabadkomaram bheem asifabadkomaram bheem asifabadkomaram bheem asifabadkomaram bheem asifabadmahabubabadmahabubabadmahabubabadmahabubabadmahabubabadmahbubnagarmahbubnagarmahbubnagarmahbubnagarmahbubnagarmancherialmancherialmancherialmancherialmancherialmedakmedakmedakmedakmedakmedchal malkajgirimedchal malkajgirimedchal malkajgirimedchal malkajgirimedchal malkajgirinagarkurnoolnagarkurnoolnagarkurnoolnagarkurnoolnagarkurnoolnalgondanalgondanalgondanalgondanalgondanirmalnirmalnirmalnirmalnirmalnizamabadnizamabadnizamabadnizamabadnizamabadpeddapallipeddapallipeddapallipeddapallipeddapallirajannarajannarajannarajannarajannarangareddirangareddirangareddirangareddirangareddisangareddysangareddysangareddysangareddysangareddysiddipetsiddipetsiddipetsiddipetsiddipetsuryapetsuryapetsuryapetsuryapetsuryapetvikarabadvikarabadvikarabadvikarabadvikarabadwanaparthywanaparthywanaparthywanaparthywanaparthywarangalwarangalwarangalwarangalwarangalyadadriyadadriyadadriyadadriyadadridhalaidhalaidhalaidhalaidhalaigomatigomatigomatigomatigomatikhowaikhowaikhowaikhowaikhowainorth tripuranorth tripuranorth tripuranorth tripuranorth tripurasepahijalasepahijalasepahijalasepahijalasepahijalasouth tripurasouth tripurasouth tripurasouth tripurasouth tripuraunakotiunakotiunakotiunakotiunakotiwest tripurawest tripurawest tripurawest tripurawest tripura,ricemaizebajraragijowarricemaizebajraragijowarricemaizebajraragijowarricemaizebajraragijowarricemaizebajraragijowarricemaizebajraragijowarricemaizebajraragijowarricemaizebajraragijowarricemaizebajraragijowarricemaizebajraragijowarricemaizebajraragijowarricemaizebajraragijowarricemaizebajraragijowarricemaizebajraragijowarricemaizebajraragijowarricemaizebajraragijowarricemaizebajraragijowarricemaizebajraragijowarricemaizebajraragijowarricemaizebajraragijowarricemaizebajraragijowarricemaizebajraragijowarricemaizebajraragijowarricemaizebajraragijowarricemaizebajraragijowarricemaizebajraragijowarricemaizebajraragijowarricemaizebajraragijowarricemaizebajraragijowarricemaizebajraragijowarricemaizebajraragijowarricemaizebajraragijowarricemaizebajraragijowarricemaizebajraragijowarricemaizebajraragijowarricemaizebajraragijowarricemaizebajraragijowarricemaizebajraragijowarricemaizebajraragijowarricemaizebajraragijowarricemaizebajraragijowarricemaizebajraragijowarricemaizebajraragijowarricemaizebajraragijowarricemaizebajraragijowarricemaizebajraragijowarricemaizebajraragijowarricemaizebajraragijowarricemaizebajraragijowarricemaizebajraragijowarricemaizebajraragijowarricemaizebajraragijowarricemaizebajraragijowarricemaizebajraragijowarricemaizebajraragijowarricemaizebajraragijowarricemaizebajraragijowarricemaizebajraragijowarricemaizebajraragijowarricemaizebajraragijowarricemaizebajraragijowarricemaizebajraragijowarricemaizebajraragijowarricemaizebajraragijowarricemaizebajraragijowarricemaizebajraragijowarricemaizebajraragijowarricemaizebajraragijowarricemaizebajraragijowarricemaizebajraragijowarricemaizebajraragijowarricemaizebajraragijowarricemaizebajraragijowarricemaizebajraragijowarricemaizebajraragijowarricemaizebajraragijowarricemaizebajraragijowarricemaizebajraragijowarricemaizebajraragijowarricemaizebajraragijowarricemaizebajraragijowarricemaizebajraragijowarricemaizebajraragijowarricemaizebajraragijowarricemaizebajraragijowarricemaizebajraragijowarricemaizebajraragijowarricemaizebajraragijowarricemaizebajraragijowarricemaizebajraragijowarricemaizebajraragijowarricemaizebajraragijowarricemaizebajraragijowarricemaizebajraragijowarricemaizebajraragijowarricemaizebajraragijowarricemaizebajraragijowarricemaizebajraragijowarricemaizebajraragijowarricemaizebajraragijowarricemaizebajraragijowarricemaizebajraragijowarricemaizebajraragijowarricemaizebajraragijowarricemaizebajraragijowarricemaizebajraragijowarricemaizebajraragijowarricemaizebajraragijowarricemaizebajraragijowarricemaizebajraragijowarricemaizebajraragijowarricemaizebajraragijowarricemaizebajraragijowarricemaizebajraragijowarricemaizebajraragijowarricemaizebajraragijowarricemaizebajraragijowarricemaizebajraragijowarricemaizebajraragijowarricemaizebajraragijowarricemaizebajraragijowarricemaizebajraragijowarricemaizebajraragijowarricemaizebajraragijowarricemaizebajraragijowarricemaizebajraragijowarricemaizebajraragijowarricemaizebajraragijowarricemaizebajraragijowarricemaizebajraragijowarricemaizebajraragijowarricemaizebajraragijowarricemaizebajraragijowarricemaizebajraragijowarricemaizebajraragijowarricemaizebajraragijowarricemaizebajraragijowarricemaizebajraragijowarricemaizebajraragijowarricemaizebajraragijowarricemaizebajraragijowarricemaizebajraragijowarricemaizebajraragijowarricemaizebajraragijowarricemaizebajraragijowarricemaizebajraragijowarricemaizebajraragijowarricemaizebajraragijowarricemaizebajraragijowarricemaizebajraragijowarricemaizebajraragijowarricemaizebajraragijowarricemaizebajraragijowarricemaizebajraragijowarricemaizebajraragijowarricemaizebajraragijowarricemaizebajraragijowarricemaizebajraragijowarricemaizebajraragijowarricemaizebajraragijowarricemaizebajraragijowarricemaizebajraragijowarricemaizebajraragijowarricemaizebajraragijowarricemaizebajraragijowarricemaizebajraragijowarricemaizebajraragijowarricemaizebajraragijowarricemaizebajraragijowarricemaizebajraragijowarricemaizebajraragijowarricemaizebajraragijowarricemaizebajraragijowarricemaizebajraragijowarricemaizebajraragijowarricemaizebajraragijowarricemaizebajraragijowarricemaizebajraragijowarricemaizebajraragijowarricemaizebajraragijowarricemaizebajraragijowarricemaizebajraragijowarricemaizebajraragijowarricemaizebajraragijowarricemaizebajraragijowarricemaizebajraragijowarricemaizebajraragijowarricemaizebajraragijowarricemaizebajraragijowarricemaizebajraragijowarricemaizebajraragijowarricemaizebajraragijowarricemaizebajraragijowarricemaizebajraragijowarricemaizebajraragijowarricemaizebajraragijowarricemaizebajraragijowarricemaizebajraragijowarricemaizebajraragijowarricemaizebajraragijowarricemaizebajraragijowarricemaizebajraragijowarricemaizebajraragijowarricemaizebajraragijowarricemaizebajraragijowarricemaizebajraragijowarricemaizebajraragijowarricemaizebajraragijowarricemaizebajraragijowarricemaizebajraragijowarricemaizebajraragijowarricemaizebajraragijowarricemaizebajraragijowarricemaizebajraragijowarricemaizebajraragijowarricemaizebajraragijowarricemaizebajraragijowarricemaizebajraragijowarricemaizebajraragijowarricemaizebajraragijowarricemaizebajraragijowarricemaizebajraragijowarricemaizebajraragijowarricemaizebajraragijowarricemaizebajraragijowarricemaizebajraragijowarricemaizebajraragijowarricemaizebajraragijowarricemaizebajraragijowarricemaizebajraragijowarricemaizebajraragijowarricemaizebajraragijowarricemaizebajraragijowarricemaizebajraragijowarricemaizebajraragijowarricemaizebajraragijowarricemaizebajraragijowarricemaizebajraragijowarricemaizebajraragijowarricemaizebajraragijowarricemaizebajraragijowarricemaizebajraragijowarricemaizebajraragijowarricemaizebajraragijowarricemaizebajraragijowarricemaizebajraragijowarricemaizebajraragijowarricemaizebajraragijowarricemaizebajraragijowarricemaizebajraragijowarricemaizebajraragijowarricemaizebajraragijowarricemaizebajraragijowarricemaizebajraragijowarricemaizebajraragijowarricemaizebajraragijowarricemaizebajraragijowarricemaizebajraragijowarricemaizebajraragijowarricemaizebajraragijowarricemaizebajraragijowarricemaizebajraragijowarricemaizebajraragijowarricemaizebajraragijowarricemaizebajraragijowarricemaizebajraragijowarricemaizebajraragijowarricemaizebajraragijowarricemaizebajraragijowarricemaizebajraragijowarricemaizebajraragijowarricemaizebajraragijowarricemaizebajraragijowarricemaizebajraragijowarricemaizebajraragijowarricemaizebajraragijowarricemaizebajraragijowarricemaizebajraragijowarricemaizebajraragijowarricemaizebajraragijowarricemaizebajraragijowarricemaizebajraragijowarricemaizebajraragijowarricemaizebajraragijowarricemaizebajraragijowarricemaizebajraragijowarricemaizebajraragijowarricemaizebajraragijowarricemaizebajraragijowarricemaizebajraragijowarricemaizebajraragijowarricemaizebajraragijowarricemaizebajraragijowarricemaizebajraragijowarricemaizebajraragijowarricemaizebajraragijowarricemaizebajraragijowarricemaizebajraragijowarricemaizebajraragijowarricemaizebajraragijowarricemaizebajraragijowarricemaizebajraragijowarricemaizebajraragijowarricemaizebajraragijowarricemaizebajraragijowarricemaizebajraragijowarricemaizebajraragijowarricemaizebajraragijowarricemaizebajraragijowarricemaizebajraragijowarricemaizebajraragijowarricemaizebajraragijowarricemaizebajraragijowarricemaizebajraragijowarricemaizebajraragijowarricemaizebajraragijowarricemaizebajraragijowarricemaizebajraragijowarricemaizebajraragijowarricemaizebajraragijowarricemaizebajraragijowarricemaizebajraragijowarricemaizebajraragijowarricemaizebajraragijowarricemaizebajraragijowarricemaizebajraragijowarricemaizebajraragijowarricemaizebajraragijowarricemaizebajraragijowarricemaizebajraragijowarricemaizebajraragijowarricemaizebajraragijowarricemaizebajraragijowarricemaizebajraragijowarricemaizebajraragijowarricemaizebajraragijowarricemaizebajraragijowarricemaizebajraragijowarricemaizebajraragijowarricemaizebajraragijowarricemaizebajraragijowarricemaizebajraragijowarricemaizebajraragijowarricemaizebajraragijowarricemaizebajraragijowarricemaizebajraragijowarricemaizebajraragijowarricemaizebajraragijowarricemaizebajraragijowarricemaizebajraragijowarricemaizebajraragijowarricemaizebajraragijowarricemaizebajraragijowarricemaizebajraragijowarricemaizebajraragijowarricemaizebajraragijowarricemaizebajraragijowarricemaizebajraragijowarricemaizebajraragijowarricemaizebajraragijowarricemaizebajraragijowarricemaizebajraragijowarricemaizebajraragijowarricemaizebajraragijowarricemaizebajraragijowarricemaizebajraragijowarricemaizebajraragijowarricemaizebajraragijowarricemaizebajraragijowarricemaizebajraragijowarricemaizebajraragijowarricemaizebajraragijowarricemaizebajraragijowarricemaizebajraragijowarricemaizebajraragijowarricemaizebajraragijowarricemaizebajraragijowarricemaizebajraragijowarricemaizebajraragijowarricemaizebajraragijowarricemaizebajraragijowarricemaizebajraragijowarricemaizebajraragijowarricemaizebajraragijowarricemaizebajraragijowarricemaizebajraragijowarricemaizebajraragijowarricemaizebajraragijowarricemaizebajraragijowarricemaizebajraragijowarricemaizebajraragijowarricemaizebajraragijowarricemaizebajraragijowarricemaizebajraragijowarricemaizebajraragijowarricemaizebajraragijowarricemaizebajraragijowarricemaizebajraragijowarricemaizebajraragijowarricemaizebajraragijowarricemaizebajraragijowarricemaizebajraragijowarricemaizebajraragijowarricemaizebajraragijowarricemaizebajraragijowarricemaizebajraragijowarricemaizebajraragijowarricemaizebajraragijowarricemaizebajraragijowarricemaizebajraragijowarricemaizebajraragijowarricemaizebajraragijowarricemaizebajraragijowarricemaizebajraragijowarricemaizebajraragijowarricemaizebajraragijowarricemaizebajraragijowarricemaizebajraragijowarricemaizebajraragijowarricemaizebajraragijowarricemaizebajraragijowarricemaizebajraragijowarricemaizebajraragijowarricemaizebajraragijowarricemaizebajraragijowarricemaizebajraragijowarricemaizebajraragijowarricemaizebajraragijowarricemaizebajraragijowarricemaizebajraragijowarricemaizebajraragijowarricemaizebajraragijowarricemaizebajraragijowarricemaizebajraragijowarricemaizebajraragijowarricemaizebajraragijowarricemaizebajraragijowarricemaizebajraragijowarricemaizebajraragijowarricemaizebajraragijowarricemaizebajraragijowarricemaizebajraragijowarricemaizebajraragijowarricemaizebajraragijowarricemaizebajraragijowarricemaizebajraragijowarricemaizebajraragijowarricemaizebajraragijowarricemaizebajraragijowarricemaizebajraragijowarricemaizebajraragijowarricemaizebajraragijowarricemaizebajraragijowarricemaizebajraragijowarricemaizebajraragijowarricemaizebajraragijowarricemaizebajraragijowarricemaizebajraragijowarricemaizebajraragijowarricemaizebajraragijowarricemaizebajraragijowarricemaizebajraragijowarricemaizebajraragijowarricemaizebajraragijowarricemaizebajraragijowarricemaizebajraragijowarricemaizebajraragijowarricemaizebajraragijowarricemaizebajraragijowarricemaizebajraragijowarricemaizebajraragijowarricemaizebajraragijowarricemaizebajraragijowarricemaizebajraragijowarricemaizebajraragijowarricemaizebajraragijowarricemaizebajraragijowarricemaizebajraragijowarricemaizebajraragijowarricemaizebajraragijowarricemaizebajraragijowarricemaizebajraragijowarricemaizebajraragijowarricemaizebajraragijowarricemaizebajraragijowarricemaizebajraragijowarricemaizebajraragijowarricemaizebajraragijowarricemaizebajraragijowarricemaizebajraragijowarricemaizebajraragijowarricemaizebajraragijowarricemaizebajraragijowarricemaizebajraragijowarricemaizebajraragijowarricemaizebajraragijowarricemaizebajraragijowarricemaizebajraragijowarricemaizebajraragijowarricemaizebajraragijowarricemaizebajraragijowarricemaizebajraragijowarricemaizebajraragijowarricemaizebajraragijowarricemaizebajraragijowarricemaizebajraragijowarricemaizebajraragijowarricemaizebajraragijowarricemaizebajraragijowarricemaizebajraragijowarricemaizebajraragijowarricemaizebajraragijowarricemaizebajraragijowarricemaizebajraragijowarricemaizebajraragijowarricemaizebajraragijowarricemaizebajraragijowarricemaizebajraragijowarricemaizebajraragijowarricemaizebajraragijowarricemaizebajraragijowarricemaizebajraragijowarricemaizebajraragijowarricemaizebajraragijowarricemaizebajraragijowarricemaizebajraragijowarricemaizebajraragijowarricemaizebajraragijowarricemaizebajraragijowarricemaizebajraragijowarricemaizebajraragijowarricemaizebajraragijowarricemaizebajraragijowarricemaizebajraragijowarricemaizebajraragijowarricemaizebajraragijowarricemaizebajraragijowarricemaizebajraragijowarricemaizebajraragijowarricemaizebajraragijowarricemaizebajraragijowarricemaizebajraragijowarricemaizebajraragijowarricemaizebajraragijowarricemaizebajraragijowarricemaizebajraragijowarricemaizebajraragijowarricemaizebajraragijowarricemaizebajraragijowarricemaizebajraragijowarricemaizebajraragijowarricemaizebajraragijowarricemaizebajraragijowarricemaizebajraragijowarricemaizebajraragijowarricemaizebajraragijowarricemaizebajraragijowarricemaizebajraragijowarricemaizebajraragijowarricemaizebajraragijowarricemaizebajraragijowarricemaizebajraragijowarricemaizebajraragijowarricemaizebajraragijowarricemaizebajraragijowarricemaizebajraragijowarricemaizebajraragijowarricemaizebajraragijowarricemaizebajraragijowarricemaizebajraragijowarricemaizebajraragijowarricemaizebajraragijowarricemaizebajraragijowarricemaizebajraragijowarricemaizebajraragijowarricemaizebajraragijowarricemaizebajraragijowarricemaizebajraragijowarricemaizebajraragijowarricemaizebajraragijowarricemaizebajraragijowarricemaizebajraragijowarricemaizebajraragijowarricemaizebajraragijowarricemaizebajraragijowarricemaizebajraragijowarricemaizebajraragijowarricemaizebajraragijowarricemaizebajraragijowarricemaizebajraragijowarricemaizebajraragijowarricemaizebajraragijowarricemaizebajraragijowarricemaizebajraragijowarricemaizebajraragijowarricemaizebajraragijowarricemaizebajraragijowarricemaizebajraragijowarricemaizebajraragijowarricemaizebajraragijowarricemaizebajraragijowarricemaizebajraragijowarricemaizebajraragijowarricemaizebajraragijowarricemaizebajraragijowarricemaizebajraragijowarricemaizebajraragijowarricemaizebajraragijowarricemaizebajraragijowarricemaizebajraragijowarricemaizebajraragijowarricemaizebajraragijowarricemaizebajraragijowarricemaizebajraragijowarricemaizebajraragijowarricemaizebajraragijowarricemaizebajraragijowarricemaizebajraragijowarricemaizebajraragijowarricemaizebajraragijowarricemaizebajraragijowarricemaizebajraragijowarricemaizebajraragijowarricemaizebajraragijowarricemaizebajraragijowarricemaizebajraragijowarricemaizebajraragijowarricemaizebajraragijowarricemaizebajraragijowarricemaizebajraragijowarricemaizebajraragijowarricemaizebajraragijowarricemaizebajraragijowarricemaizebajraragijowarricemaizebajraragijowarricemaizebajraragijowarricemaizebajraragijowarricemaizebajraragijowarricemaizebajraragijowarricemaizebajraragijowarricemaizebajraragijowarricemaizebajraragijowarricemaizebajraragijowarricemaizebajraragijowarricemaizebajraragijowarricemaizebajraragijowarricemaizebajraragijowarricemaizebajraragijowarricemaizebajraragijowarricemaizebajraragijowarricemaizebajraragijowarricemaizebajraragijowarricemaizebajraragijowarricemaizebajraragijowarricemaizebajraragijowarricemaizebajraragijowarricemaizebajraragijowarricemaizebajraragijowarricemaizebajraragijowarricemaizebajraragijowarricemaizebajraragijowarricemaizebajraragijowarricemaizebajraragijowarricemaizebajraragijowarricemaizebajraragijowarricemaizebajraragijowarricemaizebajraragijowarricemaizebajraragijowarricemaizebajraragijowarricemaizebajraragijowarricemaizebajraragijowarricemaizebajraragijowarricemaizebajraragijowarricemaizebajraragijowarricemaizebajraragijowarricemaizebajraragijowarricemaizebajraragijowarricemaizebajraragijowarricemaizebajraragijowarricemaizebajraragijowarricemaizebajraragijowarricemaizebajraragijowarricemaizebajraragijowarricemaizebajraragijowarricemaizebajraragijowarricemaizebajraragijowarricemaizebajraragijowarricemaizebajraragijowarricemaizebajraragijowarricemaizebajraragijowarricemaizebajraragijowarricemaizebajraragijowarricemaizebajraragijowarricemaizebajraragijowarricemaizebajraragijowarricemaizebajraragijowarricemaizebajraragijowarricemaizebajraragijowarricemaizebajraragijowarricemaizebajraragijowarricemaizebajraragijowarricemaizebajraragijowarricemaizebajraragijowarricemaizebajraragijowarricemaizebajraragijowarricemaizebajraragijowarricemaizebajraragijowar,1555453.0005,1555453.0,238505.132515,4713081542.74601,4587007999.957886,123321528.59501237,195396367.78549597,45455530.56660833,72279120.13475649,64033090.46133817,136936051.9860417,29346430.62090953,58404217.63488224,16096525417346.23,16096525409851.377,885530.6316483159,9018940.408489866,13357302.670235142,28564860.4442883,2689389.799376203,5751314.183413751,3863907021.992928,9162084416.187048,366339330.921412,366339333.89196616,1555453.0,57.82720561746411,53.23869095637046,49.752891470320435,36.88647849872347,37.11111800771581,-4.656193386330449e-08,8.108750271049861e-07,90.1814338321303,53.238690956370455,53.238690956370455
28,tripura,ariyalurariyalurariyalurariyalurariyalurcoimbatorecoimbatorecoimbatorecoimbatorecoimbatorecuddalorecuddalorecuddalorecuddalorecuddaloredharmapuridharmapuridharmapuridharmapuridharmapuridindiguldindiguldindiguldindiguldindigulerodeerodeerodeerodeerodekancheepuramkancheepuramkancheepuramkancheepuramkancheepuramkanniyakumarikanniyakumarikanniyakumarikanniyakumarikanniyakumarikarurkarurkarurkarurkarurkrishnagirikrishnagirikrishnagirikrishnagirikrishnagirimaduraimaduraimaduraimaduraimadurainagappattinamnagappattinamnagappattinamnagappattinamnagappattinamnamakkalnamakkalnamakkalnamakkalnamakkalperambalurperambalurperambalurperambalurperambalurpudukkottaipudukkottaipudukkottaipudukkottaipudukkottairamanathapuramramanathapuramramanathapuramramanathapuramramanathapuramsalemsalemsalemsalemsalemsivagangasivagangasivagangasivagangasivagangathanjavurthanjavurthanjavurthanjavurthanjavurthe nilgiristhe nilgiristhe nilgiristhe nilgiristhe nilgiristhenithenithenithenithenithiruvallurthiruvallurthiruvallurthiruvallurthiruvallurthiruvarurthiruvarurthiruvarurthiruvarurthiruvarurtiruchirappallitiruchirappallitiruchirappallitiruchirappallitiruchirappallitirunelvelitirunelvelitirunelvelitirunelvelitirunelvelitiruppurtiruppurtiruppurtiruppurtiruppurtiruvannamalaitiruvannamalaitiruvannamalaitiruvannamalaitiruvannamalaituticorintuticorintuticorintuticorintuticorinvellorevellorevellorevellorevelloreviluppuramviluppuramviluppuramviluppuramviluppuramvirudhunagarvirudhunagarvirudhunagarvirudhunagarvirudhunagaramritsaramritsaramritsaramritsaramritsarbarnalabarnalabarnalabarnalabarnalabathindabathindabathindabathindabathindafaridkotfaridkotfaridkotfaridkotfaridkotfatehgarh sahibfatehgarh sahibfatehgarh sahibfatehgarh sahibfatehgarh sahibfazilkafazilkafazilkafazilkafazilkafirozpurfirozpurfirozpurfirozpurfirozpurgurdaspurgurdaspurgurdaspurgurdaspurgurdaspurhoshiarpurhoshiarpurhoshiarpurhoshiarpurhoshiarpurjalandharjalandharjalandharjalandharjalandharkapurthalakapurthalakapurthalakapurthalakapurthalaludhianaludhianaludhianaludhianaludhianamansamansamansamansamansamogamogamogamogamogamuktsarmuktsarmuktsarmuktsarmuktsarpathankotpathankotpathankotpathankotpathankotpatialapatialapatialapatialapatialarupnagarrupnagarrupnagarrupnagarrupnagarsangrursangrursangrursangrursangrurshahid bhagat singh nagarshahid bhagat singh nagarshahid bhagat singh nagarshahid bhagat singh nagarshahid bhagat singh nagartarn tarantarn tarantarn tarantarn tarantarn taranambalaambalaambalaambalaambalabhiwanibhiwanibhiwanibhiwanibhiwanicharki dadricharki dadricharki dadricharki dadricharki dadrifaridabadfaridabadfaridabadfaridabadfaridabadfatehabadfatehabadfatehabadfatehabadfatehabadgurgaongurgaongurgaongurgaongurgaonhisarhisarhisarhisarhisarjhajjarjhajjarjhajjarjhajjarjhajjarjindjindjindjindjindkaithalkaithalkaithalkaithalkaithalkarnalkarnalkarnalkarnalkarnalkurukshetrakurukshetrakurukshetrakurukshetrakurukshetramewatmewatmewatmewatmewatpalwalpalwalpalwalpalwalpalwalpanchkulapanchkulapanchkulapanchkulapanchkulapanipatpanipatpanipatpanipatpanipatrewarirewarirewarirewarirewarirohtakrohtakrohtakrohtakrohtaksirsasirsasirsasirsasirsasonipatsonipatsonipatsonipatsonipatyamunanagaryamunanagaryamunanagaryamunanagaryamunanagaranantapuranantapuranantapuranantapuranantapurchittoorchittoorchittoorchittoorchittooreast godavarieast godavarieast godavarieast godavarieast godavarigunturgunturgunturgunturgunturkadapakadapakadapakadapakadapakrishnakrishnakrishnakrishnakrishnakurnoolkurnoolkurnoolkurnoolkurnoolprakasamprakasamprakasamprakasamprakasamnellorenellorenellorenellorenelloresrikakulamsrikakulamsrikakulamsrikakulamsrikakulamvisakhapatnamvisakhapatnamvisakhapatnamvisakhapatnamvisakhapatnamvizianagaramvizianagaramvizianagaramvizianagaramvizianagaramwest godavariwest godavariwest godavariwest godavariwest godavariballariballariballariballariballaribangalore ruralbangalore ruralbangalore ruralbangalore ruralbangalore ruralbelagavibelagavibelagavibelagavibelagavibengaluru urbanbengaluru urbanbengaluru urbanbengaluru urbanbengaluru urbanbidarbidarbidarbidarbidarchamarajanagarachamarajanagarachamarajanagarachamarajanagarachamarajanagarachikkaballapurachikkaballapurachikkaballapurachikkaballapurachikkaballapurachikmagalurchikmagalurchikmagalurchikmagalurchikmagalurchitradurgachitradurgachitradurgachitradurgachitradurgadakshina kannadadakshina kannadadakshina kannadadakshina kannadadakshina kannadadavangeredavangeredavangeredavangeredavangeredharwaddharwaddharwaddharwaddharwadgadaggadaggadaggadaggadaghassanhassanhassanhassanhassanhaverihaverihaverihaverihaverikalaburagikalaburagikalaburagikalaburagikalaburagikodagukodagukodagukodagukodagukolarkolarkolarkolarkolarkoppalkoppalkoppalkoppalkoppalmandyamandyamandyamandyamandyamysurumysurumysurumysurumysururaichurraichurraichurraichurraichurramanagararamanagararamanagararamanagararamanagarashivamoggashivamoggashivamoggashivamoggashivamoggatumakurutumakurutumakurutumakurutumakuruudupiudupiudupiudupiudupiuttara kannadauttara kannadauttara kannadauttara kannadauttara kannadavijayapuravijayapuravijayapuravijayapuravijayapurayadgiryadgiryadgiryadgiryadgiralmoraalmoraalmoraalmoraalmorabageshwarbageshwarbageshwarbageshwarbageshwarchamolichamolichamolichamolichamolichampawatchampawatchampawatchampawatchampawatdehradundehradundehradundehradundehradunhardwarhardwarhardwarhardwarhardwarnainitalnainitalnainitalnainitalnainitalpauri garhwalpauri garhwalpauri garhwalpauri garhwalpauri garhwalpithoragarhpithoragarhpithoragarhpithoragarhpithoragarhrudra prayagrudra prayagrudra prayagrudra prayagrudra prayagtehri garhwaltehri garhwaltehri garhwaltehri garhwaltehri garhwaludham singh nagarudham singh nagarudham singh nagarudham singh nagarudham singh nagaruttar kashiuttar kashiuttar kashiuttar kashiuttar kashispsr nellorespsr nellorespsr nellorespsr nellorespsr nellorevisakhapatanamvisakhapatanamvisakhapatanamvisakhapatanamvisakhapatanamparaganas northparaganas northparaganas northparaganas northparaganas northparaganas southparaganas southparaganas southparaganas southparaganas southalipurduaralipurduaralipurduaralipurduaralipurduarbankurabankurabankurabankurabankurabirbhumbirbhumbirbhumbirbhumbirbhumcoochbeharcoochbeharcoochbeharcoochbeharcoochbehardarjeelingdarjeelingdarjeelingdarjeelingdarjeelingdakshin dinajpurdakshin dinajpurdakshin dinajpurdakshin dinajpurdakshin dinajpuruttar dinajpuruttar dinajpuruttar dinajpuruttar dinajpuruttar dinajpurhooghlyhooghlyhooghlyhooghlyhooghlyhowrahhowrahhowrahhowrahhowrahjalpaigurijalpaigurijalpaigurijalpaigurijalpaigurijhargramjhargramjhargramjhargramjhargramkalimpongkalimpongkalimpongkalimpongkalimpongmaldahmaldahmaldahmaldahmaldahmedinipur eastmedinipur eastmedinipur eastmedinipur eastmedinipur eastmedinipur westmedinipur westmedinipur westmedinipur westmedinipur westmurshidabadmurshidabadmurshidabadmurshidabadmurshidabadnadianadianadianadianadiabarddhamanbarddhamanbarddhamanbarddhamanbarddhamanpuruliyapuruliyapuruliyapuruliyapuruliyaalappuzhaalappuzhaalappuzhaalappuzhaalappuzhaernakulamernakulamernakulamernakulamernakulamidukkiidukkiidukkiidukkiidukkikannurkannurkannurkannurkannurkasaragodkasaragodkasaragodkasaragodkasaragodkollamkollamkollamkollamkollamkottayamkottayamkottayamkottayamkottayamkozhikodekozhikodekozhikodekozhikodekozhikodemalappurammalappurammalappurammalappurammalappurampalakkadpalakkadpalakkadpalakkadpalakkadpathanamthittapathanamthittapathanamthittapathanamthittapathanamthittathiruvananthapuramthiruvananthapuramthiruvananthapuramthiruvananthapuramthiruvananthapuramthrissurthrissurthrissurthrissurthrissurwayanadwayanadwayanadwayanadwayanadbagalkotbagalkotbagalkotbagalkotbagalkotchikballapurachikballapurachikballapurachikballapurachikballapurachikkamagaluruchikkamagaluruchikkamagaluruchikkamagaluruchikkamagalurudavanageredavanageredavanageredavanageredavanagereyadagiriyadagiriyadagiriyadagiriyadagiriagraagraagraagraagraaligarhaligarhaligarhaligarhaligarhallahabadallahabadallahabadallahabadallahabadambedkar nagarambedkar nagarambedkar nagarambedkar nagarambedkar nagaramethiamethiamethiamethiamethiamrohaamrohaamrohaamrohaamrohaauraiyaauraiyaauraiyaauraiyaauraiyaazamgarhazamgarhazamgarhazamgarhazamgarhbaghpatbaghpatbaghpatbaghpatbaghpatbahraichbahraichbahraichbahraichbahraichballiaballiaballiaballiaballiabalrampurbalrampurbalrampurbalrampurbalrampurbandabandabandabandabandabarabankibarabankibarabankibarabankibarabankibareillybareillybareillybareillybareillybastibastibastibastibastibijnorbijnorbijnorbijnorbijnorbudaunbudaunbudaunbudaunbudaunbulandshahrbulandshahrbulandshahrbulandshahrbulandshahrchandaulichandaulichandaulichandaulichandaulichitrakootchitrakootchitrakootchitrakootchitrakootdeoriadeoriadeoriadeoriadeoriaetahetahetahetahetahetawahetawahetawahetawahetawahfaizabadfaizabadfaizabadfaizabadfaizabadfarrukhabadfarrukhabadfarrukhabadfarrukhabadfarrukhabadfatehpurfatehpurfatehpurfatehpurfatehpurfirozabadfirozabadfirozabadfirozabadfirozabadkanpur nagarkanpur nagarkanpur nagarkanpur nagarkanpur nagarghaziabadghaziabadghaziabadghaziabadghaziabadghazipurghazipurghazipurghazipurghazipurgondagondagondagondagondagorakhpurgorakhpurgorakhpurgorakhpurgorakhpurhamirpurhamirpurhamirpurhamirpurhamirpurhapurhapurhapurhapurhapurhardoihardoihardoihardoihardoihathrashathrashathrashathrashathrasjalaunjalaunjalaunjalaunjalaunjaunpurjaunpurjaunpurjaunpurjaunpurjhansijhansijhansijhansijhansikannaujkannaujkannaujkannaujkannaujkanpur dehatkanpur dehatkanpur dehatkanpur dehatkanpur dehatkasganjkasganjkasganjkasganjkasganjkaushambikaushambikaushambikaushambikaushambilakhimpur kherilakhimpur kherilakhimpur kherilakhimpur kherilakhimpur kherikushinagarkushinagarkushinagarkushinagarkushinagarlalitpurlalitpurlalitpurlalitpurlalitpurlucknowlucknowlucknowlucknowlucknowmaharajganjmaharajganjmaharajganjmaharajganjmaharajganjmahobamahobamahobamahobamahobamainpurimainpurimainpurimainpurimainpurimathuramathuramathuramathuramathuramaumaumaumaumaumeerutmeerutmeerutmeerutmeerutmirzapurmirzapurmirzapurmirzapurmirzapurmoradabadmoradabadmoradabadmoradabadmoradabadmuzaffarnagarmuzaffarnagarmuzaffarnagarmuzaffarnagarmuzaffarnagarpilibhitpilibhitpilibhitpilibhitpilibhitpratapgarhpratapgarhpratapgarhpratapgarhpratapgarhrae barelirae barelirae barelirae barelirae barelirampurrampurrampurrampurrampursaharanpursaharanpursaharanpursaharanpursaharanpursambhalsambhalsambhalsambhalsambhalsant kabeer nagarsant kabeer nagarsant kabeer nagarsant kabeer nagarsant kabeer nagarsant ravi das nagarsant ravi das nagarsant ravi das nagarsant ravi das nagarsant ravi das nagarshahajahanpurshahajahanpurshahajahanpurshahajahanpurshahajahanpurshamlishamlishamlishamlishamlishravastishravastishravastishravastishravastisiddharth nagarsiddharth nagarsiddharth nagarsiddharth nagarsiddharth nagarsitapursitapursitapursitapursitapursonbhadrasonbhadrasonbhadrasonbhadrasonbhadrasultanpursultanpursultanpursultanpursultanpurunnaounnaounnaounnaounnaovaranasivaranasivaranasivaranasivaranasiahmednagarahmednagarahmednagarahmednagarahmednagaramravatiamravatiamravatiamravatiamravatibeedbeedbeedbeedbeedbhandarabhandarabhandarabhandarabhandarachandrapurchandrapurchandrapurchandrapurchandrapurdhuledhuledhuledhuledhulegadchiroligadchiroligadchiroligadchiroligadchiroligondiagondiagondiagondiagondiakolhapurkolhapurkolhapurkolhapurkolhapurlaturlaturlaturlaturlaturnagpurnagpurnagpurnagpurnagpurnandednandednandednandednandednandurbarnandurbarnandurbarnandurbarnandurbarnashiknashiknashiknashiknashikosmanabadosmanabadosmanabadosmanabadosmanabadpalgharpalgharpalgharpalgharpalgharpunepunepunepunepuneraigadraigadraigadraigadraigadratnagiriratnagiriratnagiriratnagiriratnagirisanglisanglisanglisanglisanglisatarasatarasatarasatarasatarasindhudurgsindhudurgsindhudurgsindhudurgsindhudurgsolapursolapursolapursolapursolapurthanethanethanethanethaneanantnaganantnaganantnaganantnaganantnagbadgambadgambadgambadgambadgambandiporabandiporabandiporabandiporabandiporabaramullabaramullabaramullabaramullabaramulladodadodadodadodadodaganderbalganderbalganderbalganderbalganderbaljammujammujammujammujammukathuakathuakathuakathuakathuakishtwarkishtwarkishtwarkishtwarkishtwarkulgamkulgamkulgamkulgamkulgamkupwarakupwarakupwarakupwarakupwarapoonchpoonchpoonchpoonchpoonchpulwamapulwamapulwamapulwamapulwamarajaurirajaurirajaurirajaurirajaurirambanrambanrambanrambanrambanreasireasireasireasireasisambasambasambasambasambashopianshopianshopianshopianshopiansrinagarsrinagarsrinagarsrinagarsrinagarudhampurudhampurudhampurudhampurudhampurahmadabadahmadabadahmadabadahmadabadahmadabadanandanandanandanandanandaravalliaravalliaravalliaravalliaravallibharuchbharuchbharuchbharuchbharuchchhotaudepurchhotaudepurchhotaudepurchhotaudepurchhotaudepurdangdangdangdangdangdohaddohaddohaddohaddohadgandhinagargandhinagargandhinagargandhinagargandhinagarkhedakhedakhedakhedakhedamahesanamahesanamahesanamahesanamahesanamahisagarmahisagarmahisagarmahisagarmahisagarnarmadanarmadanarmadanarmadanarmadanavsarinavsarinavsarinavsarinavsaripanch mahalspanch mahalspanch mahalspanch mahalspanch mahalssabar kanthasabar kanthasabar kanthasabar kanthasabar kanthasuratsuratsuratsuratsuratsurendranagarsurendranagarsurendranagarsurendranagarsurendranagartapitapitapitapitapivadodaravadodaravadodaravadodaravadodaravalsadvalsadvalsadvalsadvalsadajmerajmerajmerajmerajmeralwaralwaralwaralwaralwarbanswarabanswarabanswarabanswarabanswarabaranbaranbaranbaranbaranbharatpurbharatpurbharatpurbharatpurbharatpurbhilwarabhilwarabhilwarabhilwarabhilwarabundibundibundibundibundichittorgarhchittorgarhchittorgarhchittorgarhchittorgarhdholpurdholpurdholpurdholpurdholpurdungarpurdungarpurdungarpurdungarpurdungarpurganganagarganganagarganganagarganganagarganganagarhanumangarhhanumangarhhanumangarhhanumangarhhanumangarhjhalawarjhalawarjhalawarjhalawarjhalawarkaraulikaraulikaraulikaraulikaraulikotakotakotakotakotarajsamandrajsamandrajsamandrajsamandrajsamandsawai madhopursawai madhopursawai madhopursawai madhopursawai madhopurtonktonktonktonktonkudaipurudaipurudaipurudaipurudaipurarariaarariaarariaarariaarariaarwalarwalarwalarwalarwalaurangabadaurangabadaurangabadaurangabadaurangabadbankabankabankabankabankabegusaraibegusaraibegusaraibegusaraibegusaraibhagalpurbhagalpurbhagalpurbhagalpurbhagalpurbhojpurbhojpurbhojpurbhojpurbhojpurbuxarbuxarbuxarbuxarbuxardarbhangadarbhangadarbhangadarbhangadarbhangagayagayagayagayagayagopalganjgopalganjgopalganjgopalganjgopalganjjamuijamuijamuijamuijamuijehanabadjehanabadjehanabadjehanabadjehanabadkaimurkaimurkaimurkaimurkaimurkatiharkatiharkatiharkatiharkatiharkhagariakhagariakhagariakhagariakhagariakishanganjkishanganjkishanganjkishanganjkishanganjlakhisarailakhisarailakhisarailakhisarailakhisaraimadhepuramadhepuramadhepuramadhepuramadhepuramadhubanimadhubanimadhubanimadhubanimadhubanimungermungermungermungermungermuzaffarpurmuzaffarpurmuzaffarpurmuzaffarpurmuzaffarpurnalandanalandanalandanalandanalandanawadanawadanawadanawadanawadapashchim champaranpashchim champaranpashchim champaranpashchim champaranpashchim champaranpatnapatnapatnapatnapatnapurbi champaranpurbi champaranpurbi champaranpurbi champaranpurbi champaranpurniapurniapurniapurniapurniarohtasrohtasrohtasrohtasrohtassaharsasaharsasaharsasaharsasaharsasamastipursamastipursamastipursamastipursamastipursaransaransaransaransaransheikhpurasheikhpurasheikhpurasheikhpurasheikhpurasheoharsheoharsheoharsheoharsheoharsitamarhisitamarhisitamarhisitamarhisitamarhisiwansiwansiwansiwansiwansupaulsupaulsupaulsupaulsupaulvaishalivaishalivaishalivaishalivaishalidinajpur dakshindinajpur dakshindinajpur dakshindinajpur dakshindinajpur dakshindinajpur uttardinajpur uttardinajpur uttardinajpur uttardinajpur uttarpaschim bardhamanpaschim bardhamanpaschim bardhamanpaschim bardhamanpaschim bardhamanpurba bardhamanpurba bardhamanpurba bardhamanpurba bardhamanpurba bardhamanpuruliapuruliapuruliapuruliapurulianagapattinamnagapattinamnagapattinamnagapattinamnagapattinamvirudunagarvirudunagarvirudunagarvirudunagarvirudunagaranugulanugulanugulanugulanugulbalangirbalangirbalangirbalangirbalangirbaleshwarbaleshwarbaleshwarbaleshwarbaleshwarbargarhbargarhbargarhbargarhbargarhbhadrakbhadrakbhadrakbhadrakbhadrakboudhboudhboudhboudhboudhcuttackcuttackcuttackcuttackcuttackdeogarhdeogarhdeogarhdeogarhdeogarhdhenkanaldhenkanaldhenkanaldhenkanaldhenkanalgajapatigajapatigajapatigajapatigajapatiganjamganjamganjamganjamganjamjagatsinghapurjagatsinghapurjagatsinghapurjagatsinghapurjagatsinghapurjajapurjajapurjajapurjajapurjajapurjharsugudajharsugudajharsugudajharsugudajharsugudakalahandikalahandikalahandikalahandikalahandikandhamalkandhamalkandhamalkandhamalkandhamalkendraparakendraparakendraparakendraparakendraparakendujharkendujharkendujharkendujharkendujharkhordhakhordhakhordhakhordhakhordhakoraputkoraputkoraputkoraputkoraputmalkangirimalkangirimalkangirimalkangirimalkangirimayurbhanjmayurbhanjmayurbhanjmayurbhanjmayurbhanjnabarangpurnabarangpurnabarangpurnabarangpurnabarangpurnayagarhnayagarhnayagarhnayagarhnayagarhnuapadanuapadanuapadanuapadanuapadapuripuripuripuripurirayagadarayagadarayagadarayagadarayagadasambalpursambalpursambalpursambalpursambalpursonepursonepursonepursonepursonepursundargarhsundargarhsundargarhsundargarhsundargarhbaksabaksabaksabaksabaksabarpetabarpetabarpetabarpetabarpetabongaigaonbongaigaonbongaigaonbongaigaonbongaigaoncacharcacharcacharcacharcacharchirangchirangchirangchirangchirangdarrangdarrangdarrangdarrangdarrangdhemajidhemajidhemajidhemajidhemajidhubridhubridhubridhubridhubridibrugarhdibrugarhdibrugarhdibrugarhdibrugarhdima hasaodima hasaodima hasaodima hasaodima hasaogoalparagoalparagoalparagoalparagoalparagolaghatgolaghatgolaghatgolaghatgolaghathailakandihailakandihailakandihailakandihailakandijorhatjorhatjorhatjorhatjorhatkamrupkamrupkamrupkamrupkamrupkarbi anglongkarbi anglongkarbi anglongkarbi anglongkarbi anglongkarimganjkarimganjkarimganjkarimganjkarimganjkokrajharkokrajharkokrajharkokrajharkokrajharlakhimpurlakhimpurlakhimpurlakhimpurlakhimpurmorigaonmorigaonmorigaonmorigaonmorigaonnagaonnagaonnagaonnagaonnagaonnalbarinalbarinalbarinalbarinalbarisivasagarsivasagarsivasagarsivasagarsivasagarsonitpursonitpursonitpursonitpursonitpurtinsukiatinsukiatinsukiatinsukiatinsukiaudalguriudalguriudalguriudalguriudalguribokarobokarobokarobokarobokarochatrachatrachatrachatrachatradeoghardeoghardeoghardeoghardeoghardhanbaddhanbaddhanbaddhanbaddhanbaddumkadumkadumkadumkadumkaeast singhbumeast singhbumeast singhbumeast singhbumeast singhbumgarhwagarhwagarhwagarhwagarhwagiridihgiridihgiridihgiridihgiridihgoddagoddagoddagoddagoddagumlagumlagumlagumlagumlahazaribaghhazaribaghhazaribaghhazaribaghhazaribaghjamtarajamtarajamtarajamtarajamtarakhuntikhuntikhuntikhuntikhuntikodermakodermakodermakodermakodermalateharlateharlateharlateharlateharlohardagalohardagalohardagalohardagalohardagapakurpakurpakurpakurpakurpalamupalamupalamupalamupalamuramgarhramgarhramgarhramgarhramgarhranchiranchiranchiranchiranchisahibganjsahibganjsahibganjsahibganjsahibganjsaraikelakharsawansaraikelakharsawansaraikelakharsawansaraikelakharsawansaraikelakharsawansimdegasimdegasimdegasimdegasimdegawest singhbhumwest singhbhumwest singhbhumwest singhbhumwest singhbhumbilaspurbilaspurbilaspurbilaspurbilaspurchambachambachambachambachambakangrakangrakangrakangrakangrakinnaurkinnaurkinnaurkinnaurkinnaurkullukullukullukullukullumandimandimandimandimandishimlashimlashimlashimlashimlasirmaursirmaursirmaursirmaursirmaursolansolansolansolansolanunaunaunaunaunakaimur (bhabua)kaimur (bhabua)kaimur (bhabua)kaimur (bhabua)kaimur (bhabua)baloda bazarbaloda bazarbaloda bazarbaloda bazarbaloda bazaruttar bastar kankeruttar bastar kankeruttar bastar kankeruttar bastar kankeruttar bastar kankerbemetarabemetarabemetarabemetarabemetarabijapurbijapurbijapurbijapurbijapurdantewadadantewadadantewadadantewadadantewadadhamtaridhamtaridhamtaridhamtaridhamtaridurgdurgdurgdurgdurggariabandgariabandgariabandgariabandgariabandjanjgirchampajanjgirchampajanjgirchampajanjgirchampajanjgirchampajashpurjashpurjashpurjashpurjashpurkabirdhamkabirdhamkabirdhamkabirdhamkabirdhamkondagaonkondagaonkondagaonkondagaonkondagaonkorbakorbakorbakorbakorbakoreakoreakoreakoreakoreamahasamundmahasamundmahasamundmahasamundmahasamundmungelimungelimungelimungelimungelinarayanpurnarayanpurnarayanpurnarayanpurnarayanpurraigarhraigarhraigarhraigarhraigarhraipurraipurraipurraipurraipurrajnandgaonrajnandgaonrajnandgaonrajnandgaonrajnandgaonsukmasukmasukmasukmasukmasurajpursurajpursurajpursurajpursurajpursurgujasurgujasurgujasurgujasurgujalahul and spitilahul and spitilahul and spitilahul and spitilahul and spitiarvalliarvalliarvalliarvalliarvallibanas kanthabanas kanthabanas kanthabanas kanthabanas kanthadevbhumi dwarkadevbhumi dwarkadevbhumi dwarkadevbhumi dwarkadevbhumi dwarkakachchhkachchhkachchhkachchhkachchhpatanpatanpatanpatanpatanrajkotrajkotrajkotrajkotrajkotahmadnagarahmadnagarahmadnagarahmadnagarahmadnagarakolaakolaakolaakolaakolabuldhanabuldhanabuldhanabuldhanabuldhanahingolihingolihingolihingolihingolijalgaonjalgaonjalgaonjalgaonjalgaonjalnajalnajalnajalnajalnaparbhaniparbhaniparbhaniparbhaniparbhaniwashimwashimwashimwashimwashimyavatmalyavatmalyavatmalyavatmalyavatmalagar malwaagar malwaagar malwaagar malwaagar malwaalirajpuralirajpuralirajpuralirajpuralirajpuranuppuranuppuranuppuranuppuranuppurashoknagarashoknagarashoknagarashoknagarashoknagarbalaghatbalaghatbalaghatbalaghatbalaghatbarwanibarwanibarwanibarwanibarwanibetulbetulbetulbetulbetulbhopalbhopalbhopalbhopalbhopalburhanpurburhanpurburhanpurburhanpurburhanpurchhatarpurchhatarpurchhatarpurchhatarpurchhatarpurchhindwarachhindwarachhindwarachhindwarachhindwaradamohdamohdamohdamohdamohdatiadatiadatiadatiadatiadewasdewasdewasdewasdewasdhardhardhardhardhardindoridindoridindoridindoridindorigunagunagunagunagunagwaliorgwaliorgwaliorgwaliorgwaliorhardahardahardahardahardahoshangabadhoshangabadhoshangabadhoshangabadhoshangabadindoreindoreindoreindoreindorejabalpurjabalpurjabalpurjabalpurjabalpurjhabuajhabuajhabuajhabuajhabuakatnikatnikatnikatnikatnikhandwakhandwakhandwakhandwakhandwakhargonekhargonekhargonekhargonekhargonemandlamandlamandlamandlamandlamandsaurmandsaurmandsaurmandsaurmandsaurmorenamorenamorenamorenamorenanarsinghpurnarsinghpurnarsinghpurnarsinghpurnarsinghpurneemuchneemuchneemuchneemuchneemuchpannapannapannapannapannaraisenraisenraisenraisenraisenrajgarhrajgarhrajgarhrajgarhrajgarhratlamratlamratlamratlamratlamrewarewarewarewarewasagarsagarsagarsagarsagarsatnasatnasatnasatnasatnasehoresehoresehoresehoresehoreseoniseoniseoniseoniseonishahdolshahdolshahdolshahdolshahdolshajapurshajapurshajapurshajapurshajapursheopursheopursheopursheopursheopurshivpurishivpurishivpurishivpurishivpurisidhisidhisidhisidhisidhisingraulisingraulisingraulisingraulisingraulitikamgarhtikamgarhtikamgarhtikamgarhtikamgarhujjainujjainujjainujjainujjainumariaumariaumariaumariaumariavidishavidishavidishavidishavidishabarmerbarmerbarmerbarmerbarmerchittaurgarhchittaurgarhchittaurgarhchittaurgarhchittaurgarhchuruchuruchuruchuruchurudausadausadausadausadausajaipurjaipurjaipurjaipurjaipurjalorejalorejalorejalorejalorejodhpurjodhpurjodhpurjodhpurjodhpurnagaurnagaurnagaurnagaurnagaurpalipalipalipalipalisikarsikarsikarsikarsikarsirohisirohisirohisirohisirohiharidwarharidwarharidwarharidwarharidwarudam singh nagarudam singh nagarudam singh nagarudam singh nagarudam singh nagarkanchipuramkanchipuramkanchipuramkanchipuramkanchipuramvillupuramvillupuramvillupuramvillupuramvillupurambhindbhindbhindbhindbhindbagalkotebagalkotebagalkotebagalkotebagalkotebuldanabuldanabuldanabuldanabuldanawardhawardhawardhawardhawardhasahebganjsahebganjsahebganjsahebganjsahebganjsaraikela kharsawansaraikela kharsawansaraikela kharsawansaraikela kharsawansaraikela kharsawangautam buddha nagargautam buddha nagargautam buddha nagargautam buddha nagargautam buddha nagarkherikherikherikherikherikushi nagarkushi nagarkushi nagarkushi nagarkushi nagarsant ravidas nagarsant ravidas nagarsant ravidas nagarsant ravidas nagarsant ravidas nagarmahendragarhmahendragarhmahendragarhmahendragarhmahendragarhjamnagarjamnagarjamnagarjamnagarjamnagarchamrajnagarchamrajnagarchamrajnagarchamrajnagarchamrajnagartumkurtumkurtumkurtumkurtumkurbalodbalodbalodbalodbalodbastarbastarbastarbastarbastargariyabandgariyabandgariyabandgariyabandgariyabandjanjgir-champajanjgir-champajanjgir-champajanjgir-champajanjgir-champakankerkankerkankerkankerkankeramreliamreliamreliamreliamrelibhavnagarbhavnagarbhavnagarbhavnagarbhavnagarbotadbotadbotadbotadbotadgir somnathgir somnathgir somnathgir somnathgir somnathjunagadhjunagadhjunagadhjunagadhjunagadhmorbimorbimorbimorbimorbikamrup metrokamrup metrokamrup metrokamrup metrokamrup metromarigaonmarigaonmarigaonmarigaonmarigaonbikanerbikanerbikanerbikanerbikanerjaisalmerjaisalmerjaisalmerjaisalmerjaisalmerjhunjhununjhunjhununjhunjhununjhunjhununjhunjhununshahjahanpurshahjahanpurshahjahanpurshahjahanpurshahjahanpurnicobarsnicobarsnicobarsnicobarsnicobarsnorth and middle andamannorth and middle andamannorth and middle andamannorth and middle andamannorth and middle andamansouth andamanssouth andamanssouth andamanssouth andamanssouth andamansanjawanjawanjawanjawanjawchanglangchanglangchanglangchanglangchanglangdibang valleydibang valleydibang valleydibang valleydibang valleyeast kamengeast kamengeast kamengeast kamengeast kamengeast siangeast siangeast siangeast siangeast siangkra daadikra daadikra daadikra daadikra daadikurung kumeykurung kumeykurung kumeykurung kumeykurung kumeylohitlohitlohitlohitlohitlongdinglongdinglongdinglongdinglongdinglower dibang valleylower dibang valleylower dibang valleylower dibang valleylower dibang valleylower subansirilower subansirilower subansirilower subansirilower subansirinamsainamsainamsainamsainamsaipapum parepapum parepapum parepapum parepapum paresiangsiangsiangsiangsiangtawangtawangtawangtawangtawangtiraptiraptiraptiraptirapupper siangupper siangupper siangupper siangupper siangupper subansiriupper subansiriupper subansiriupper subansiriupper subansiriwest kamengwest kamengwest kamengwest kamengwest kamengwest siangwest siangwest siangwest siangwest siangchandigarhchandigarhchandigarhchandigarhchandigarhdadra and nagar havelidadra and nagar havelidadra and nagar havelidadra and nagar havelidadra and nagar havelibishnupurbishnupurbishnupurbishnupurbishnupurchandelchandelchandelchandelchandelchurachandpurchurachandpurchurachandpurchurachandpurchurachandpurimphal eastimphal eastimphal eastimphal eastimphal eastimphal westimphal westimphal westimphal westimphal westsenapatisenapatisenapatisenapatisenapatitamenglongtamenglongtamenglongtamenglongtamenglongthoubalthoubalthoubalthoubalthoubalukhrulukhrulukhrulukhrulukhruleast garo hillseast garo hillseast garo hillseast garo hillseast garo hillseast jaintia hillseast jaintia hillseast jaintia hillseast jaintia hillseast jaintia hillseast khasi hillseast khasi hillseast khasi hillseast khasi hillseast khasi hillsnorth garo hillsnorth garo hillsnorth garo hillsnorth garo hillsnorth garo hillsri bhoiri bhoiri bhoiri bhoiri bhoisouth garo hillssouth garo hillssouth garo hillssouth garo hillssouth garo hillssouth west garo hillssouth west garo hillssouth west garo hillssouth west garo hillssouth west garo hillssouth west khasi hillssouth west khasi hillssouth west khasi hillssouth west khasi hillssouth west khasi hillswest garo hillswest garo hillswest garo hillswest garo hillswest garo hillswest jaintia hillswest jaintia hillswest jaintia hillswest jaintia hillswest jaintia hillswest khasi hillswest khasi hillswest khasi hillswest khasi hillswest khasi hillsaizawlaizawlaizawlaizawlaizawlchamphaichamphaichamphaichamphaichamphaikolasibkolasibkolasibkolasibkolasiblawngtlailawngtlailawngtlailawngtlailawngtlailungleilungleilungleilungleilungleimamitmamitmamitmamitmamitsaihasaihasaihasaihasaihaserchhipserchhipserchhipserchhipserchhipdimapurdimapurdimapurdimapurdimapurkiphirekiphirekiphirekiphirekiphirekohimakohimakohimakohimakohimalonglenglonglenglonglenglonglenglonglengmokokchungmokokchungmokokchungmokokchungmokokchungmonmonmonmonmonperenperenperenperenperenphekphekphekphekphektuensangtuensangtuensangtuensangtuensangwokhawokhawokhawokhawokhazunhebotozunhebotozunhebotozunhebotozunhebotokaraikalkaraikalkaraikalkaraikalkaraikalpondicherrypondicherrypondicherrypondicherrypondicherryyanamyanamyanamyanamyanameast districteast districteast districteast districteast districtnorth districtnorth districtnorth districtnorth districtnorth districtsouth districtsouth districtsouth districtsouth districtsouth districtwest districtwest districtwest districtwest districtwest districtadilabadadilabadadilabadadilabadadilabadbhadradribhadradribhadradribhadradribhadradrihanumakondahanumakondahanumakondahanumakondahanumakondajagitialjagitialjagitialjagitialjagitialjangoanjangoanjangoanjangoanjangoanjayashankarjayashankarjayashankarjayashankarjayashankarjogulambajogulambajogulambajogulambajogulambakamareddykamareddykamareddykamareddykamareddykarimnagarkarimnagarkarimnagarkarimnagarkarimnagarkhammamkhammamkhammamkhammamkhammamkomaram bheem asifabadkomaram bheem asifabadkomaram bheem asifabadkomaram bheem asifabadkomaram bheem asifabadmahabubabadmahabubabadmahabubabadmahabubabadmahabubabadmahbubnagarmahbubnagarmahbubnagarmahbubnagarmahbubnagarmancherialmancherialmancherialmancherialmancherialmedakmedakmedakmedakmedakmedchal malkajgirimedchal malkajgirimedchal malkajgirimedchal malkajgirimedchal malkajgirinagarkurnoolnagarkurnoolnagarkurnoolnagarkurnoolnagarkurnoolnalgondanalgondanalgondanalgondanalgondanirmalnirmalnirmalnirmalnirmalnizamabadnizamabadnizamabadnizamabadnizamabadpeddapallipeddapallipeddapallipeddapallipeddapallirajannarajannarajannarajannarajannarangareddirangareddirangareddirangareddirangareddisangareddysangareddysangareddysangareddysangareddysiddipetsiddipetsiddipetsiddipetsiddipetsuryapetsuryapetsuryapetsuryapetsuryapetvikarabadvikarabadvikarabadvikarabadvikarabadwanaparthywanaparthywanaparthywanaparthywanaparthywarangalwarangalwarangalwarangalwarangalyadadriyadadriyadadriyadadriyadadridhalaidhalaidhalaidhalaidhalaigomatigomatigomatigomatigomatikhowaikhowaikhowaikhowaikhowainorth tripuranorth tripuranorth tripuranorth tripuranorth tripurasepahijalasepahijalasepahijalasepahijalasepahijalasouth tripurasouth tripurasouth tripurasouth tripurasouth tripuraunakotiunakotiunakotiunakotiunakotiwest tripurawest tripurawest tripurawest tripurawest tripura,ricemaizebajraragijowarricemaizebajraragijowarricemaizebajraragijowarricemaizebajraragijowarricemaizebajraragijowarricemaizebajraragijowarricemaizebajraragijowarricemaizebajraragijowarricemaizebajraragijowarricemaizebajraragijowarricemaizebajraragijowarricemaizebajraragijowarricemaizebajraragijowarricemaizebajraragijowarricemaizebajraragijowarricemaizebajraragijowarricemaizebajraragijowarricemaizebajraragijowarricemaizebajraragijowarricemaizebajraragijowarricemaizebajraragijowarricemaizebajraragijowarricemaizebajraragijowarricemaizebajraragijowarricemaizebajraragijowarricemaizebajraragijowarricemaizebajraragijowarricemaizebajraragijowarricemaizebajraragijowarricemaizebajraragijowarricemaizebajraragijowarricemaizebajraragijowarricemaizebajraragijowarricemaizebajraragijowarricemaizebajraragijowarricemaizebajraragijowarricemaizebajraragijowarricemaizebajraragijowarricemaizebajraragijowarricemaizebajraragijowarricemaizebajraragijowarricemaizebajraragijowarricemaizebajraragijowarricemaizebajraragijowarricemaizebajraragijowarricemaizebajraragijowarricemaizebajraragijowarricemaizebajraragijowarricemaizebajraragijowarricemaizebajraragijowarricemaizebajraragijowarricemaizebajraragijowarricemaizebajraragijowarricemaizebajraragijowarricemaizebajraragijowarricemaizebajraragijowarricemaizebajraragijowarricemaizebajraragijowarricemaizebajraragijowarricemaizebajraragijowarricemaizebajraragijowarricemaizebajraragijowarricemaizebajraragijowarricemaizebajraragijowarricemaizebajraragijowarricemaizebajraragijowarricemaizebajraragijowarricemaizebajraragijowarricemaizebajraragijowarricemaizebajraragijowarricemaizebajraragijowarricemaizebajraragijowarricemaizebajraragijowarricemaizebajraragijowarricemaizebajraragijowarricemaizebajraragijowarricemaizebajraragijowarricemaizebajraragijowarricemaizebajraragijowarricemaizebajraragijowarricemaizebajraragijowarricemaizebajraragijowarricemaizebajraragijowarricemaizebajraragijowarricemaizebajraragijowarricemaizebajraragijowarricemaizebajraragijowarricemaizebajraragijowarricemaizebajraragijowarricemaizebajraragijowarricemaizebajraragijowarricemaizebajraragijowarricemaizebajraragijowarricemaizebajraragijowarricemaizebajraragijowarricemaizebajraragijowarricemaizebajraragijowarricemaizebajraragijowarricemaizebajraragijowarricemaizebajraragijowarricemaizebajraragijowarricemaizebajraragijowarricemaizebajraragijowarricemaizebajraragijowarricemaizebajraragijowarricemaizebajraragijowarricemaizebajraragijowarricemaizebajraragijowarricemaizebajraragijowarricemaizebajraragijowarricemaizebajraragijowarricemaizebajraragijowarricemaizebajraragijowarricemaizebajraragijowarricemaizebajraragijowarricemaizebajraragijowarricemaizebajraragijowarricemaizebajraragijowarricemaizebajraragijowarricemaizebajraragijowarricemaizebajraragijowarricemaizebajraragijowarricemaizebajraragijowarricemaizebajraragijowarricemaizebajraragijowarricemaizebajraragijowarricemaizebajraragijowarricemaizebajraragijowarricemaizebajraragijowarricemaizebajraragijowarricemaizebajraragijowarricemaizebajraragijowarricemaizebajraragijowarricemaizebajraragijowarricemaizebajraragijowarricemaizebajraragijowarricemaizebajraragijowarricemaizebajraragijowarricemaizebajraragijowarricemaizebajraragijowarricemaizebajraragijowarricemaizebajraragijowarricemaizebajraragijowarricemaizebajraragijowarricemaizebajraragijowarricemaizebajraragijowarricemaizebajraragijowarricemaizebajraragijowarricemaizebajraragijowarricemaizebajraragijowarricemaizebajraragijowarricemaizebajraragijowarricemaizebajraragijowarricemaizebajraragijowarricemaizebajraragijowarricemaizebajraragijowarricemaizebajraragijowarricemaizebajraragijowarricemaizebajraragijowarricemaizebajraragijowarricemaizebajraragijowarricemaizebajraragijowarricemaizebajraragijowarricemaizebajraragijowarricemaizebajraragijowarricemaizebajraragijowarricemaizebajraragijowarricemaizebajraragijowarricemaizebajraragijowarricemaizebajraragijowarricemaizebajraragijowarricemaizebajraragijowarricemaizebajraragijowarricemaizebajraragijowarricemaizebajraragijowarricemaizebajraragijowarricemaizebajraragijowarricemaizebajraragijowarricemaizebajraragijowarricemaizebajraragijowarricemaizebajraragijowarricemaizebajraragijowarricemaizebajraragijowarricemaizebajraragijowarricemaizebajraragijowarricemaizebajraragijowarricemaizebajraragijowarricemaizebajraragijowarricemaizebajraragijowarricemaizebajraragijowarricemaizebajraragijowarricemaizebajraragijowarricemaizebajraragijowarricemaizebajraragijowarricemaizebajraragijowarricemaizebajraragijowarricemaizebajraragijowarricemaizebajraragijowarricemaizebajraragijowarricemaizebajraragijowarricemaizebajraragijowarricemaizebajraragijowarricemaizebajraragijowarricemaizebajraragijowarricemaizebajraragijowarricemaizebajraragijowarricemaizebajraragijowarricemaizebajraragijowarricemaizebajraragijowarricemaizebajraragijowarricemaizebajraragijowarricemaizebajraragijowarricemaizebajraragijowarricemaizebajraragijowarricemaizebajraragijowarricemaizebajraragijowarricemaizebajraragijowarricemaizebajraragijowarricemaizebajraragijowarricemaizebajraragijowarricemaizebajraragijowarricemaizebajraragijowarricemaizebajraragijowarricemaizebajraragijowarricemaizebajraragijowarricemaizebajraragijowarricemaizebajraragijowarricemaizebajraragijowarricemaizebajraragijowarricemaizebajraragijowarricemaizebajraragijowarricemaizebajraragijowarricemaizebajraragijowarricemaizebajraragijowarricemaizebajraragijowarricemaizebajraragijowarricemaizebajraragijowarricemaizebajraragijowarricemaizebajraragijowarricemaizebajraragijowarricemaizebajraragijowarricemaizebajraragijowarricemaizebajraragijowarricemaizebajraragijowarricemaizebajraragijowarricemaizebajraragijowarricemaizebajraragijowarricemaizebajraragijowarricemaizebajraragijowarricemaizebajraragijowarricemaizebajraragijowarricemaizebajraragijowarricemaizebajraragijowarricemaizebajraragijowarricemaizebajraragijowarricemaizebajraragijowarricemaizebajraragijowarricemaizebajraragijowarricemaizebajraragijowarricemaizebajraragijowarricemaizebajraragijowarricemaizebajraragijowarricemaizebajraragijowarricemaizebajraragijowarricemaizebajraragijowarricemaizebajraragijowarricemaizebajraragijowarricemaizebajraragijowarricemaizebajraragijowarricemaizebajraragijowarricemaizebajraragijowarricemaizebajraragijowarricemaizebajraragijowarricemaizebajraragijowarricemaizebajraragijowarricemaizebajraragijowarricemaizebajraragijowarricemaizebajraragijowarricemaizebajraragijowarricemaizebajraragijowarricemaizebajraragijowarricemaizebajraragijowarricemaizebajraragijowarricemaizebajraragijowarricemaizebajraragijowarricemaizebajraragijowarricemaizebajraragijowarricemaizebajraragijowarricemaizebajraragijowarricemaizebajraragijowarricemaizebajraragijowarricemaizebajraragijowarricemaizebajraragijowarricemaizebajraragijowarricemaizebajraragijowarricemaizebajraragijowarricemaizebajraragijowarricemaizebajraragijowarricemaizebajraragijowarricemaizebajraragijowarricemaizebajraragijowarricemaizebajraragijowarricemaizebajraragijowarricemaizebajraragijowarricemaizebajraragijowarricemaizebajraragijowarricemaizebajraragijowarricemaizebajraragijowarricemaizebajraragijowarricemaizebajraragijowarricemaizebajraragijowarricemaizebajraragijowarricemaizebajraragijowarricemaizebajraragijowarricemaizebajraragijowarricemaizebajraragijowarricemaizebajraragijowarricemaizebajraragijowarricemaizebajraragijowarricemaizebajraragijowarricemaizebajraragijowarricemaizebajraragijowarricemaizebajraragijowarricemaizebajraragijowarricemaizebajraragijowarricemaizebajraragijowarricemaizebajraragijowarricemaizebajraragijowarricemaizebajraragijowarricemaizebajraragijowarricemaizebajraragijowarricemaizebajraragijowarricemaizebajraragijowarricemaizebajraragijowarricemaizebajraragijowarricemaizebajraragijowarricemaizebajraragijowarricemaizebajraragijowarricemaizebajraragijowarricemaizebajraragijowarricemaizebajraragijowarricemaizebajraragijowarricemaizebajraragijowarricemaizebajraragijowarricemaizebajraragijowarricemaizebajraragijowarricemaizebajraragijowarricemaizebajraragijowarricemaizebajraragijowarricemaizebajraragijowarricemaizebajraragijowarricemaizebajraragijowarricemaizebajraragijowarricemaizebajraragijowarricemaizebajraragijowarricemaizebajraragijowarricemaizebajraragijowarricemaizebajraragijowarricemaizebajraragijowarricemaizebajraragijowarricemaizebajraragijowarricemaizebajraragijowarricemaizebajraragijowarricemaizebajraragijowarricemaizebajraragijowarricemaizebajraragijowarricemaizebajraragijowarricemaizebajraragijowarricemaizebajraragijowarricemaizebajraragijowarricemaizebajraragijowarricemaizebajraragijowarricemaizebajraragijowarricemaizebajraragijowarricemaizebajraragijowarricemaizebajraragijowarricemaizebajraragijowarricemaizebajraragijowarricemaizebajraragijowarricemaizebajraragijowarricemaizebajraragijowarricemaizebajraragijowarricemaizebajraragijowarricemaizebajraragijowarricemaizebajraragijowarricemaizebajraragijowarricemaizebajraragijowarricemaizebajraragijowarricemaizebajraragijowarricemaizebajraragijowarricemaizebajraragijowarricemaizebajraragijowarricemaizebajraragijowarricemaizebajraragijowarricemaizebajraragijowarricemaizebajraragijowarricemaizebajraragijowarricemaizebajraragijowarricemaizebajraragijowarricemaizebajraragijowarricemaizebajraragijowarricemaizebajraragijowarricemaizebajraragijowarricemaizebajraragijowarricemaizebajraragijowarricemaizebajraragijowarricemaizebajraragijowarricemaizebajraragijowarricemaizebajraragijowarricemaizebajraragijowarricemaizebajraragijowarricemaizebajraragijowarricemaizebajraragijowarricemaizebajraragijowarricemaizebajraragijowarricemaizebajraragijowarricemaizebajraragijowarricemaizebajraragijowarricemaizebajraragijowarricemaizebajraragijowarricemaizebajraragijowarricemaizebajraragijowarricemaizebajraragijowarricemaizebajraragijowarricemaizebajraragijowarricemaizebajraragijowarricemaizebajraragijowarricemaizebajraragijowarricemaizebajraragijowarricemaizebajraragijowarricemaizebajraragijowarricemaizebajraragijowarricemaizebajraragijowarricemaizebajraragijowarricemaizebajraragijowarricemaizebajraragijowarricemaizebajraragijowarricemaizebajraragijowarricemaizebajraragijowarricemaizebajraragijowarricemaizebajraragijowarricemaizebajraragijowarricemaizebajraragijowarricemaizebajraragijowarricemaizebajraragijowarricemaizebajraragijowarricemaizebajraragijowarricemaizebajraragijowarricemaizebajraragijowarricemaizebajraragijowarricemaizebajraragijowarricemaizebajraragijowarricemaizebajraragijowarricemaizebajraragijowarricemaizebajraragijowarricemaizebajraragijowarricemaizebajraragijowarricemaizebajraragijowarricemaizebajraragijowarricemaizebajraragijowarricemaizebajraragijowarricemaizebajraragijowarricemaizebajraragijowarricemaizebajraragijowarricemaizebajraragijowarricemaizebajraragijowarricemaizebajraragijowarricemaizebajraragijowarricemaizebajraragijowarricemaizebajraragijowarricemaizebajraragijowarricemaizebajraragijowarricemaizebajraragijowarricemaizebajraragijowarricemaizebajraragijowarricemaizebajraragijowarricemaizebajraragijowarricemaizebajraragijowarricemaizebajraragijowarricemaizebajraragijowarricemaizebajraragijowarricemaizebajraragijowarricemaizebajraragijowarricemaizebajraragijowarricemaizebajraragijowarricemaizebajraragijowarricemaizebajraragijowarricemaizebajraragijowarricemaizebajraragijowarricemaizebajraragijowarricemaizebajraragijowarricemaizebajraragijowarricemaizebajraragijowarricemaizebajraragijowarricemaizebajraragijowarricemaizebajraragijowarricemaizebajraragijowarricemaizebajraragijowarricemaizebajraragijowarricemaizebajraragijowarricemaizebajraragijowarricemaizebajraragijowarricemaizebajraragijowarricemaizebajraragijowarricemaizebajraragijowarricemaizebajraragijowarricemaizebajraragijowarricemaizebajraragijowarricemaizebajraragijowarricemaizebajraragijowarricemaizebajraragijowarricemaizebajraragijowarricemaizebajraragijowarricemaizebajraragijowarricemaizebajraragijowarricemaizebajraragijowarricemaizebajraragijowarricemaizebajraragijowarricemaizebajraragijowarricemaizebajraragijowarricemaizebajraragijowarricemaizebajraragijowarricemaizebajraragijowarricemaizebajraragijowarricemaizebajraragijowarricemaizebajraragijowarricemaizebajraragijowarricemaizebajraragijowarricemaizebajraragijowarricemaizebajraragijowarricemaizebajraragijowarricemaizebajraragijowarricemaizebajraragijowarricemaizebajraragijowarricemaizebajraragijowarricemaizebajraragijowarricemaizebajraragijowarricemaizebajraragijowarricemaizebajraragijowarricemaizebajraragijowarricemaizebajraragijowarricemaizebajraragijowarricemaizebajraragijowarricemaizebajraragijowarricemaizebajraragijowarricemaizebajraragijowarricemaizebajraragijowarricemaizebajraragijowarricemaizebajraragijowarricemaizebajraragijowarricemaizebajraragijowarricemaizebajraragijowarricemaizebajraragijowarricemaizebajraragijowarricemaizebajraragijowarricemaizebajraragijowarricemaizebajraragijowarricemaizebajraragijowarricemaizebajraragijowarricemaizebajraragijowarricemaizebajraragijowarricemaizebajraragijowarricemaizebajraragijowarricemaizebajraragijowarricemaizebajraragijowarricemaizebajraragijowarricemaizebajraragijowarricemaizebajraragijowarricemaizebajraragijowarricemaizebajraragijowarricemaizebajraragijowarricemaizebajraragijowarricemaizebajraragijowarricemaizebajraragijowarricemaizebajraragijowarricemaizebajraragijowarricemaizebajraragijowarricemaizebajraragijowarricemaizebajraragijowarricemaizebajraragijowarricemaizebajraragijowarricemaizebajraragijowarricemaizebajraragijowarricemaizebajraragijowarricemaizebajraragijowarricemaizebajraragijowarricemaizebajraragijowarricemaizebajraragijowarricemaizebajraragijowarricemaizebajraragijowarricemaizebajraragijowarricemaizebajraragijowarricemaizebajraragijowarricemaizebajraragijowarricemaizebajraragijowarricemaizebajraragijowarricemaizebajraragijowarricemaizebajraragijowarricemaizebajraragijowarricemaizebajraragijowarricemaizebajraragijowarricemaizebajraragijowarricemaizebajraragijowarricemaizebajraragijowarricemaizebajraragijowarricemaizebajraragijowarricemaizebajraragijowarricemaizebajraragijowarricemaizebajraragijowarricemaizebajraragijowarricemaizebajraragijowarricemaizebajraragijowarricemaizebajraragijowarricemaizebajraragijowarricemaizebajraragijowarricemaizebajraragijowarricemaizebajraragijowarricemaizebajraragijowarricemaizebajraragijowarricemaizebajraragijowarricemaizebajraragijowarricemaizebajraragijowarricemaizebajraragijowarricemaizebajraragijowarricemaizebajraragijowarricemaizebajraragijowarricemaizebajraragijowarricemaizebajraragijowarricemaizebajraragijowarricemaizebajraragijowarricemaizebajraragijowarricemaizebajraragijowarricemaizebajraragijowarricemaizebajraragijowarricemaizebajraragijowarricemaizebajraragijowarricemaizebajraragijowarricemaizebajraragijowarricemaizebajraragijowarricemaizebajraragijowarricemaizebajraragijowarricemaizebajraragijowarricemaizebajraragijowarricemaizebajraragijowarricemaizebajraragijowarricemaizebajraragijowarricemaizebajraragijowarricemaizebajraragijowarricemaizebajraragijowarricemaizebajraragijowarricemaizebajraragijowarricemaizebajraragijowarricemaizebajraragijowarricemaizebajraragijowarricemaizebajraragijowarricemaizebajraragijowarricemaizebajraragijowarricemaizebajraragijowarricemaizebajraragijowarricemaizebajraragijowarricemaizebajraragijowarricemaizebajraragijowarricemaizebajraragijowarricemaizebajraragijowarricemaizebajraragijowarricemaizebajraragijowarricemaizebajraragijowarricemaizebajraragijowarricemaizebajraragijowarricemaizebajraragijowarricemaizebajraragijowarricemaizebajraragijowarricemaizebajraragijowarricemaizebajraragijowarricemaizebajraragijowarricemaizebajraragijowarricemaizebajraragijowarricemaizebajraragijowarricemaizebajraragijowarricemaizebajraragijowarricemaizebajraragijowarricemaizebajraragijowarricemaizebajraragijowarricemaizebajraragijowarricemaizebajraragijowarricemaizebajraragijowarricemaizebajraragijowarricemaizebajraragijowarricemaizebajraragijowarricemaizebajraragijowarricemaizebajraragijowarricemaizebajraragijowarricemaizebajraragijowarricemaizebajraragijowarricemaizebajraragijowarricemaizebajraragijowarricemaizebajraragijowarricemaizebajraragijowarricemaizebajraragijowarricemaizebajraragijowarricemaizebajraragijowarricemaizebajraragijowarricemaizebajraragijowarricemaizebajraragijowarricemaizebajraragijowarricemaizebajraragijowarricemaizebajraragijowar,216296.99945,216297.0,40867.017898,596846492.0464233,596815999.98191,27945059.555631302,27956584.82380446,10407751.668702874,10412414.587110445,20255096.037998732,20266033.524038028,8723621.413153918,8728654.187160566,2121831336585.6797,2121831339935.489,1657090.1093678398,1670160.415113606,12023425.008156046,12029917.499868972,678545.7172729576,678912.1230552739,1451281089.6440737,1457183278.0448048,-107305492.51754169,-107305492.3962718,216297.0,0.40504090938035103,0.05396954478695882,0.057658075331371926,0.041225594062349984,0.04478229683000531,1.5787349649919492e-07,-1.1301369009018764e-07,0.7825778666223034,0.05396954478694949,0.053969544786958604
29,uttar pradesh,ariyalurariyalurariyalurariyalurariyalurcoimbatorecoimbatorecoimbatorecoimbatorecoimbatorecuddalorecuddalorecuddalorecuddalorecuddaloredharmapuridharmapuridharmapuridharmapuridharmapuridindiguldindiguldindiguldindiguldindigulerodeerodeerodeerodeerodekancheepuramkancheepuramkancheepuramkancheepuramkancheepuramkanniyakumarikanniyakumarikanniyakumarikanniyakumarikanniyakumarikarurkarurkarurkarurkarurkrishnagirikrishnagirikrishnagirikrishnagirikrishnagirimaduraimaduraimaduraimaduraimadurainagappattinamnagappattinamnagappattinamnagappattinamnagappattinamnamakkalnamakkalnamakkalnamakkalnamakkalperambalurperambalurperambalurperambalurperambalurpudukkottaipudukkottaipudukkottaipudukkottaipudukkottairamanathapuramramanathapuramramanathapuramramanathapuramramanathapuramsalemsalemsalemsalemsalemsivagangasivagangasivagangasivagangasivagangathanjavurthanjavurthanjavurthanjavurthanjavurthe nilgiristhe nilgiristhe nilgiristhe nilgiristhe nilgiristhenithenithenithenithenithiruvallurthiruvallurthiruvallurthiruvallurthiruvallurthiruvarurthiruvarurthiruvarurthiruvarurthiruvarurtiruchirappallitiruchirappallitiruchirappallitiruchirappallitiruchirappallitirunelvelitirunelvelitirunelvelitirunelvelitirunelvelitiruppurtiruppurtiruppurtiruppurtiruppurtiruvannamalaitiruvannamalaitiruvannamalaitiruvannamalaitiruvannamalaituticorintuticorintuticorintuticorintuticorinvellorevellorevellorevellorevelloreviluppuramviluppuramviluppuramviluppuramviluppuramvirudhunagarvirudhunagarvirudhunagarvirudhunagarvirudhunagaramritsaramritsaramritsaramritsaramritsarbarnalabarnalabarnalabarnalabarnalabathindabathindabathindabathindabathindafaridkotfaridkotfaridkotfaridkotfaridkotfatehgarh sahibfatehgarh sahibfatehgarh sahibfatehgarh sahibfatehgarh sahibfazilkafazilkafazilkafazilkafazilkafirozpurfirozpurfirozpurfirozpurfirozpurgurdaspurgurdaspurgurdaspurgurdaspurgurdaspurhoshiarpurhoshiarpurhoshiarpurhoshiarpurhoshiarpurjalandharjalandharjalandharjalandharjalandharkapurthalakapurthalakapurthalakapurthalakapurthalaludhianaludhianaludhianaludhianaludhianamansamansamansamansamansamogamogamogamogamogamuktsarmuktsarmuktsarmuktsarmuktsarpathankotpathankotpathankotpathankotpathankotpatialapatialapatialapatialapatialarupnagarrupnagarrupnagarrupnagarrupnagarsangrursangrursangrursangrursangrurshahid bhagat singh nagarshahid bhagat singh nagarshahid bhagat singh nagarshahid bhagat singh nagarshahid bhagat singh nagartarn tarantarn tarantarn tarantarn tarantarn taranambalaambalaambalaambalaambalabhiwanibhiwanibhiwanibhiwanibhiwanicharki dadricharki dadricharki dadricharki dadricharki dadrifaridabadfaridabadfaridabadfaridabadfaridabadfatehabadfatehabadfatehabadfatehabadfatehabadgurgaongurgaongurgaongurgaongurgaonhisarhisarhisarhisarhisarjhajjarjhajjarjhajjarjhajjarjhajjarjindjindjindjindjindkaithalkaithalkaithalkaithalkaithalkarnalkarnalkarnalkarnalkarnalkurukshetrakurukshetrakurukshetrakurukshetrakurukshetramewatmewatmewatmewatmewatpalwalpalwalpalwalpalwalpalwalpanchkulapanchkulapanchkulapanchkulapanchkulapanipatpanipatpanipatpanipatpanipatrewarirewarirewarirewarirewarirohtakrohtakrohtakrohtakrohtaksirsasirsasirsasirsasirsasonipatsonipatsonipatsonipatsonipatyamunanagaryamunanagaryamunanagaryamunanagaryamunanagaranantapuranantapuranantapuranantapuranantapurchittoorchittoorchittoorchittoorchittooreast godavarieast godavarieast godavarieast godavarieast godavarigunturgunturgunturgunturgunturkadapakadapakadapakadapakadapakrishnakrishnakrishnakrishnakrishnakurnoolkurnoolkurnoolkurnoolkurnoolprakasamprakasamprakasamprakasamprakasamnellorenellorenellorenellorenelloresrikakulamsrikakulamsrikakulamsrikakulamsrikakulamvisakhapatnamvisakhapatnamvisakhapatnamvisakhapatnamvisakhapatnamvizianagaramvizianagaramvizianagaramvizianagaramvizianagaramwest godavariwest godavariwest godavariwest godavariwest godavariballariballariballariballariballaribangalore ruralbangalore ruralbangalore ruralbangalore ruralbangalore ruralbelagavibelagavibelagavibelagavibelagavibengaluru urbanbengaluru urbanbengaluru urbanbengaluru urbanbengaluru urbanbidarbidarbidarbidarbidarchamarajanagarachamarajanagarachamarajanagarachamarajanagarachamarajanagarachikkaballapurachikkaballapurachikkaballapurachikkaballapurachikkaballapurachikmagalurchikmagalurchikmagalurchikmagalurchikmagalurchitradurgachitradurgachitradurgachitradurgachitradurgadakshina kannadadakshina kannadadakshina kannadadakshina kannadadakshina kannadadavangeredavangeredavangeredavangeredavangeredharwaddharwaddharwaddharwaddharwadgadaggadaggadaggadaggadaghassanhassanhassanhassanhassanhaverihaverihaverihaverihaverikalaburagikalaburagikalaburagikalaburagikalaburagikodagukodagukodagukodagukodagukolarkolarkolarkolarkolarkoppalkoppalkoppalkoppalkoppalmandyamandyamandyamandyamandyamysurumysurumysurumysurumysururaichurraichurraichurraichurraichurramanagararamanagararamanagararamanagararamanagarashivamoggashivamoggashivamoggashivamoggashivamoggatumakurutumakurutumakurutumakurutumakuruudupiudupiudupiudupiudupiuttara kannadauttara kannadauttara kannadauttara kannadauttara kannadavijayapuravijayapuravijayapuravijayapuravijayapurayadgiryadgiryadgiryadgiryadgiralmoraalmoraalmoraalmoraalmorabageshwarbageshwarbageshwarbageshwarbageshwarchamolichamolichamolichamolichamolichampawatchampawatchampawatchampawatchampawatdehradundehradundehradundehradundehradunhardwarhardwarhardwarhardwarhardwarnainitalnainitalnainitalnainitalnainitalpauri garhwalpauri garhwalpauri garhwalpauri garhwalpauri garhwalpithoragarhpithoragarhpithoragarhpithoragarhpithoragarhrudra prayagrudra prayagrudra prayagrudra prayagrudra prayagtehri garhwaltehri garhwaltehri garhwaltehri garhwaltehri garhwaludham singh nagarudham singh nagarudham singh nagarudham singh nagarudham singh nagaruttar kashiuttar kashiuttar kashiuttar kashiuttar kashispsr nellorespsr nellorespsr nellorespsr nellorespsr nellorevisakhapatanamvisakhapatanamvisakhapatanamvisakhapatanamvisakhapatanamparaganas northparaganas northparaganas northparaganas northparaganas northparaganas southparaganas southparaganas southparaganas southparaganas southalipurduaralipurduaralipurduaralipurduaralipurduarbankurabankurabankurabankurabankurabirbhumbirbhumbirbhumbirbhumbirbhumcoochbeharcoochbeharcoochbeharcoochbeharcoochbehardarjeelingdarjeelingdarjeelingdarjeelingdarjeelingdakshin dinajpurdakshin dinajpurdakshin dinajpurdakshin dinajpurdakshin dinajpuruttar dinajpuruttar dinajpuruttar dinajpuruttar dinajpuruttar dinajpurhooghlyhooghlyhooghlyhooghlyhooghlyhowrahhowrahhowrahhowrahhowrahjalpaigurijalpaigurijalpaigurijalpaigurijalpaigurijhargramjhargramjhargramjhargramjhargramkalimpongkalimpongkalimpongkalimpongkalimpongmaldahmaldahmaldahmaldahmaldahmedinipur eastmedinipur eastmedinipur eastmedinipur eastmedinipur eastmedinipur westmedinipur westmedinipur westmedinipur westmedinipur westmurshidabadmurshidabadmurshidabadmurshidabadmurshidabadnadianadianadianadianadiabarddhamanbarddhamanbarddhamanbarddhamanbarddhamanpuruliyapuruliyapuruliyapuruliyapuruliyaalappuzhaalappuzhaalappuzhaalappuzhaalappuzhaernakulamernakulamernakulamernakulamernakulamidukkiidukkiidukkiidukkiidukkikannurkannurkannurkannurkannurkasaragodkasaragodkasaragodkasaragodkasaragodkollamkollamkollamkollamkollamkottayamkottayamkottayamkottayamkottayamkozhikodekozhikodekozhikodekozhikodekozhikodemalappurammalappurammalappurammalappurammalappurampalakkadpalakkadpalakkadpalakkadpalakkadpathanamthittapathanamthittapathanamthittapathanamthittapathanamthittathiruvananthapuramthiruvananthapuramthiruvananthapuramthiruvananthapuramthiruvananthapuramthrissurthrissurthrissurthrissurthrissurwayanadwayanadwayanadwayanadwayanadbagalkotbagalkotbagalkotbagalkotbagalkotchikballapurachikballapurachikballapurachikballapurachikballapurachikkamagaluruchikkamagaluruchikkamagaluruchikkamagaluruchikkamagalurudavanageredavanageredavanageredavanageredavanagereyadagiriyadagiriyadagiriyadagiriyadagiriagraagraagraagraagraaligarhaligarhaligarhaligarhaligarhallahabadallahabadallahabadallahabadallahabadambedkar nagarambedkar nagarambedkar nagarambedkar nagarambedkar nagaramethiamethiamethiamethiamethiamrohaamrohaamrohaamrohaamrohaauraiyaauraiyaauraiyaauraiyaauraiyaazamgarhazamgarhazamgarhazamgarhazamgarhbaghpatbaghpatbaghpatbaghpatbaghpatbahraichbahraichbahraichbahraichbahraichballiaballiaballiaballiaballiabalrampurbalrampurbalrampurbalrampurbalrampurbandabandabandabandabandabarabankibarabankibarabankibarabankibarabankibareillybareillybareillybareillybareillybastibastibastibastibastibijnorbijnorbijnorbijnorbijnorbudaunbudaunbudaunbudaunbudaunbulandshahrbulandshahrbulandshahrbulandshahrbulandshahrchandaulichandaulichandaulichandaulichandaulichitrakootchitrakootchitrakootchitrakootchitrakootdeoriadeoriadeoriadeoriadeoriaetahetahetahetahetahetawahetawahetawahetawahetawahfaizabadfaizabadfaizabadfaizabadfaizabadfarrukhabadfarrukhabadfarrukhabadfarrukhabadfarrukhabadfatehpurfatehpurfatehpurfatehpurfatehpurfirozabadfirozabadfirozabadfirozabadfirozabadkanpur nagarkanpur nagarkanpur nagarkanpur nagarkanpur nagarkanpur nagarghaziabadghaziabadghaziabadghaziabadghaziabadghazipurghazipurghazipurghazipurghazipurgondagondagondagondagondagorakhpurgorakhpurgorakhpurgorakhpurgorakhpurhamirpurhamirpurhamirpurhamirpurhamirpurhapurhapurhapurhapurhapurhardoihardoihardoihardoihardoihathrashathrashathrashathrashathrasjalaunjalaunjalaunjalaunjalaunjaunpurjaunpurjaunpurjaunpurjaunpurjhansijhansijhansijhansijhansikannaujkannaujkannaujkannaujkannaujkanpur dehatkanpur dehatkanpur dehatkanpur dehatkanpur dehatkasganjkasganjkasganjkasganjkasganjkaushambikaushambikaushambikaushambikaushambilakhimpur kherilakhimpur kherilakhimpur kherilakhimpur kherilakhimpur kherikushinagarkushinagarkushinagarkushinagarkushinagarlalitpurlalitpurlalitpurlalitpurlalitpurlucknowlucknowlucknowlucknowlucknowmaharajganjmaharajganjmaharajganjmaharajganjmaharajganjmahobamahobamahobamahobamahobamainpurimainpurimainpurimainpurimainpurimathuramathuramathuramathuramathuramaumaumaumaumaumeerutmeerutmeerutmeerutmeerutmirzapurmirzapurmirzapurmirzapurmirzapurmoradabadmoradabadmoradabadmoradabadmoradabadmuzaffarnagarmuzaffarnagarmuzaffarnagarmuzaffarnagarmuzaffarnagarpilibhitpilibhitpilibhitpilibhitpilibhitpratapgarhpratapgarhpratapgarhpratapgarhpratapgarhrae barelirae barelirae barelirae barelirae barelirampurrampurrampurrampurrampursaharanpursaharanpursaharanpursaharanpursaharanpursambhalsambhalsambhalsambhalsambhalsant kabeer nagarsant kabeer nagarsant kabeer nagarsant kabeer nagarsant kabeer nagarsant ravi das nagarsant ravi das nagarsant ravi das nagarsant ravi das nagarsant ravi das nagarshahajahanpurshahajahanpurshahajahanpurshahajahanpurshahajahanpurshamlishamlishamlishamlishamlishravastishravastishravastishravastishravastisiddharth nagarsiddharth nagarsiddharth nagarsiddharth nagarsiddharth nagarsitapursitapursitapursitapursitapursonbhadrasonbhadrasonbhadrasonbhadrasonbhadrasultanpursultanpursultanpursultanpursultanpurunnaounnaounnaounnaounnaovaranasivaranasivaranasivaranasivaranasiahmednagarahmednagarahmednagarahmednagarahmednagaramravatiamravatiamravatiamravatiamravatibeedbeedbeedbeedbeedbhandarabhandarabhandarabhandarabhandarachandrapurchandrapurchandrapurchandrapurchandrapurdhuledhuledhuledhuledhulegadchiroligadchiroligadchiroligadchiroligadchiroligondiagondiagondiagondiagondiakolhapurkolhapurkolhapurkolhapurkolhapurlaturlaturlaturlaturlaturnagpurnagpurnagpurnagpurnagpurnandednandednandednandednandednandurbarnandurbarnandurbarnandurbarnandurbarnashiknashiknashiknashiknashikosmanabadosmanabadosmanabadosmanabadosmanabadpalgharpalgharpalgharpalgharpalgharpunepunepunepunepuneraigadraigadraigadraigadraigadratnagiriratnagiriratnagiriratnagiriratnagirisanglisanglisanglisanglisanglisatarasatarasatarasatarasatarasindhudurgsindhudurgsindhudurgsindhudurgsindhudurgsolapursolapursolapursolapursolapurthanethanethanethanethaneanantnaganantnaganantnaganantnaganantnagbadgambadgambadgambadgambadgambandiporabandiporabandiporabandiporabandiporabaramullabaramullabaramullabaramullabaramulladodadodadodadodadodaganderbalganderbalganderbalganderbalganderbaljammujammujammujammujammukathuakathuakathuakathuakathuakishtwarkishtwarkishtwarkishtwarkishtwarkulgamkulgamkulgamkulgamkulgamkupwarakupwarakupwarakupwarakupwarapoonchpoonchpoonchpoonchpoonchpulwamapulwamapulwamapulwamapulwamarajaurirajaurirajaurirajaurirajaurirambanrambanrambanrambanrambanreasireasireasireasireasisambasambasambasambasambashopianshopianshopianshopianshopiansrinagarsrinagarsrinagarsrinagarsrinagarudhampurudhampurudhampurudhampurudhampurahmadabadahmadabadahmadabadahmadabadahmadabadanandanandanandanandanandaravalliaravalliaravalliaravalliaravallibharuchbharuchbharuchbharuchbharuchchhotaudepurchhotaudepurchhotaudepurchhotaudepurchhotaudepurdangdangdangdangdangdohaddohaddohaddohaddohadgandhinagargandhinagargandhinagargandhinagargandhinagarkhedakhedakhedakhedakhedamahesanamahesanamahesanamahesanamahesanamahisagarmahisagarmahisagarmahisagarmahisagarnarmadanarmadanarmadanarmadanarmadanavsarinavsarinavsarinavsarinavsaripanch mahalspanch mahalspanch mahalspanch mahalspanch mahalssabar kanthasabar kanthasabar kanthasabar kanthasabar kanthasuratsuratsuratsuratsuratsurendranagarsurendranagarsurendranagarsurendranagarsurendranagartapitapitapitapitapivadodaravadodaravadodaravadodaravadodaravalsadvalsadvalsadvalsadvalsadajmerajmerajmerajmerajmeralwaralwaralwaralwaralwarbanswarabanswarabanswarabanswarabanswarabaranbaranbaranbaranbaranbharatpurbharatpurbharatpurbharatpurbharatpurbhilwarabhilwarabhilwarabhilwarabhilwarabundibundibundibundibundichittorgarhchittorgarhchittorgarhchittorgarhchittorgarhdholpurdholpurdholpurdholpurdholpurdungarpurdungarpurdungarpurdungarpurdungarpurganganagarganganagarganganagarganganagarganganagarhanumangarhhanumangarhhanumangarhhanumangarhhanumangarhjhalawarjhalawarjhalawarjhalawarjhalawarkaraulikaraulikaraulikaraulikaraulikotakotakotakotakotarajsamandrajsamandrajsamandrajsamandrajsamandsawai madhopursawai madhopursawai madhopursawai madhopursawai madhopurtonktonktonktonktonkudaipurudaipurudaipurudaipurudaipurarariaarariaarariaarariaarariaarwalarwalarwalarwalarwalaurangabadaurangabadaurangabadaurangabadaurangabadbankabankabankabankabankabegusaraibegusaraibegusaraibegusaraibegusaraibhagalpurbhagalpurbhagalpurbhagalpurbhagalpurbhojpurbhojpurbhojpurbhojpurbhojpurbuxarbuxarbuxarbuxarbuxardarbhangadarbhangadarbhangadarbhangadarbhangagayagayagayagayagayagopalganjgopalganjgopalganjgopalganjgopalganjjamuijamuijamuijamuijamuijehanabadjehanabadjehanabadjehanabadjehanabadkaimurkaimurkaimurkaimurkaimurkatiharkatiharkatiharkatiharkatiharkhagariakhagariakhagariakhagariakhagariakishanganjkishanganjkishanganjkishanganjkishanganjlakhisarailakhisarailakhisarailakhisarailakhisaraimadhepuramadhepuramadhepuramadhepuramadhepuramadhubanimadhubanimadhubanimadhubanimadhubanimungermungermungermungermungermuzaffarpurmuzaffarpurmuzaffarpurmuzaffarpurmuzaffarpurnalandanalandanalandanalandanalandanawadanawadanawadanawadanawadapashchim champaranpashchim champaranpashchim champaranpashchim champaranpashchim champaranpatnapatnapatnapatnapatnapurbi champaranpurbi champaranpurbi champaranpurbi champaranpurbi champaranpurniapurniapurniapurniapurniarohtasrohtasrohtasrohtasrohtassaharsasaharsasaharsasaharsasaharsasamastipursamastipursamastipursamastipursamastipursaransaransaransaransaransheikhpurasheikhpurasheikhpurasheikhpurasheikhpurasheoharsheoharsheoharsheoharsheoharsitamarhisitamarhisitamarhisitamarhisitamarhisiwansiwansiwansiwansiwansupaulsupaulsupaulsupaulsupaulvaishalivaishalivaishalivaishalivaishalidinajpur dakshindinajpur dakshindinajpur dakshindinajpur dakshindinajpur dakshindinajpur uttardinajpur uttardinajpur uttardinajpur uttardinajpur uttarpaschim bardhamanpaschim bardhamanpaschim bardhamanpaschim bardhamanpaschim bardhamanpurba bardhamanpurba bardhamanpurba bardhamanpurba bardhamanpurba bardhamanpuruliapuruliapuruliapuruliapurulianagapattinamnagapattinamnagapattinamnagapattinamnagapattinamvirudunagarvirudunagarvirudunagarvirudunagarvirudunagaranugulanugulanugulanugulanugulbalangirbalangirbalangirbalangirbalangirbaleshwarbaleshwarbaleshwarbaleshwarbaleshwarbargarhbargarhbargarhbargarhbargarhbhadrakbhadrakbhadrakbhadrakbhadrakboudhboudhboudhboudhboudhcuttackcuttackcuttackcuttackcuttackdeogarhdeogarhdeogarhdeogarhdeogarhdhenkanaldhenkanaldhenkanaldhenkanaldhenkanalgajapatigajapatigajapatigajapatigajapatiganjamganjamganjamganjamganjamjagatsinghapurjagatsinghapurjagatsinghapurjagatsinghapurjagatsinghapurjajapurjajapurjajapurjajapurjajapurjharsugudajharsugudajharsugudajharsugudajharsugudakalahandikalahandikalahandikalahandikalahandikandhamalkandhamalkandhamalkandhamalkandhamalkendraparakendraparakendraparakendraparakendraparakendujharkendujharkendujharkendujharkendujharkhordhakhordhakhordhakhordhakhordhakoraputkoraputkoraputkoraputkoraputmalkangirimalkangirimalkangirimalkangirimalkangirimayurbhanjmayurbhanjmayurbhanjmayurbhanjmayurbhanjnabarangpurnabarangpurnabarangpurnabarangpurnabarangpurnayagarhnayagarhnayagarhnayagarhnayagarhnuapadanuapadanuapadanuapadanuapadapuripuripuripuripurirayagadarayagadarayagadarayagadarayagadasambalpursambalpursambalpursambalpursambalpursonepursonepursonepursonepursonepursundargarhsundargarhsundargarhsundargarhsundargarhbaksabaksabaksabaksabaksabarpetabarpetabarpetabarpetabarpetabongaigaonbongaigaonbongaigaonbongaigaonbongaigaoncacharcacharcacharcacharcacharchirangchirangchirangchirangchirangdarrangdarrangdarrangdarrangdarrangdhemajidhemajidhemajidhemajidhemajidhubridhubridhubridhubridhubridibrugarhdibrugarhdibrugarhdibrugarhdibrugarhdima hasaodima hasaodima hasaodima hasaodima hasaogoalparagoalparagoalparagoalparagoalparagolaghatgolaghatgolaghatgolaghatgolaghathailakandihailakandihailakandihailakandihailakandijorhatjorhatjorhatjorhatjorhatkamrupkamrupkamrupkamrupkamrupkarbi anglongkarbi anglongkarbi anglongkarbi anglongkarbi anglongkarimganjkarimganjkarimganjkarimganjkarimganjkokrajharkokrajharkokrajharkokrajharkokrajharlakhimpurlakhimpurlakhimpurlakhimpurlakhimpurmorigaonmorigaonmorigaonmorigaonmorigaonnagaonnagaonnagaonnagaonnagaonnalbarinalbarinalbarinalbarinalbarisivasagarsivasagarsivasagarsivasagarsivasagarsonitpursonitpursonitpursonitpursonitpurtinsukiatinsukiatinsukiatinsukiatinsukiaudalguriudalguriudalguriudalguriudalguribokarobokarobokarobokarobokarochatrachatrachatrachatrachatradeoghardeoghardeoghardeoghardeoghardhanbaddhanbaddhanbaddhanbaddhanbaddumkadumkadumkadumkadumkaeast singhbumeast singhbumeast singhbumeast singhbumeast singhbumgarhwagarhwagarhwagarhwagarhwagiridihgiridihgiridihgiridihgiridihgoddagoddagoddagoddagoddagumlagumlagumlagumlagumlahazaribaghhazaribaghhazaribaghhazaribaghhazaribaghjamtarajamtarajamtarajamtarajamtarakhuntikhuntikhuntikhuntikhuntikodermakodermakodermakodermakodermalateharlateharlateharlateharlateharlohardagalohardagalohardagalohardagalohardagapakurpakurpakurpakurpakurpalamupalamupalamupalamupalamuramgarhramgarhramgarhramgarhramgarhranchiranchiranchiranchiranchisahibganjsahibganjsahibganjsahibganjsahibganjsaraikelakharsawansaraikelakharsawansaraikelakharsawansaraikelakharsawansaraikelakharsawansimdegasimdegasimdegasimdegasimdegawest singhbhumwest singhbhumwest singhbhumwest singhbhumwest singhbhumbilaspurbilaspurbilaspurbilaspurbilaspurchambachambachambachambachambakangrakangrakangrakangrakangrakinnaurkinnaurkinnaurkinnaurkinnaurkullukullukullukullukullumandimandimandimandimandishimlashimlashimlashimlashimlasirmaursirmaursirmaursirmaursirmaursolansolansolansolansolanunaunaunaunaunakaimur (bhabua)kaimur (bhabua)kaimur (bhabua)kaimur (bhabua)kaimur (bhabua)baloda bazarbaloda bazarbaloda bazarbaloda bazarbaloda bazaruttar bastar kankeruttar bastar kankeruttar bastar kankeruttar bastar kankeruttar bastar kankerbemetarabemetarabemetarabemetarabemetarabijapurbijapurbijapurbijapurbijapurdantewadadantewadadantewadadantewadadantewadadhamtaridhamtaridhamtaridhamtaridhamtaridurgdurgdurgdurgdurggariabandgariabandgariabandgariabandgariabandjanjgirchampajanjgirchampajanjgirchampajanjgirchampajanjgirchampajashpurjashpurjashpurjashpurjashpurkabirdhamkabirdhamkabirdhamkabirdhamkabirdhamkondagaonkondagaonkondagaonkondagaonkondagaonkorbakorbakorbakorbakorbakoreakoreakoreakoreakoreamahasamundmahasamundmahasamundmahasamundmahasamundmungelimungelimungelimungelimungelinarayanpurnarayanpurnarayanpurnarayanpurnarayanpurraigarhraigarhraigarhraigarhraigarhraipurraipurraipurraipurraipurrajnandgaonrajnandgaonrajnandgaonrajnandgaonrajnandgaonsukmasukmasukmasukmasukmasurajpursurajpursurajpursurajpursurajpursurgujasurgujasurgujasurgujasurgujalahul and spitilahul and spitilahul and spitilahul and spitilahul and spitiarvalliarvalliarvalliarvalliarvallibanas kanthabanas kanthabanas kanthabanas kanthabanas kanthadevbhumi dwarkadevbhumi dwarkadevbhumi dwarkadevbhumi dwarkadevbhumi dwarkakachchhkachchhkachchhkachchhkachchhpatanpatanpatanpatanpatanrajkotrajkotrajkotrajkotrajkotahmadnagarahmadnagarahmadnagarahmadnagarahmadnagarakolaakolaakolaakolaakolabuldhanabuldhanabuldhanabuldhanabuldhanahingolihingolihingolihingolihingolijalgaonjalgaonjalgaonjalgaonjalgaonjalnajalnajalnajalnajalnaparbhaniparbhaniparbhaniparbhaniparbhaniwashimwashimwashimwashimwashimyavatmalyavatmalyavatmalyavatmalyavatmalagar malwaagar malwaagar malwaagar malwaagar malwaalirajpuralirajpuralirajpuralirajpuralirajpuranuppuranuppuranuppuranuppuranuppurashoknagarashoknagarashoknagarashoknagarashoknagarbalaghatbalaghatbalaghatbalaghatbalaghatbarwanibarwanibarwanibarwanibarwanibetulbetulbetulbetulbetulbhopalbhopalbhopalbhopalbhopalburhanpurburhanpurburhanpurburhanpurburhanpurchhatarpurchhatarpurchhatarpurchhatarpurchhatarpurchhindwarachhindwarachhindwarachhindwarachhindwaradamohdamohdamohdamohdamohdatiadatiadatiadatiadatiadewasdewasdewasdewasdewasdhardhardhardhardhardindoridindoridindoridindoridindorigunagunagunagunagunagwaliorgwaliorgwaliorgwaliorgwaliorhardahardahardahardahardahoshangabadhoshangabadhoshangabadhoshangabadhoshangabadindoreindoreindoreindoreindorejabalpurjabalpurjabalpurjabalpurjabalpurjhabuajhabuajhabuajhabuajhabuakatnikatnikatnikatnikatnikhandwakhandwakhandwakhandwakhandwakhargonekhargonekhargonekhargonekhargonemandlamandlamandlamandlamandlamandsaurmandsaurmandsaurmandsaurmandsaurmorenamorenamorenamorenamorenanarsinghpurnarsinghpurnarsinghpurnarsinghpurnarsinghpurneemuchneemuchneemuchneemuchneemuchpannapannapannapannapannaraisenraisenraisenraisenraisenrajgarhrajgarhrajgarhrajgarhrajgarhratlamratlamratlamratlamratlamrewarewarewarewarewasagarsagarsagarsagarsagarsatnasatnasatnasatnasatnasehoresehoresehoresehoresehoreseoniseoniseoniseoniseonishahdolshahdolshahdolshahdolshahdolshajapurshajapurshajapurshajapurshajapursheopursheopursheopursheopursheopurshivpurishivpurishivpurishivpurishivpurisidhisidhisidhisidhisidhisingraulisingraulisingraulisingraulisingraulitikamgarhtikamgarhtikamgarhtikamgarhtikamgarhujjainujjainujjainujjainujjainumariaumariaumariaumariaumariavidishavidishavidishavidishavidishabarmerbarmerbarmerbarmerbarmerchittaurgarhchittaurgarhchittaurgarhchittaurgarhchittaurgarhchuruchuruchuruchuruchurudausadausadausadausadausajaipurjaipurjaipurjaipurjaipurjalorejalorejalorejalorejalorejodhpurjodhpurjodhpurjodhpurjodhpurnagaurnagaurnagaurnagaurnagaurpalipalipalipalipalisikarsikarsikarsikarsikarsirohisirohisirohisirohisirohiharidwarharidwarharidwarharidwarharidwarudam singh nagarudam singh nagarudam singh nagarudam singh nagarudam singh nagarkanchipuramkanchipuramkanchipuramkanchipuramkanchipuramvillupuramvillupuramvillupuramvillupuramvillupurambhindbhindbhindbhindbhindbagalkotebagalkotebagalkotebagalkotebagalkotebuldanabuldanabuldanabuldanabuldanawardhawardhawardhawardhawardhasahebganjsahebganjsahebganjsahebganjsahebganjsaraikela kharsawansaraikela kharsawansaraikela kharsawansaraikela kharsawansaraikela kharsawangautam buddha nagargautam buddha nagargautam buddha nagargautam buddha nagargautam buddha nagarkherikherikherikherikherikushi nagarkushi nagarkushi nagarkushi nagarkushi nagarsant ravidas nagarsant ravidas nagarsant ravidas nagarsant ravidas nagarsant ravidas nagarmahendragarhmahendragarhmahendragarhmahendragarhmahendragarhjamnagarjamnagarjamnagarjamnagarjamnagarchamrajnagarchamrajnagarchamrajnagarchamrajnagarchamrajnagartumkurtumkurtumkurtumkurtumkurbalodbalodbalodbalodbalodbastarbastarbastarbastarbastargariyabandgariyabandgariyabandgariyabandgariyabandjanjgir-champajanjgir-champajanjgir-champajanjgir-champajanjgir-champakankerkankerkankerkankerkankeramreliamreliamreliamreliamrelibhavnagarbhavnagarbhavnagarbhavnagarbhavnagarbotadbotadbotadbotadbotadgir somnathgir somnathgir somnathgir somnathgir somnathjunagadhjunagadhjunagadhjunagadhjunagadhmorbimorbimorbimorbimorbikamrup metrokamrup metrokamrup metrokamrup metrokamrup metromarigaonmarigaonmarigaonmarigaonmarigaonbikanerbikanerbikanerbikanerbikanerjaisalmerjaisalmerjaisalmerjaisalmerjaisalmerjhunjhununjhunjhununjhunjhununjhunjhununjhunjhununshahjahanpurshahjahanpurshahjahanpurshahjahanpurshahjahanpurnicobarsnicobarsnicobarsnicobarsnicobarsnorth and middle andamannorth and middle andamannorth and middle andamannorth and middle andamannorth and middle andamansouth andamanssouth andamanssouth andamanssouth andamanssouth andamansanjawanjawanjawanjawanjawchanglangchanglangchanglangchanglangchanglangdibang valleydibang valleydibang valleydibang valleydibang valleyeast kamengeast kamengeast kamengeast kamengeast kamengeast siangeast siangeast siangeast siangeast siangkra daadikra daadikra daadikra daadikra daadikurung kumeykurung kumeykurung kumeykurung kumeykurung kumeylohitlohitlohitlohitlohitlongdinglongdinglongdinglongdinglongdinglower dibang valleylower dibang valleylower dibang valleylower dibang valleylower dibang valleylower subansirilower subansirilower subansirilower subansirilower subansirinamsainamsainamsainamsainamsaipapum parepapum parepapum parepapum parepapum paresiangsiangsiangsiangsiangtawangtawangtawangtawangtawangtiraptiraptiraptiraptirapupper siangupper siangupper siangupper siangupper siangupper subansiriupper subansiriupper subansiriupper subansiriupper subansiriwest kamengwest kamengwest kamengwest kamengwest kamengwest siangwest siangwest siangwest siangwest siangchandigarhchandigarhchandigarhchandigarhchandigarhdadra and nagar havelidadra and nagar havelidadra and nagar havelidadra and nagar havelidadra and nagar havelibishnupurbishnupurbishnupurbishnupurbishnupurchandelchandelchandelchandelchandelchurachandpurchurachandpurchurachandpurchurachandpurchurachandpurimphal eastimphal eastimphal eastimphal eastimphal eastimphal westimphal westimphal westimphal westimphal westsenapatisenapatisenapatisenapatisenapatitamenglongtamenglongtamenglongtamenglongtamenglongthoubalthoubalthoubalthoubalthoubalukhrulukhrulukhrulukhrulukhruleast garo hillseast garo hillseast garo hillseast garo hillseast garo hillseast jaintia hillseast jaintia hillseast jaintia hillseast jaintia hillseast jaintia hillseast khasi hillseast khasi hillseast khasi hillseast khasi hillseast khasi hillsnorth garo hillsnorth garo hillsnorth garo hillsnorth garo hillsnorth garo hillsri bhoiri bhoiri bhoiri bhoiri bhoisouth garo hillssouth garo hillssouth garo hillssouth garo hillssouth garo hillssouth west garo hillssouth west garo hillssouth west garo hillssouth west garo hillssouth west garo hillssouth west khasi hillssouth west khasi hillssouth west khasi hillssouth west khasi hillssouth west khasi hillswest garo hillswest garo hillswest garo hillswest garo hillswest garo hillswest jaintia hillswest jaintia hillswest jaintia hillswest jaintia hillswest jaintia hillswest khasi hillswest khasi hillswest khasi hillswest khasi hillswest khasi hillsaizawlaizawlaizawlaizawlaizawlchamphaichamphaichamphaichamphaichamphaikolasibkolasibkolasibkolasibkolasiblawngtlailawngtlailawngtlailawngtlailawngtlailungleilungleilungleilungleilungleimamitmamitmamitmamitmamitsaihasaihasaihasaihasaihaserchhipserchhipserchhipserchhipserchhipdimapurdimapurdimapurdimapurdimapurkiphirekiphirekiphirekiphirekiphirekohimakohimakohimakohimakohimalonglenglonglenglonglenglonglenglonglengmokokchungmokokchungmokokchungmokokchungmokokchungmonmonmonmonmonperenperenperenperenperenphekphekphekphekphektuensangtuensangtuensangtuensangtuensangwokhawokhawokhawokhawokhazunhebotozunhebotozunhebotozunhebotozunhebotokaraikalkaraikalkaraikalkaraikalkaraikalpondicherrypondicherrypondicherrypondicherrypondicherryyanamyanamyanamyanamyanameast districteast districteast districteast districteast districtnorth districtnorth districtnorth districtnorth districtnorth districtsouth districtsouth districtsouth districtsouth districtsouth districtwest districtwest districtwest districtwest districtwest districtadilabadadilabadadilabadadilabadadilabadbhadradribhadradribhadradribhadradribhadradrihanumakondahanumakondahanumakondahanumakondahanumakondajagitialjagitialjagitialjagitialjagitialjangoanjangoanjangoanjangoanjangoanjayashankarjayashankarjayashankarjayashankarjayashankarjogulambajogulambajogulambajogulambajogulambakamareddykamareddykamareddykamareddykamareddykarimnagarkarimnagarkarimnagarkarimnagarkarimnagarkhammamkhammamkhammamkhammamkhammamkomaram bheem asifabadkomaram bheem asifabadkomaram bheem asifabadkomaram bheem asifabadkomaram bheem asifabadmahabubabadmahabubabadmahabubabadmahabubabadmahabubabadmahbubnagarmahbubnagarmahbubnagarmahbubnagarmahbubnagarmancherialmancherialmancherialmancherialmancherialmedakmedakmedakmedakmedakmedchal malkajgirimedchal malkajgirimedchal malkajgirimedchal malkajgirimedchal malkajgirinagarkurnoolnagarkurnoolnagarkurnoolnagarkurnoolnagarkurnoolnalgondanalgondanalgondanalgondanalgondanirmalnirmalnirmalnirmalnirmalnizamabadnizamabadnizamabadnizamabadnizamabadpeddapallipeddapallipeddapallipeddapallipeddapallirajannarajannarajannarajannarajannarangareddirangareddirangareddirangareddirangareddisangareddysangareddysangareddysangareddysangareddysiddipetsiddipetsiddipetsiddipetsiddipetsuryapetsuryapetsuryapetsuryapetsuryapetvikarabadvikarabadvikarabadvikarabadvikarabadwanaparthywanaparthywanaparthywanaparthywanaparthywarangalwarangalwarangalwarangalwarangalyadadriyadadriyadadriyadadriyadadridhalaidhalaidhalaidhalaidhalaigomatigomatigomatigomatigomatikhowaikhowaikhowaikhowaikhowainorth tripuranorth tripuranorth tripuranorth tripuranorth tripurasepahijalasepahijalasepahijalasepahijalasepahijalasouth tripurasouth tripurasouth tripurasouth tripurasouth tripuraunakotiunakotiunakotiunakotiunakotiwest tripurawest tripurawest tripurawest tripurawest tripura,ricemaizebajraragijowarricemaizebajraragijowarricemaizebajraragijowarricemaizebajraragijowarricemaizebajraragijowarricemaizebajraragijowarricemaizebajraragijowarricemaizebajraragijowarricemaizebajraragijowarricemaizebajraragijowarricemaizebajraragijowarricemaizebajraragijowarricemaizebajraragijowarricemaizebajraragijowarricemaizebajraragijowarricemaizebajraragijowarricemaizebajraragijowarricemaizebajraragijowarricemaizebajraragijowarricemaizebajraragijowarricemaizebajraragijowarricemaizebajraragijowarricemaizebajraragijowarricemaizebajraragijowarricemaizebajraragijowarricemaizebajraragijowarricemaizebajraragijowarricemaizebajraragijowarricemaizebajraragijowarricemaizebajraragijowarricemaizebajraragijowarricemaizebajraragijowarricemaizebajraragijowarricemaizebajraragijowarricemaizebajraragijowarricemaizebajraragijowarricemaizebajraragijowarricemaizebajraragijowarricemaizebajraragijowarricemaizebajraragijowarricemaizebajraragijowarricemaizebajraragijowarricemaizebajraragijowarricemaizebajraragijowarricemaizebajraragijowarricemaizebajraragijowarricemaizebajraragijowarricemaizebajraragijowarricemaizebajraragijowarricemaizebajraragijowarricemaizebajraragijowarricemaizebajraragijowarricemaizebajraragijowarricemaizebajraragijowarricemaizebajraragijowarricemaizebajraragijowarricemaizebajraragijowarricemaizebajraragijowarricemaizebajraragijowarricemaizebajraragijowarricemaizebajraragijowarricemaizebajraragijowarricemaizebajraragijowarricemaizebajraragijowarricemaizebajraragijowarricemaizebajraragijowarricemaizebajraragijowarricemaizebajraragijowarricemaizebajraragijowarricemaizebajraragijowarricemaizebajraragijowarricemaizebajraragijowarricemaizebajraragijowarricemaizebajraragijowarricemaizebajraragijowarricemaizebajraragijowarricemaizebajraragijowarricemaizebajraragijowarricemaizebajraragijowarricemaizebajraragijowarricemaizebajraragijowarricemaizebajraragijowarricemaizebajraragijowarricemaizebajraragijowarricemaizebajraragijowarricemaizebajraragijowarricemaizebajraragijowarricemaizebajraragijowarricemaizebajraragijowarricemaizebajraragijowarricemaizebajraragijowarricemaizebajraragijowarricemaizebajraragijowarricemaizebajraragijowarricemaizebajraragijowarricemaizebajraragijowarricemaizebajraragijowarricemaizebajraragijowarricemaizebajraragijowarricemaizebajraragijowarricemaizebajraragijowarricemaizebajraragijowarricemaizebajraragijowarricemaizebajraragijowarricemaizebajraragijowarricemaizebajraragijowarricemaizebajraragijowarricemaizebajraragijowarricemaizebajraragijowarricemaizebajraragijowarricemaizebajraragijowarricemaizebajraragijowarricemaizebajraragijowarricemaizebajraragijowarricemaizebajraragijowarricemaizebajraragijowarricemaizebajraragijowarricemaizebajraragijowarricemaizebajraragijowarricemaizebajraragijowarricemaizebajraragijowarricemaizebajraragijowarricemaizebajraragijowarricemaizebajraragijowarricemaizebajraragijowarricemaizebajraragijowarricemaizebajraragijowarricemaizebajraragijowarricemaizebajraragijowarricemaizebajraragijowarricemaizebajraragijowarricemaizebajraragijowarricemaizebajraragijowarricemaizebajraragijowarricemaizebajraragijowarricemaizebajraragijowarricemaizebajraragijowarricemaizebajraragijowarricemaizebajraragijowarricemaizebajraragijowarricemaizebajraragijowarricemaizebajraragijowarricemaizebajraragijowarricemaizebajraragijowarricemaizebajraragijowarricemaizebajraragijowarricemaizebajraragijowarricemaizebajraragijowarricemaizebajraragijowarricemaizebajraragijowarricemaizebajraragijowarricemaizebajraragijowarricemaizebajraragijowarricemaizebajraragijowarricemaizebajraragijowarricemaizebajraragijowarricemaizebajraragijowarricemaizebajraragijowarricemaizebajraragijowarricemaizebajraragijowarricemaizebajraragijowarricemaizebajraragijowarricemaizebajraragijowarricemaizebajraragijowarricemaizebajraragijowarricemaizebajraragijowarricemaizebajraragijowarricemaizebajraragijowarricemaizebajraragijowarricemaizebajraragijowarricemaizebajraragijowarricemaizebajraragijowarricemaizebajraragijowarricemaizebajraragijowarricemaizebajraragijowarricemaizebajraragijowarricemaizebajraragijowarricemaizebajraragijowarricemaizebajraragijowarricemaizebajraragijowarricemaizebajraragijowarricemaizebajraragijowarricemaizebajraragijowarricemaizebajraragijowarricemaizebajraragijowarricemaizebajraragijowarricemaizebajraragijowarricemaizebajraragijowarricemaizebajraragijowarricemaizebajraragijowarricemaizebajraragijowarricemaizebajraragijowarricemaizebajraragijowarricemaizebajraragijowarricemaizebajraragijowarricemaizebajraragijowarricemaizebajraragijowarricemaizebajraragijowarricericemaizebajraragijowarricemaizebajraragijowarricemaizebajraragijowarricemaizebajraragijowarricemaizebajraragijowarricemaizebajraragijowarricemaizebajraragijowarricemaizebajraragijowarricemaizebajraragijowarricemaizebajraragijowarricemaizebajraragijowarricemaizebajraragijowarricemaizebajraragijowarricemaizebajraragijowarricemaizebajraragijowarricemaizebajraragijowarricemaizebajraragijowarricemaizebajraragijowarricemaizebajraragijowarricemaizebajraragijowarricemaizebajraragijowarricemaizebajraragijowarricemaizebajraragijowarricemaizebajraragijowarricemaizebajraragijowarricemaizebajraragijowarricemaizebajraragijowarricemaizebajraragijowarricemaizebajraragijowarricemaizebajraragijowarricemaizebajraragijowarricemaizebajraragijowarricemaizebajraragijowarricemaizebajraragijowarricemaizebajraragijowarricemaizebajraragijowarricemaizebajraragijowarricemaizebajraragijowarricemaizebajraragijowarricemaizebajraragijowarricemaizebajraragijowarricemaizebajraragijowarricemaizebajraragijowarricemaizebajraragijowarricemaizebajraragijowarricemaizebajraragijowarricemaizebajraragijowarricemaizebajraragijowarricemaizebajraragijowarricemaizebajraragijowarricemaizebajraragijowarricemaizebajraragijowarricemaizebajraragijowarricemaizebajraragijowarricemaizebajraragijowarricemaizebajraragijowarricemaizebajraragijowarricemaizebajraragijowarricemaizebajraragijowarricemaizebajraragijowarricemaizebajraragijowarricemaizebajraragijowarricemaizebajraragijowarricemaizebajraragijowarricemaizebajraragijowarricemaizebajraragijowarricemaizebajraragijowarricemaizebajraragijowarricemaizebajraragijowarricemaizebajraragijowarricemaizebajraragijowarricemaizebajraragijowarricemaizebajraragijowarricemaizebajraragijowarricemaizebajraragijowarricemaizebajraragijowarricemaizebajraragijowarricemaizebajraragijowarricemaizebajraragijowarricemaizebajraragijowarricemaizebajraragijowarricemaizebajraragijowarricemaizebajraragijowarricemaizebajraragijowarricemaizebajraragijowarricemaizebajraragijowarricemaizebajraragijowarricemaizebajraragijowarricemaizebajraragijowarricemaizebajraragijowarricemaizebajraragijowarricemaizebajraragijowarricemaizebajraragijowarricemaizebajraragijowarricemaizebajraragijowarricemaizebajraragijowarricemaizebajraragijowarricemaizebajraragijowarricemaizebajraragijowarricemaizebajraragijowarricemaizebajraragijowarricemaizebajraragijowarricemaizebajraragijowarricemaizebajraragijowarricemaizebajraragijowarricemaizebajraragijowarricemaizebajraragijowarricemaizebajraragijowarricemaizebajraragijowarricemaizebajraragijowarricemaizebajraragijowarricemaizebajraragijowarricemaizebajraragijowarricemaizebajraragijowarricemaizebajraragijowarricemaizebajraragijowarricemaizebajraragijowarricemaizebajraragijowarricemaizebajraragijowarricemaizebajraragijowarricemaizebajraragijowarricemaizebajraragijowarricemaizebajraragijowarricemaizebajraragijowarricemaizebajraragijowarricemaizebajraragijowarricemaizebajraragijowarricemaizebajraragijowarricemaizebajraragijowarricemaizebajraragijowarricemaizebajraragijowarricemaizebajraragijowarricemaizebajraragijowarricemaizebajraragijowarricemaizebajraragijowarricemaizebajraragijowarricemaizebajraragijowarricemaizebajraragijowarricemaizebajraragijowarricemaizebajraragijowarricemaizebajraragijowarricemaizebajraragijowarricemaizebajraragijowarricemaizebajraragijowarricemaizebajraragijowarricemaizebajraragijowarricemaizebajraragijowarricemaizebajraragijowarricemaizebajraragijowarricemaizebajraragijowarricemaizebajraragijowarricemaizebajraragijowarricemaizebajraragijowarricemaizebajraragijowarricemaizebajraragijowarricemaizebajraragijowarricemaizebajraragijowarricemaizebajraragijowarricemaizebajraragijowarricemaizebajraragijowarricemaizebajraragijowarricemaizebajraragijowarricemaizebajraragijowarricemaizebajraragijowarricemaizebajraragijowarricemaizebajraragijowarricemaizebajraragijowarricemaizebajraragijowarricemaizebajraragijowarricemaizebajraragijowarricemaizebajraragijowarricemaizebajraragijowarricemaizebajraragijowarricemaizebajraragijowarricemaizebajraragijowarricemaizebajraragijowarricemaizebajraragijowarricemaizebajraragijowarricemaizebajraragijowarricemaizebajraragijowarricemaizebajraragijowarricemaizebajraragijowarricemaizebajraragijowarricemaizebajraragijowarricemaizebajraragijowarricemaizebajraragijowarricemaizebajraragijowarricemaizebajraragijowarricemaizebajraragijowarricemaizebajraragijowarricemaizebajraragijowarricemaizebajraragijowarricemaizebajraragijowarricemaizebajraragijowarricemaizebajraragijowarricemaizebajraragijowarricemaizebajraragijowarricemaizebajraragijowarricemaizebajraragijowarricemaizebajraragijowarricemaizebajraragijowarricemaizebajraragijowarricemaizebajraragijowarricemaizebajraragijowarricemaizebajraragijowarricemaizebajraragijowarricemaizebajraragijowarricemaizebajraragijowarricemaizebajraragijowarricemaizebajraragijowarricemaizebajraragijowarricemaizebajraragijowarricemaizebajraragijowarricemaizebajraragijowarricemaizebajraragijowarricemaizebajraragijowarricemaizebajraragijowarricemaizebajraragijowarricemaizebajraragijowarricemaizebajraragijowarricemaizebajraragijowarricemaizebajraragijowarricemaizebajraragijowarricemaizebajraragijowarricemaizebajraragijowarricemaizebajraragijowarricemaizebajraragijowarricemaizebajraragijowarricemaizebajraragijowarricemaizebajraragijowarricemaizebajraragijowarricemaizebajraragijowarricemaizebajraragijowarricemaizebajraragijowarricemaizebajraragijowarricemaizebajraragijowarricemaizebajraragijowarricemaizebajraragijowarricemaizebajraragijowarricemaizebajraragijowarricemaizebajraragijowarricemaizebajraragijowarricemaizebajraragijowarricemaizebajraragijowarricemaizebajraragijowarricemaizebajraragijowarricemaizebajraragijowarricemaizebajraragijowarricemaizebajraragijowarricemaizebajraragijowarricemaizebajraragijowarricemaizebajraragijowarricemaizebajraragijowarricemaizebajraragijowarricemaizebajraragijowarricemaizebajraragijowarricemaizebajraragijowarricemaizebajraragijowarricemaizebajraragijowarricemaizebajraragijowarricemaizebajraragijowarricemaizebajraragijowarricemaizebajraragijowarricemaizebajraragijowarricemaizebajraragijowarricemaizebajraragijowarricemaizebajraragijowarricemaizebajraragijowarricemaizebajraragijowarricemaizebajraragijowarricemaizebajraragijowarricemaizebajraragijowarricemaizebajraragijowarricemaizebajraragijowarricemaizebajraragijowarricemaizebajraragijowarricemaizebajraragijowarricemaizebajraragijowarricemaizebajraragijowarricemaizebajraragijowarricemaizebajraragijowarricemaizebajraragijowarricemaizebajraragijowarricemaizebajraragijowarricemaizebajraragijowarricemaizebajraragijowarricemaizebajraragijowarricemaizebajraragijowarricemaizebajraragijowarricemaizebajraragijowarricemaizebajraragijowarricemaizebajraragijowarricemaizebajraragijowarricemaizebajraragijowarricemaizebajraragijowarricemaizebajraragijowarricemaizebajraragijowarricemaizebajraragijowarricemaizebajraragijowarricemaizebajraragijowarricemaizebajraragijowarricemaizebajraragijowarricemaizebajraragijowarricemaizebajraragijowarricemaizebajraragijowarricemaizebajraragijowarricemaizebajraragijowarricemaizebajraragijowarricemaizebajraragijowarricemaizebajraragijowarricemaizebajraragijowarricemaizebajraragijowarricemaizebajraragijowarricemaizebajraragijowarricemaizebajraragijowarricemaizebajraragijowarricemaizebajraragijowarricemaizebajraragijowarricemaizebajraragijowarricemaizebajraragijowarricemaizebajraragijowarricemaizebajraragijowarricemaizebajraragijowarricemaizebajraragijowarricemaizebajraragijowarricemaizebajraragijowarricemaizebajraragijowarricemaizebajraragijowarricemaizebajraragijowarricemaizebajraragijowarricemaizebajraragijowarricemaizebajraragijowarricemaizebajraragijowarricemaizebajraragijowarricemaizebajraragijowarricemaizebajraragijowarricemaizebajraragijowarricemaizebajraragijowarricemaizebajraragijowarricemaizebajraragijowarricemaizebajraragijowarricemaizebajraragijowarricemaizebajraragijowarricemaizebajraragijowarricemaizebajraragijowarricemaizebajraragijowarricemaizebajraragijowarricemaizebajraragijowarricemaizebajraragijowarricemaizebajraragijowarricemaizebajraragijowarricemaizebajraragijowarricemaizebajraragijowarricemaizebajraragijowarricemaizebajraragijowarricemaizebajraragijowarricemaizebajraragijowarricemaizebajraragijowarricemaizebajraragijowarricemaizebajraragijowarricemaizebajraragijowarricemaizebajraragijowarricemaizebajraragijowarricemaizebajraragijowarricemaizebajraragijowarricemaizebajraragijowarricemaizebajraragijowarricemaizebajraragijowarricemaizebajraragijowarricemaizebajraragijowarricemaizebajraragijowarricemaizebajraragijowarricemaizebajraragijowarricemaizebajraragijowarricemaizebajraragijowarricemaizebajraragijowarricemaizebajraragijowarricemaizebajraragijowarricemaizebajraragijowarricemaizebajraragijowarricemaizebajraragijowarricemaizebajraragijowarricemaizebajraragijowarricemaizebajraragijowarricemaizebajraragijowarricemaizebajraragijowarricemaizebajraragijowarricemaizebajraragijowarricemaizebajraragijowarricemaizebajraragijowarricemaizebajraragijowarricemaizebajraragijowarricemaizebajraragijowarricemaizebajraragijowarricemaizebajraragijowarricemaizebajraragijowarricemaizebajraragijowarricemaizebajraragijowarricemaizebajraragijowarricemaizebajraragijowarricemaizebajraragijowarricemaizebajraragijowarricemaizebajraragijowarricemaizebajraragijowarricemaizebajraragijowarricemaizebajraragijowarricemaizebajraragijowarricemaizebajraragijowarricemaizebajraragijowarricemaizebajraragijowarricemaizebajraragijowarricemaizebajraragijowarricemaizebajraragijowarricemaizebajraragijowarricemaizebajraragijowarricemaizebajraragijowarricemaizebajraragijowarricemaizebajraragijowarricemaizebajraragijowarricemaizebajraragijowarricemaizebajraragijowarricemaizebajraragijowarricemaizebajraragijowarricemaizebajraragijowarricemaizebajraragijowarricemaizebajraragijowarricemaizebajraragijowarricemaizebajraragijowarricemaizebajraragijowarricemaizebajraragijowarricemaizebajraragijowarricemaizebajraragijowarricemaizebajraragijowarricemaizebajraragijowarricemaizebajraragijowarricemaizebajraragijowarricemaizebajraragijowarricemaizebajraragijowarricemaizebajraragijowarricemaizebajraragijowarricemaizebajraragijowarricemaizebajraragijowarricemaizebajraragijowarricemaizebajraragijowarricemaizebajraragijowarricemaizebajraragijowarricemaizebajraragijowarricemaizebajraragijowarricemaizebajraragijowarricemaizebajraragijowarricemaizebajraragijowarricemaizebajraragijowarricemaizebajraragijowarricemaizebajraragijowarricemaizebajraragijowarricemaizebajraragijowarricemaizebajraragijowarricemaizebajraragijowarricemaizebajraragijowarricemaizebajraragijowarricemaizebajraragijowarricemaizebajraragijowarricemaizebajraragijowarricemaizebajraragijowarricemaizebajraragijowarricemaizebajraragijowarricemaizebajraragijowarricemaizebajraragijowarricemaizebajraragijowarricemaizebajraragijowarricemaizebajraragijowarricemaizebajraragijowarricemaizebajraragijowarricemaizebajraragijowarricemaizebajraragijowarricemaizebajraragijowarricemaizebajraragijowarricemaizebajraragijowarricemaizebajraragijowarricemaizebajraragijowarricemaizebajraragijowarricemaizebajraragijowarricemaizebajraragijowarricemaizebajraragijowarricemaizebajraragijowarricemaizebajraragijowarricemaizebajraragijowarricemaizebajraragijowarricemaizebajraragijowarricemaizebajraragijowarricemaizebajraragijowarricemaizebajraragijowarricemaizebajraragijowarricemaizebajraragijowarricemaizebajraragijowarricemaizebajraragijowarricemaizebajraragijowarricemaizebajraragijowarricemaizebajraragijowarricemaizebajraragijowarricemaizebajraragijowarricemaizebajraragijowarricemaizebajraragijowarricemaizebajraragijowarricemaizebajraragijowarricemaizebajraragijowarricemaizebajraragijowarricemaizebajraragijowarricemaizebajraragijowar,7656870.0002,7676128.0,499230.124388,19106658074.01414,18972394000.51559,952703571.9037559,1056375945.0978602,244788840.09516424,352785380.8774712,674956972.7420405,798531496.990509,181782014.43031,295910408.9759103,66919060821129.02,67146947101831.67,29849463.700085737,49311516.548074454,101648520.0949513,120258843.44677068,24703425.20235868,29226252.789852634,24484463919.566418,34752250709.69094,3220671370.252381,3225280306.3664136,7656870.0,29.54567425257803,15.475222294198028,38.56856368810309,9.813965726425202,30.61253289852624,0.33938442556002973,0.1429003272966731,39.467560947988495,15.475222294198044,15.475222294198046
30,uttarakhand,ariyalurariyalurariyalurariyalurariyalurcoimbatorecoimbatorecoimbatorecoimbatorecoimbatorecuddalorecuddalorecuddalorecuddalorecuddaloredharmapuridharmapuridharmapuridharmapuridharmapuridindiguldindiguldindiguldindiguldindigulerodeerodeerodeerodeerodekancheepuramkancheepuramkancheepuramkancheepuramkancheepuramkanniyakumarikanniyakumarikanniyakumarikanniyakumarikanniyakumarikarurkarurkarurkarurkarurkrishnagirikrishnagirikrishnagirikrishnagirikrishnagirimaduraimaduraimaduraimaduraimadurainagappattinamnagappattinamnagappattinamnagappattinamnagappattinamnamakkalnamakkalnamakkalnamakkalnamakkalperambalurperambalurperambalurperambalurperambalurpudukkottaipudukkottaipudukkottaipudukkottaipudukkottairamanathapuramramanathapuramramanathapuramramanathapuramramanathapuramsalemsalemsalemsalemsalemsivagangasivagangasivagangasivagangasivagangathanjavurthanjavurthanjavurthanjavurthanjavurthe nilgiristhe nilgiristhe nilgiristhe nilgiristhe nilgiristhenithenithenithenithenithiruvallurthiruvallurthiruvallurthiruvallurthiruvallurthiruvarurthiruvarurthiruvarurthiruvarurthiruvarurtiruchirappallitiruchirappallitiruchirappallitiruchirappallitiruchirappallitirunelvelitirunelvelitirunelvelitirunelvelitirunelvelitiruppurtiruppurtiruppurtiruppurtiruppurtiruvannamalaitiruvannamalaitiruvannamalaitiruvannamalaitiruvannamalaituticorintuticorintuticorintuticorintuticorinvellorevellorevellorevellorevelloreviluppuramviluppuramviluppuramviluppuramviluppuramvirudhunagarvirudhunagarvirudhunagarvirudhunagarvirudhunagaramritsaramritsaramritsaramritsaramritsarbarnalabarnalabarnalabarnalabarnalabathindabathindabathindabathindabathindafaridkotfaridkotfaridkotfaridkotfaridkotfatehgarh sahibfatehgarh sahibfatehgarh sahibfatehgarh sahibfatehgarh sahibfazilkafazilkafazilkafazilkafazilkafirozpurfirozpurfirozpurfirozpurfirozpurgurdaspurgurdaspurgurdaspurgurdaspurgurdaspurhoshiarpurhoshiarpurhoshiarpurhoshiarpurhoshiarpurjalandharjalandharjalandharjalandharjalandharkapurthalakapurthalakapurthalakapurthalakapurthalaludhianaludhianaludhianaludhianaludhianamansamansamansamansamansamogamogamogamogamogamuktsarmuktsarmuktsarmuktsarmuktsarpathankotpathankotpathankotpathankotpathankotpatialapatialapatialapatialapatialarupnagarrupnagarrupnagarrupnagarrupnagarsangrursangrursangrursangrursangrurshahid bhagat singh nagarshahid bhagat singh nagarshahid bhagat singh nagarshahid bhagat singh nagarshahid bhagat singh nagartarn tarantarn tarantarn tarantarn tarantarn taranambalaambalaambalaambalaambalabhiwanibhiwanibhiwanibhiwanibhiwanicharki dadricharki dadricharki dadricharki dadricharki dadrifaridabadfaridabadfaridabadfaridabadfaridabadfatehabadfatehabadfatehabadfatehabadfatehabadgurgaongurgaongurgaongurgaongurgaonhisarhisarhisarhisarhisarjhajjarjhajjarjhajjarjhajjarjhajjarjindjindjindjindjindkaithalkaithalkaithalkaithalkaithalkarnalkarnalkarnalkarnalkarnalkurukshetrakurukshetrakurukshetrakurukshetrakurukshetramewatmewatmewatmewatmewatpalwalpalwalpalwalpalwalpalwalpanchkulapanchkulapanchkulapanchkulapanchkulapanipatpanipatpanipatpanipatpanipatrewarirewarirewarirewarirewarirohtakrohtakrohtakrohtakrohtaksirsasirsasirsasirsasirsasonipatsonipatsonipatsonipatsonipatyamunanagaryamunanagaryamunanagaryamunanagaryamunanagaranantapuranantapuranantapuranantapuranantapurchittoorchittoorchittoorchittoorchittooreast godavarieast godavarieast godavarieast godavarieast godavarigunturgunturgunturgunturgunturkadapakadapakadapakadapakadapakrishnakrishnakrishnakrishnakrishnakurnoolkurnoolkurnoolkurnoolkurnoolprakasamprakasamprakasamprakasamprakasamnellorenellorenellorenellorenelloresrikakulamsrikakulamsrikakulamsrikakulamsrikakulamvisakhapatnamvisakhapatnamvisakhapatnamvisakhapatnamvisakhapatnamvizianagaramvizianagaramvizianagaramvizianagaramvizianagaramwest godavariwest godavariwest godavariwest godavariwest godavariballariballariballariballariballaribangalore ruralbangalore ruralbangalore ruralbangalore ruralbangalore ruralbelagavibelagavibelagavibelagavibelagavibengaluru urbanbengaluru urbanbengaluru urbanbengaluru urbanbengaluru urbanbidarbidarbidarbidarbidarchamarajanagarachamarajanagarachamarajanagarachamarajanagarachamarajanagarachikkaballapurachikkaballapurachikkaballapurachikkaballapurachikkaballapurachikmagalurchikmagalurchikmagalurchikmagalurchikmagalurchitradurgachitradurgachitradurgachitradurgachitradurgadakshina kannadadakshina kannadadakshina kannadadakshina kannadadakshina kannadadavangeredavangeredavangeredavangeredavangeredharwaddharwaddharwaddharwaddharwadgadaggadaggadaggadaggadaghassanhassanhassanhassanhassanhaverihaverihaverihaverihaverikalaburagikalaburagikalaburagikalaburagikalaburagikodagukodagukodagukodagukodagukolarkolarkolarkolarkolarkoppalkoppalkoppalkoppalkoppalmandyamandyamandyamandyamandyamysurumysurumysurumysurumysururaichurraichurraichurraichurraichurramanagararamanagararamanagararamanagararamanagarashivamoggashivamoggashivamoggashivamoggashivamoggatumakurutumakurutumakurutumakurutumakuruudupiudupiudupiudupiudupiuttara kannadauttara kannadauttara kannadauttara kannadauttara kannadavijayapuravijayapuravijayapuravijayapuravijayapurayadgiryadgiryadgiryadgiryadgiralmoraalmoraalmoraalmoraalmorabageshwarbageshwarbageshwarbageshwarbageshwarchamolichamolichamolichamolichamolichampawatchampawatchampawatchampawatchampawatdehradundehradundehradundehradundehradunhardwarhardwarhardwarhardwarhardwarnainitalnainitalnainitalnainitalnainitalpauri garhwalpauri garhwalpauri garhwalpauri garhwalpauri garhwalpithoragarhpithoragarhpithoragarhpithoragarhpithoragarhrudra prayagrudra prayagrudra prayagrudra prayagrudra prayagtehri garhwaltehri garhwaltehri garhwaltehri garhwaltehri garhwaludham singh nagarudham singh nagarudham singh nagarudham singh nagarudham singh nagaruttar kashiuttar kashiuttar kashiuttar kashiuttar kashispsr nellorespsr nellorespsr nellorespsr nellorespsr nellorevisakhapatanamvisakhapatanamvisakhapatanamvisakhapatanamvisakhapatanamparaganas northparaganas northparaganas northparaganas northparaganas northparaganas southparaganas southparaganas southparaganas southparaganas southalipurduaralipurduaralipurduaralipurduaralipurduarbankurabankurabankurabankurabankurabirbhumbirbhumbirbhumbirbhumbirbhumcoochbeharcoochbeharcoochbeharcoochbeharcoochbehardarjeelingdarjeelingdarjeelingdarjeelingdarjeelingdakshin dinajpurdakshin dinajpurdakshin dinajpurdakshin dinajpurdakshin dinajpuruttar dinajpuruttar dinajpuruttar dinajpuruttar dinajpuruttar dinajpurhooghlyhooghlyhooghlyhooghlyhooghlyhowrahhowrahhowrahhowrahhowrahjalpaigurijalpaigurijalpaigurijalpaigurijalpaigurijhargramjhargramjhargramjhargramjhargramkalimpongkalimpongkalimpongkalimpongkalimpongmaldahmaldahmaldahmaldahmaldahmedinipur eastmedinipur eastmedinipur eastmedinipur eastmedinipur eastmedinipur westmedinipur westmedinipur westmedinipur westmedinipur westmurshidabadmurshidabadmurshidabadmurshidabadmurshidabadnadianadianadianadianadiabarddhamanbarddhamanbarddhamanbarddhamanbarddhamanpuruliyapuruliyapuruliyapuruliyapuruliyaalappuzhaalappuzhaalappuzhaalappuzhaalappuzhaernakulamernakulamernakulamernakulamernakulamidukkiidukkiidukkiidukkiidukkikannurkannurkannurkannurkannurkasaragodkasaragodkasaragodkasaragodkasaragodkollamkollamkollamkollamkollamkottayamkottayamkottayamkottayamkottayamkozhikodekozhikodekozhikodekozhikodekozhikodemalappurammalappurammalappurammalappurammalappurampalakkadpalakkadpalakkadpalakkadpalakkadpathanamthittapathanamthittapathanamthittapathanamthittapathanamthittathiruvananthapuramthiruvananthapuramthiruvananthapuramthiruvananthapuramthiruvananthapuramthrissurthrissurthrissurthrissurthrissurwayanadwayanadwayanadwayanadwayanadbagalkotbagalkotbagalkotbagalkotbagalkotchikballapurachikballapurachikballapurachikballapurachikballapurachikkamagaluruchikkamagaluruchikkamagaluruchikkamagaluruchikkamagalurudavanageredavanageredavanageredavanageredavanagereyadagiriyadagiriyadagiriyadagiriyadagiriagraagraagraagraagraaligarhaligarhaligarhaligarhaligarhallahabadallahabadallahabadallahabadallahabadambedkar nagarambedkar nagarambedkar nagarambedkar nagarambedkar nagaramethiamethiamethiamethiamethiamrohaamrohaamrohaamrohaamrohaauraiyaauraiyaauraiyaauraiyaauraiyaazamgarhazamgarhazamgarhazamgarhazamgarhbaghpatbaghpatbaghpatbaghpatbaghpatbahraichbahraichbahraichbahraichbahraichballiaballiaballiaballiaballiabalrampurbalrampurbalrampurbalrampurbalrampurbandabandabandabandabandabarabankibarabankibarabankibarabankibarabankibareillybareillybareillybareillybareillybastibastibastibastibastibijnorbijnorbijnorbijnorbijnorbudaunbudaunbudaunbudaunbudaunbulandshahrbulandshahrbulandshahrbulandshahrbulandshahrchandaulichandaulichandaulichandaulichandaulichitrakootchitrakootchitrakootchitrakootchitrakootdeoriadeoriadeoriadeoriadeoriaetahetahetahetahetahetawahetawahetawahetawahetawahfaizabadfaizabadfaizabadfaizabadfaizabadfarrukhabadfarrukhabadfarrukhabadfarrukhabadfarrukhabadfatehpurfatehpurfatehpurfatehpurfatehpurfirozabadfirozabadfirozabadfirozabadfirozabadkanpur nagarkanpur nagarkanpur nagarkanpur nagarkanpur nagarghaziabadghaziabadghaziabadghaziabadghaziabadghazipurghazipurghazipurghazipurghazipurgondagondagondagondagondagorakhpurgorakhpurgorakhpurgorakhpurgorakhpurhamirpurhamirpurhamirpurhamirpurhamirpurhapurhapurhapurhapurhapurhardoihardoihardoihardoihardoihathrashathrashathrashathrashathrasjalaunjalaunjalaunjalaunjalaunjaunpurjaunpurjaunpurjaunpurjaunpurjhansijhansijhansijhansijhansikannaujkannaujkannaujkannaujkannaujkanpur dehatkanpur dehatkanpur dehatkanpur dehatkanpur dehatkasganjkasganjkasganjkasganjkasganjkaushambikaushambikaushambikaushambikaushambilakhimpur kherilakhimpur kherilakhimpur kherilakhimpur kherilakhimpur kherikushinagarkushinagarkushinagarkushinagarkushinagarlalitpurlalitpurlalitpurlalitpurlalitpurlucknowlucknowlucknowlucknowlucknowmaharajganjmaharajganjmaharajganjmaharajganjmaharajganjmahobamahobamahobamahobamahobamainpurimainpurimainpurimainpurimainpurimathuramathuramathuramathuramathuramaumaumaumaumaumeerutmeerutmeerutmeerutmeerutmirzapurmirzapurmirzapurmirzapurmirzapurmoradabadmoradabadmoradabadmoradabadmoradabadmuzaffarnagarmuzaffarnagarmuzaffarnagarmuzaffarnagarmuzaffarnagarpilibhitpilibhitpilibhitpilibhitpilibhitpratapgarhpratapgarhpratapgarhpratapgarhpratapgarhrae barelirae barelirae barelirae barelirae barelirampurrampurrampurrampurrampursaharanpursaharanpursaharanpursaharanpursaharanpursambhalsambhalsambhalsambhalsambhalsant kabeer nagarsant kabeer nagarsant kabeer nagarsant kabeer nagarsant kabeer nagarsant ravi das nagarsant ravi das nagarsant ravi das nagarsant ravi das nagarsant ravi das nagarshahajahanpurshahajahanpurshahajahanpurshahajahanpurshahajahanpurshamlishamlishamlishamlishamlishravastishravastishravastishravastishravastisiddharth nagarsiddharth nagarsiddharth nagarsiddharth nagarsiddharth nagarsitapursitapursitapursitapursitapursonbhadrasonbhadrasonbhadrasonbhadrasonbhadrasultanpursultanpursultanpursultanpursultanpurunnaounnaounnaounnaounnaovaranasivaranasivaranasivaranasivaranasiahmednagarahmednagarahmednagarahmednagarahmednagaramravatiamravatiamravatiamravatiamravatibeedbeedbeedbeedbeedbhandarabhandarabhandarabhandarabhandarachandrapurchandrapurchandrapurchandrapurchandrapurdhuledhuledhuledhuledhulegadchiroligadchiroligadchiroligadchiroligadchiroligondiagondiagondiagondiagondiakolhapurkolhapurkolhapurkolhapurkolhapurlaturlaturlaturlaturlaturnagpurnagpurnagpurnagpurnagpurnandednandednandednandednandednandurbarnandurbarnandurbarnandurbarnandurbarnashiknashiknashiknashiknashikosmanabadosmanabadosmanabadosmanabadosmanabadpalgharpalgharpalgharpalgharpalgharpunepunepunepunepuneraigadraigadraigadraigadraigadratnagiriratnagiriratnagiriratnagiriratnagirisanglisanglisanglisanglisanglisatarasatarasatarasatarasatarasindhudurgsindhudurgsindhudurgsindhudurgsindhudurgsolapursolapursolapursolapursolapurthanethanethanethanethaneanantnaganantnaganantnaganantnaganantnagbadgambadgambadgambadgambadgambandiporabandiporabandiporabandiporabandiporabaramullabaramullabaramullabaramullabaramulladodadodadodadodadodaganderbalganderbalganderbalganderbalganderbaljammujammujammujammujammukathuakathuakathuakathuakathuakishtwarkishtwarkishtwarkishtwarkishtwarkulgamkulgamkulgamkulgamkulgamkupwarakupwarakupwarakupwarakupwarapoonchpoonchpoonchpoonchpoonchpulwamapulwamapulwamapulwamapulwamarajaurirajaurirajaurirajaurirajaurirambanrambanrambanrambanrambanreasireasireasireasireasisambasambasambasambasambashopianshopianshopianshopianshopiansrinagarsrinagarsrinagarsrinagarsrinagarudhampurudhampurudhampurudhampurudhampurahmadabadahmadabadahmadabadahmadabadahmadabadanandanandanandanandanandaravalliaravalliaravalliaravalliaravallibharuchbharuchbharuchbharuchbharuchchhotaudepurchhotaudepurchhotaudepurchhotaudepurchhotaudepurdangdangdangdangdangdohaddohaddohaddohaddohadgandhinagargandhinagargandhinagargandhinagargandhinagarkhedakhedakhedakhedakhedamahesanamahesanamahesanamahesanamahesanamahisagarmahisagarmahisagarmahisagarmahisagarnarmadanarmadanarmadanarmadanarmadanavsarinavsarinavsarinavsarinavsaripanch mahalspanch mahalspanch mahalspanch mahalspanch mahalssabar kanthasabar kanthasabar kanthasabar kanthasabar kanthasuratsuratsuratsuratsuratsurendranagarsurendranagarsurendranagarsurendranagarsurendranagartapitapitapitapitapivadodaravadodaravadodaravadodaravadodaravalsadvalsadvalsadvalsadvalsadajmerajmerajmerajmerajmeralwaralwaralwaralwaralwarbanswarabanswarabanswarabanswarabanswarabaranbaranbaranbaranbaranbharatpurbharatpurbharatpurbharatpurbharatpurbhilwarabhilwarabhilwarabhilwarabhilwarabundibundibundibundibundichittorgarhchittorgarhchittorgarhchittorgarhchittorgarhdholpurdholpurdholpurdholpurdholpurdungarpurdungarpurdungarpurdungarpurdungarpurganganagarganganagarganganagarganganagarganganagarhanumangarhhanumangarhhanumangarhhanumangarhhanumangarhjhalawarjhalawarjhalawarjhalawarjhalawarkaraulikaraulikaraulikaraulikaraulikotakotakotakotakotarajsamandrajsamandrajsamandrajsamandrajsamandsawai madhopursawai madhopursawai madhopursawai madhopursawai madhopurtonktonktonktonktonkudaipurudaipurudaipurudaipurudaipurarariaarariaarariaarariaarariaarwalarwalarwalarwalarwalaurangabadaurangabadaurangabadaurangabadaurangabadbankabankabankabankabankabegusaraibegusaraibegusaraibegusaraibegusaraibhagalpurbhagalpurbhagalpurbhagalpurbhagalpurbhojpurbhojpurbhojpurbhojpurbhojpurbuxarbuxarbuxarbuxarbuxardarbhangadarbhangadarbhangadarbhangadarbhangagayagayagayagayagayagopalganjgopalganjgopalganjgopalganjgopalganjjamuijamuijamuijamuijamuijehanabadjehanabadjehanabadjehanabadjehanabadkaimurkaimurkaimurkaimurkaimurkatiharkatiharkatiharkatiharkatiharkhagariakhagariakhagariakhagariakhagariakishanganjkishanganjkishanganjkishanganjkishanganjlakhisarailakhisarailakhisarailakhisarailakhisaraimadhepuramadhepuramadhepuramadhepuramadhepuramadhubanimadhubanimadhubanimadhubanimadhubanimungermungermungermungermungermuzaffarpurmuzaffarpurmuzaffarpurmuzaffarpurmuzaffarpurnalandanalandanalandanalandanalandanawadanawadanawadanawadanawadapashchim champaranpashchim champaranpashchim champaranpashchim champaranpashchim champaranpatnapatnapatnapatnapatnapurbi champaranpurbi champaranpurbi champaranpurbi champaranpurbi champaranpurniapurniapurniapurniapurniarohtasrohtasrohtasrohtasrohtassaharsasaharsasaharsasaharsasaharsasamastipursamastipursamastipursamastipursamastipursaransaransaransaransaransheikhpurasheikhpurasheikhpurasheikhpurasheikhpurasheoharsheoharsheoharsheoharsheoharsitamarhisitamarhisitamarhisitamarhisitamarhisiwansiwansiwansiwansiwansupaulsupaulsupaulsupaulsupaulvaishalivaishalivaishalivaishalivaishalidinajpur dakshindinajpur dakshindinajpur dakshindinajpur dakshindinajpur dakshindinajpur uttardinajpur uttardinajpur uttardinajpur uttardinajpur uttarpaschim bardhamanpaschim bardhamanpaschim bardhamanpaschim bardhamanpaschim bardhamanpurba bardhamanpurba bardhamanpurba bardhamanpurba bardhamanpurba bardhamanpuruliapuruliapuruliapuruliapurulianagapattinamnagapattinamnagapattinamnagapattinamnagapattinamvirudunagarvirudunagarvirudunagarvirudunagarvirudunagaranugulanugulanugulanugulanugulbalangirbalangirbalangirbalangirbalangirbaleshwarbaleshwarbaleshwarbaleshwarbaleshwarbargarhbargarhbargarhbargarhbargarhbhadrakbhadrakbhadrakbhadrakbhadrakboudhboudhboudhboudhboudhcuttackcuttackcuttackcuttackcuttackdeogarhdeogarhdeogarhdeogarhdeogarhdhenkanaldhenkanaldhenkanaldhenkanaldhenkanalgajapatigajapatigajapatigajapatigajapatiganjamganjamganjamganjamganjamjagatsinghapurjagatsinghapurjagatsinghapurjagatsinghapurjagatsinghapurjajapurjajapurjajapurjajapurjajapurjharsugudajharsugudajharsugudajharsugudajharsugudakalahandikalahandikalahandikalahandikalahandikandhamalkandhamalkandhamalkandhamalkandhamalkendraparakendraparakendraparakendraparakendraparakendujharkendujharkendujharkendujharkendujharkhordhakhordhakhordhakhordhakhordhakoraputkoraputkoraputkoraputkoraputmalkangirimalkangirimalkangirimalkangirimalkangirimayurbhanjmayurbhanjmayurbhanjmayurbhanjmayurbhanjnabarangpurnabarangpurnabarangpurnabarangpurnabarangpurnayagarhnayagarhnayagarhnayagarhnayagarhnuapadanuapadanuapadanuapadanuapadapuripuripuripuripurirayagadarayagadarayagadarayagadarayagadasambalpursambalpursambalpursambalpursambalpursonepursonepursonepursonepursonepursundargarhsundargarhsundargarhsundargarhsundargarhbaksabaksabaksabaksabaksabarpetabarpetabarpetabarpetabarpetabongaigaonbongaigaonbongaigaonbongaigaonbongaigaoncacharcacharcacharcacharcacharchirangchirangchirangchirangchirangdarrangdarrangdarrangdarrangdarrangdhemajidhemajidhemajidhemajidhemajidhubridhubridhubridhubridhubridibrugarhdibrugarhdibrugarhdibrugarhdibrugarhdima hasaodima hasaodima hasaodima hasaodima hasaogoalparagoalparagoalparagoalparagoalparagolaghatgolaghatgolaghatgolaghatgolaghathailakandihailakandihailakandihailakandihailakandijorhatjorhatjorhatjorhatjorhatkamrupkamrupkamrupkamrupkamrupkarbi anglongkarbi anglongkarbi anglongkarbi anglongkarbi anglongkarimganjkarimganjkarimganjkarimganjkarimganjkokrajharkokrajharkokrajharkokrajharkokrajharlakhimpurlakhimpurlakhimpurlakhimpurlakhimpurmorigaonmorigaonmorigaonmorigaonmorigaonnagaonnagaonnagaonnagaonnagaonnalbarinalbarinalbarinalbarinalbarisivasagarsivasagarsivasagarsivasagarsivasagarsonitpursonitpursonitpursonitpursonitpurtinsukiatinsukiatinsukiatinsukiatinsukiaudalguriudalguriudalguriudalguriudalguribokarobokarobokarobokarobokarochatrachatrachatrachatrachatradeoghardeoghardeoghardeoghardeoghardhanbaddhanbaddhanbaddhanbaddhanbaddumkadumkadumkadumkadumkaeast singhbumeast singhbumeast singhbumeast singhbumeast singhbumgarhwagarhwagarhwagarhwagarhwagiridihgiridihgiridihgiridihgiridihgoddagoddagoddagoddagoddagumlagumlagumlagumlagumlahazaribaghhazaribaghhazaribaghhazaribaghhazaribaghjamtarajamtarajamtarajamtarajamtarakhuntikhuntikhuntikhuntikhuntikodermakodermakodermakodermakodermalateharlateharlateharlateharlateharlohardagalohardagalohardagalohardagalohardagapakurpakurpakurpakurpakurpalamupalamupalamupalamupalamuramgarhramgarhramgarhramgarhramgarhranchiranchiranchiranchiranchisahibganjsahibganjsahibganjsahibganjsahibganjsaraikelakharsawansaraikelakharsawansaraikelakharsawansaraikelakharsawansaraikelakharsawansimdegasimdegasimdegasimdegasimdegawest singhbhumwest singhbhumwest singhbhumwest singhbhumwest singhbhumbilaspurbilaspurbilaspurbilaspurbilaspurchambachambachambachambachambakangrakangrakangrakangrakangrakinnaurkinnaurkinnaurkinnaurkinnaurkullukullukullukullukullumandimandimandimandimandishimlashimlashimlashimlashimlasirmaursirmaursirmaursirmaursirmaursolansolansolansolansolanunaunaunaunaunakaimur (bhabua)kaimur (bhabua)kaimur (bhabua)kaimur (bhabua)kaimur (bhabua)baloda bazarbaloda bazarbaloda bazarbaloda bazarbaloda bazaruttar bastar kankeruttar bastar kankeruttar bastar kankeruttar bastar kankeruttar bastar kankerbemetarabemetarabemetarabemetarabemetarabijapurbijapurbijapurbijapurbijapurdantewadadantewadadantewadadantewadadantewadadhamtaridhamtaridhamtaridhamtaridhamtaridurgdurgdurgdurgdurggariabandgariabandgariabandgariabandgariabandjanjgirchampajanjgirchampajanjgirchampajanjgirchampajanjgirchampajashpurjashpurjashpurjashpurjashpurkabirdhamkabirdhamkabirdhamkabirdhamkabirdhamkondagaonkondagaonkondagaonkondagaonkondagaonkorbakorbakorbakorbakorbakoreakoreakoreakoreakoreamahasamundmahasamundmahasamundmahasamundmahasamundmungelimungelimungelimungelimungelinarayanpurnarayanpurnarayanpurnarayanpurnarayanpurraigarhraigarhraigarhraigarhraigarhraipurraipurraipurraipurraipurrajnandgaonrajnandgaonrajnandgaonrajnandgaonrajnandgaonsukmasukmasukmasukmasukmasurajpursurajpursurajpursurajpursurajpursurgujasurgujasurgujasurgujasurgujalahul and spitilahul and spitilahul and spitilahul and spitilahul and spitiarvalliarvalliarvalliarvalliarvallibanas kanthabanas kanthabanas kanthabanas kanthabanas kanthadevbhumi dwarkadevbhumi dwarkadevbhumi dwarkadevbhumi dwarkadevbhumi dwarkakachchhkachchhkachchhkachchhkachchhpatanpatanpatanpatanpatanrajkotrajkotrajkotrajkotrajkotahmadnagarahmadnagarahmadnagarahmadnagarahmadnagarakolaakolaakolaakolaakolabuldhanabuldhanabuldhanabuldhanabuldhanahingolihingolihingolihingolihingolijalgaonjalgaonjalgaonjalgaonjalgaonjalnajalnajalnajalnajalnaparbhaniparbhaniparbhaniparbhaniparbhaniwashimwashimwashimwashimwashimyavatmalyavatmalyavatmalyavatmalyavatmalagar malwaagar malwaagar malwaagar malwaagar malwaalirajpuralirajpuralirajpuralirajpuralirajpuranuppuranuppuranuppuranuppuranuppurashoknagarashoknagarashoknagarashoknagarashoknagarbalaghatbalaghatbalaghatbalaghatbalaghatbarwanibarwanibarwanibarwanibarwanibetulbetulbetulbetulbetulbhopalbhopalbhopalbhopalbhopalburhanpurburhanpurburhanpurburhanpurburhanpurchhatarpurchhatarpurchhatarpurchhatarpurchhatarpurchhindwarachhindwarachhindwarachhindwarachhindwaradamohdamohdamohdamohdamohdatiadatiadatiadatiadatiadewasdewasdewasdewasdewasdhardhardhardhardhardindoridindoridindoridindoridindorigunagunagunagunagunagwaliorgwaliorgwaliorgwaliorgwaliorhardahardahardahardahardahoshangabadhoshangabadhoshangabadhoshangabadhoshangabadindoreindoreindoreindoreindorejabalpurjabalpurjabalpurjabalpurjabalpurjhabuajhabuajhabuajhabuajhabuakatnikatnikatnikatnikatnikhandwakhandwakhandwakhandwakhandwakhargonekhargonekhargonekhargonekhargonemandlamandlamandlamandlamandlamandsaurmandsaurmandsaurmandsaurmandsaurmorenamorenamorenamorenamorenanarsinghpurnarsinghpurnarsinghpurnarsinghpurnarsinghpurneemuchneemuchneemuchneemuchneemuchpannapannapannapannapannaraisenraisenraisenraisenraisenrajgarhrajgarhrajgarhrajgarhrajgarhratlamratlamratlamratlamratlamrewarewarewarewarewasagarsagarsagarsagarsagarsatnasatnasatnasatnasatnasehoresehoresehoresehoresehoreseoniseoniseoniseoniseonishahdolshahdolshahdolshahdolshahdolshajapurshajapurshajapurshajapurshajapursheopursheopursheopursheopursheopurshivpurishivpurishivpurishivpurishivpurisidhisidhisidhisidhisidhisingraulisingraulisingraulisingraulisingraulitikamgarhtikamgarhtikamgarhtikamgarhtikamgarhujjainujjainujjainujjainujjainumariaumariaumariaumariaumariavidishavidishavidishavidishavidishabarmerbarmerbarmerbarmerbarmerchittaurgarhchittaurgarhchittaurgarhchittaurgarhchittaurgarhchuruchuruchuruchuruchurudausadausadausadausadausajaipurjaipurjaipurjaipurjaipurjalorejalorejalorejalorejalorejodhpurjodhpurjodhpurjodhpurjodhpurnagaurnagaurnagaurnagaurnagaurpalipalipalipalipalisikarsikarsikarsikarsikarsirohisirohisirohisirohisirohiharidwarharidwarharidwarharidwarharidwarudam singh nagarudam singh nagarudam singh nagarudam singh nagarudam singh nagarkanchipuramkanchipuramkanchipuramkanchipuramkanchipuramvillupuramvillupuramvillupuramvillupuramvillupurambhindbhindbhindbhindbhindbagalkotebagalkotebagalkotebagalkotebagalkotebuldanabuldanabuldanabuldanabuldanawardhawardhawardhawardhawardhasahebganjsahebganjsahebganjsahebganjsahebganjsaraikela kharsawansaraikela kharsawansaraikela kharsawansaraikela kharsawansaraikela kharsawangautam buddha nagargautam buddha nagargautam buddha nagargautam buddha nagargautam buddha nagarkherikherikherikherikherikushi nagarkushi nagarkushi nagarkushi nagarkushi nagarsant ravidas nagarsant ravidas nagarsant ravidas nagarsant ravidas nagarsant ravidas nagarmahendragarhmahendragarhmahendragarhmahendragarhmahendragarhjamnagarjamnagarjamnagarjamnagarjamnagarchamrajnagarchamrajnagarchamrajnagarchamrajnagarchamrajnagartumkurtumkurtumkurtumkurtumkurbalodbalodbalodbalodbalodbastarbastarbastarbastarbastargariyabandgariyabandgariyabandgariyabandgariyabandjanjgir-champajanjgir-champajanjgir-champajanjgir-champajanjgir-champakankerkankerkankerkankerkankeramreliamreliamreliamreliamrelibhavnagarbhavnagarbhavnagarbhavnagarbhavnagarbotadbotadbotadbotadbotadgir somnathgir somnathgir somnathgir somnathgir somnathjunagadhjunagadhjunagadhjunagadhjunagadhmorbimorbimorbimorbimorbikamrup metrokamrup metrokamrup metrokamrup metrokamrup metromarigaonmarigaonmarigaonmarigaonmarigaonbikanerbikanerbikanerbikanerbikanerjaisalmerjaisalmerjaisalmerjaisalmerjaisalmerjhunjhununjhunjhununjhunjhununjhunjhununjhunjhununshahjahanpurshahjahanpurshahjahanpurshahjahanpurshahjahanpurnicobarsnicobarsnicobarsnicobarsnicobarsnorth and middle andamannorth and middle andamannorth and middle andamannorth and middle andamannorth and middle andamansouth andamanssouth andamanssouth andamanssouth andamanssouth andamansanjawanjawanjawanjawanjawchanglangchanglangchanglangchanglangchanglangdibang valleydibang valleydibang valleydibang valleydibang valleyeast kamengeast kamengeast kamengeast kamengeast kamengeast siangeast siangeast siangeast siangeast siangkra daadikra daadikra daadikra daadikra daadikurung kumeykurung kumeykurung kumeykurung kumeykurung kumeylohitlohitlohitlohitlohitlongdinglongdinglongdinglongdinglongdinglower dibang valleylower dibang valleylower dibang valleylower dibang valleylower dibang valleylower subansirilower subansirilower subansirilower subansirilower subansirinamsainamsainamsainamsainamsaipapum parepapum parepapum parepapum parepapum paresiangsiangsiangsiangsiangtawangtawangtawangtawangtawangtiraptiraptiraptiraptirapupper siangupper siangupper siangupper siangupper siangupper subansiriupper subansiriupper subansiriupper subansiriupper subansiriwest kamengwest kamengwest kamengwest kamengwest kamengwest siangwest siangwest siangwest siangwest siangchandigarhchandigarhchandigarhchandigarhchandigarhdadra and nagar havelidadra and nagar havelidadra and nagar havelidadra and nagar havelidadra and nagar havelibishnupurbishnupurbishnupurbishnupurbishnupurchandelchandelchandelchandelchandelchurachandpurchurachandpurchurachandpurchurachandpurchurachandpurimphal eastimphal eastimphal eastimphal eastimphal eastimphal westimphal westimphal westimphal westimphal westsenapatisenapatisenapatisenapatisenapatitamenglongtamenglongtamenglongtamenglongtamenglongthoubalthoubalthoubalthoubalthoubalukhrulukhrulukhrulukhrulukhruleast garo hillseast garo hillseast garo hillseast garo hillseast garo hillseast jaintia hillseast jaintia hillseast jaintia hillseast jaintia hillseast jaintia hillseast khasi hillseast khasi hillseast khasi hillseast khasi hillseast khasi hillsnorth garo hillsnorth garo hillsnorth garo hillsnorth garo hillsnorth garo hillsri bhoiri bhoiri bhoiri bhoiri bhoisouth garo hillssouth garo hillssouth garo hillssouth garo hillssouth garo hillssouth west garo hillssouth west garo hillssouth west garo hillssouth west garo hillssouth west garo hillssouth west khasi hillssouth west khasi hillssouth west khasi hillssouth west khasi hillssouth west khasi hillswest garo hillswest garo hillswest garo hillswest garo hillswest garo hillswest jaintia hillswest jaintia hillswest jaintia hillswest jaintia hillswest jaintia hillswest khasi hillswest khasi hillswest khasi hillswest khasi hillswest khasi hillsaizawlaizawlaizawlaizawlaizawlchamphaichamphaichamphaichamphaichamphaikolasibkolasibkolasibkolasibkolasiblawngtlailawngtlailawngtlailawngtlailawngtlailungleilungleilungleilungleilungleimamitmamitmamitmamitmamitsaihasaihasaihasaihasaihaserchhipserchhipserchhipserchhipserchhipdimapurdimapurdimapurdimapurdimapurkiphirekiphirekiphirekiphirekiphirekohimakohimakohimakohimakohimalonglenglonglenglonglenglonglenglonglengmokokchungmokokchungmokokchungmokokchungmokokchungmonmonmonmonmonperenperenperenperenperenphekphekphekphekphektuensangtuensangtuensangtuensangtuensangwokhawokhawokhawokhawokhazunhebotozunhebotozunhebotozunhebotozunhebotokaraikalkaraikalkaraikalkaraikalkaraikalpondicherrypondicherrypondicherrypondicherrypondicherryyanamyanamyanamyanamyanameast districteast districteast districteast districteast districtnorth districtnorth districtnorth districtnorth districtnorth districtsouth districtsouth districtsouth districtsouth districtsouth districtwest districtwest districtwest districtwest districtwest districtadilabadadilabadadilabadadilabadadilabadbhadradribhadradribhadradribhadradribhadradrihanumakondahanumakondahanumakondahanumakondahanumakondajagitialjagitialjagitialjagitialjagitialjangoanjangoanjangoanjangoanjangoanjayashankarjayashankarjayashankarjayashankarjayashankarjogulambajogulambajogulambajogulambajogulambakamareddykamareddykamareddykamareddykamareddykarimnagarkarimnagarkarimnagarkarimnagarkarimnagarkhammamkhammamkhammamkhammamkhammamkomaram bheem asifabadkomaram bheem asifabadkomaram bheem asifabadkomaram bheem asifabadkomaram bheem asifabadmahabubabadmahabubabadmahabubabadmahabubabadmahabubabadmahbubnagarmahbubnagarmahbubnagarmahbubnagarmahbubnagarmancherialmancherialmancherialmancherialmancherialmedakmedakmedakmedakmedakmedchal malkajgirimedchal malkajgirimedchal malkajgirimedchal malkajgirimedchal malkajgirinagarkurnoolnagarkurnoolnagarkurnoolnagarkurnoolnagarkurnoolnalgondanalgondanalgondanalgondanalgondanirmalnirmalnirmalnirmalnirmalnizamabadnizamabadnizamabadnizamabadnizamabadpeddapallipeddapallipeddapallipeddapallipeddapallirajannarajannarajannarajannarajannarangareddirangareddirangareddirangareddirangareddisangareddysangareddysangareddysangareddysangareddysiddipetsiddipetsiddipetsiddipetsiddipetsuryapetsuryapetsuryapetsuryapetsuryapetvikarabadvikarabadvikarabadvikarabadvikarabadwanaparthywanaparthywanaparthywanaparthywanaparthywarangalwarangalwarangalwarangalwarangalyadadriyadadriyadadriyadadriyadadridhalaidhalaidhalaidhalaidhalaigomatigomatigomatigomatigomatikhowaikhowaikhowaikhowaikhowainorth tripuranorth tripuranorth tripuranorth tripuranorth tripurasepahijalasepahijalasepahijalasepahijalasepahijalasouth tripurasouth tripurasouth tripurasouth tripurasouth tripuraunakotiunakotiunakotiunakotiunakotiwest tripurawest tripurawest tripurawest tripurawest tripura,ricemaizebajraragijowarricemaizebajraragijowarricemaizebajraragijowarricemaizebajraragijowarricemaizebajraragijowarricemaizebajraragijowarricemaizebajraragijowarricemaizebajraragijowarricemaizebajraragijowarricemaizebajraragijowarricemaizebajraragijowarricemaizebajraragijowarricemaizebajraragijowarricemaizebajraragijowarricemaizebajraragijowarricemaizebajraragijowarricemaizebajraragijowarricemaizebajraragijowarricemaizebajraragijowarricemaizebajraragijowarricemaizebajraragijowarricemaizebajraragijowarricemaizebajraragijowarricemaizebajraragijowarricemaizebajraragijowarricemaizebajraragijowarricemaizebajraragijowarricemaizebajraragijowarricemaizebajraragijowarricemaizebajraragijowarricemaizebajraragijowarricemaizebajraragijowarricemaizebajraragijowarricemaizebajraragijowarricemaizebajraragijowarricemaizebajraragijowarricemaizebajraragijowarricemaizebajraragijowarricemaizebajraragijowarricemaizebajraragijowarricemaizebajraragijowarricemaizebajraragijowarricemaizebajraragijowarricemaizebajraragijowarricemaizebajraragijowarricemaizebajraragijowarricemaizebajraragijowarricemaizebajraragijowarricemaizebajraragijowarricemaizebajraragijowarricemaizebajraragijowarricemaizebajraragijowarricemaizebajraragijowarricemaizebajraragijowarricemaizebajraragijowarricemaizebajraragijowarricemaizebajraragijowarricemaizebajraragijowarricemaizebajraragijowarricemaizebajraragijowarricemaizebajraragijowarricemaizebajraragijowarricemaizebajraragijowarricemaizebajraragijowarricemaizebajraragijowarricemaizebajraragijowarricemaizebajraragijowarricemaizebajraragijowarricemaizebajraragijowarricemaizebajraragijowarricemaizebajraragijowarricemaizebajraragijowarricemaizebajraragijowarricemaizebajraragijowarricemaizebajraragijowarricemaizebajraragijowarricemaizebajraragijowarricemaizebajraragijowarricemaizebajraragijowarricemaizebajraragijowarricemaizebajraragijowarricemaizebajraragijowarricemaizebajraragijowarricemaizebajraragijowarricemaizebajraragijowarricemaizebajraragijowarricemaizebajraragijowarricemaizebajraragijowarricemaizebajraragijowarricemaizebajraragijowarricemaizebajraragijowarricemaizebajraragijowarricemaizebajraragijowarricemaizebajraragijowarricemaizebajraragijowarricemaizebajraragijowarricemaizebajraragijowarricemaizebajraragijowarricemaizebajraragijowarricemaizebajraragijowarricemaizebajraragijowarricemaizebajraragijowarricemaizebajraragijowarricemaizebajraragijowarricemaizebajraragijowarricemaizebajraragijowarricemaizebajraragijowarricemaizebajraragijowarricemaizebajraragijowarricemaizebajraragijowarricemaizebajraragijowarricemaizebajraragijowarricemaizebajraragijowarricemaizebajraragijowarricemaizebajraragijowarricemaizebajraragijowarricemaizebajraragijowarricemaizebajraragijowarricemaizebajraragijowarricemaizebajraragijowarricemaizebajraragijowarricemaizebajraragijowarricemaizebajraragijowarricemaizebajraragijowarricemaizebajraragijowarricemaizebajraragijowarricemaizebajraragijowarricemaizebajraragijowarricemaizebajraragijowarricemaizebajraragijowarricemaizebajraragijowarricemaizebajraragijowarricemaizebajraragijowarricemaizebajraragijowarricemaizebajraragijowarricemaizebajraragijowarricemaizebajraragijowarricemaizebajraragijowarricemaizebajraragijowarricemaizebajraragijowarricemaizebajraragijowarricemaizebajraragijowarricemaizebajraragijowarricemaizebajraragijowarricemaizebajraragijowarricemaizebajraragijowarricemaizebajraragijowarricemaizebajraragijowarricemaizebajraragijowarricemaizebajraragijowarricemaizebajraragijowarricemaizebajraragijowarricemaizebajraragijowarricemaizebajraragijowarricemaizebajraragijowarricemaizebajraragijowarricemaizebajraragijowarricemaizebajraragijowarricemaizebajraragijowarricemaizebajraragijowarricemaizebajraragijowarricemaizebajraragijowarricemaizebajraragijowarricemaizebajraragijowarricemaizebajraragijowarricemaizebajraragijowarricemaizebajraragijowarricemaizebajraragijowarricemaizebajraragijowarricemaizebajraragijowarricemaizebajraragijowarricemaizebajraragijowarricemaizebajraragijowarricemaizebajraragijowarricemaizebajraragijowarricemaizebajraragijowarricemaizebajraragijowarricemaizebajraragijowarricemaizebajraragijowarricemaizebajraragijowarricemaizebajraragijowarricemaizebajraragijowarricemaizebajraragijowarricemaizebajraragijowarricemaizebajraragijowarricemaizebajraragijowarricemaizebajraragijowarricemaizebajraragijowarricemaizebajraragijowarricemaizebajraragijowarricemaizebajraragijowarricemaizebajraragijowarricemaizebajraragijowarricemaizebajraragijowarricemaizebajraragijowarricemaizebajraragijowarricemaizebajraragijowarricemaizebajraragijowarricemaizebajraragijowarricemaizebajraragijowarricemaizebajraragijowarricemaizebajraragijowarricemaizebajraragijowarricemaizebajraragijowarricemaizebajraragijowarricemaizebajraragijowarricemaizebajraragijowarricemaizebajraragijowarricemaizebajraragijowarricemaizebajraragijowarricemaizebajraragijowarricemaizebajraragijowarricemaizebajraragijowarricemaizebajraragijowarricemaizebajraragijowarricemaizebajraragijowarricemaizebajraragijowarricemaizebajraragijowarricemaizebajraragijowarricemaizebajraragijowarricemaizebajraragijowarricemaizebajraragijowarricemaizebajraragijowarricemaizebajraragijowarricemaizebajraragijowarricemaizebajraragijowarricemaizebajraragijowarricemaizebajraragijowarricemaizebajraragijowarricemaizebajraragijowarricemaizebajraragijowarricemaizebajraragijowarricemaizebajraragijowarricemaizebajraragijowarricemaizebajraragijowarricemaizebajraragijowarricemaizebajraragijowarricemaizebajraragijowarricemaizebajraragijowarricemaizebajraragijowarricemaizebajraragijowarricemaizebajraragijowarricemaizebajraragijowarricemaizebajraragijowarricemaizebajraragijowarricemaizebajraragijowarricemaizebajraragijowarricemaizebajraragijowarricemaizebajraragijowarricemaizebajraragijowarricemaizebajraragijowarricemaizebajraragijowarricemaizebajraragijowarricemaizebajraragijowarricemaizebajraragijowarricemaizebajraragijowarricemaizebajraragijowarricemaizebajraragijowarricemaizebajraragijowarricemaizebajraragijowarricemaizebajraragijowarricemaizebajraragijowarricemaizebajraragijowarricemaizebajraragijowarricemaizebajraragijowarricemaizebajraragijowarricemaizebajraragijowarricemaizebajraragijowarricemaizebajraragijowarricemaizebajraragijowarricemaizebajraragijowarricemaizebajraragijowarricemaizebajraragijowarricemaizebajraragijowarricemaizebajraragijowarricemaizebajraragijowarricemaizebajraragijowarricemaizebajraragijowarricemaizebajraragijowarricemaizebajraragijowarricemaizebajraragijowarricemaizebajraragijowarricemaizebajraragijowarricemaizebajraragijowarricemaizebajraragijowarricemaizebajraragijowarricemaizebajraragijowarricemaizebajraragijowarricemaizebajraragijowarricemaizebajraragijowarricemaizebajraragijowarricemaizebajraragijowarricemaizebajraragijowarricemaizebajraragijowarricemaizebajraragijowarricemaizebajraragijowarricemaizebajraragijowarricemaizebajraragijowarricemaizebajraragijowarricemaizebajraragijowarricemaizebajraragijowarricemaizebajraragijowarricemaizebajraragijowarricemaizebajraragijowarricemaizebajraragijowarricemaizebajraragijowarricemaizebajraragijowarricemaizebajraragijowarricemaizebajraragijowarricemaizebajraragijowarricemaizebajraragijowarricemaizebajraragijowarricemaizebajraragijowarricemaizebajraragijowarricemaizebajraragijowarricemaizebajraragijowarricemaizebajraragijowarricemaizebajraragijowarricemaizebajraragijowarricemaizebajraragijowarricemaizebajraragijowarricemaizebajraragijowarricemaizebajraragijowarricemaizebajraragijowarricemaizebajraragijowarricemaizebajraragijowarricemaizebajraragijowarricemaizebajraragijowarricemaizebajraragijowarricemaizebajraragijowarricemaizebajraragijowarricemaizebajraragijowarricemaizebajraragijowarricemaizebajraragijowarricemaizebajraragijowarricemaizebajraragijowarricemaizebajraragijowarricemaizebajraragijowarricemaizebajraragijowarricemaizebajraragijowarricemaizebajraragijowarricemaizebajraragijowarricemaizebajraragijowarricemaizebajraragijowarricemaizebajraragijowarricemaizebajraragijowarricemaizebajraragijowarricemaizebajraragijowarricemaizebajraragijowarricemaizebajraragijowarricemaizebajraragijowarricemaizebajraragijowarricemaizebajraragijowarricemaizebajraragijowarricemaizebajraragijowarricemaizebajraragijowarricemaizebajraragijowarricemaizebajraragijowarricemaizebajraragijowarricemaizebajraragijowarricemaizebajraragijowarricemaizebajraragijowarricemaizebajraragijowarricemaizebajraragijowarricemaizebajraragijowarricemaizebajraragijowarricemaizebajraragijowarricemaizebajraragijowarricemaizebajraragijowarricemaizebajraragijowarricemaizebajraragijowarricemaizebajraragijowarricemaizebajraragijowarricemaizebajraragijowarricemaizebajraragijowarricemaizebajraragijowarricemaizebajraragijowarricemaizebajraragijowarricemaizebajraragijowarricemaizebajraragijowarricemaizebajraragijowarricemaizebajraragijowarricemaizebajraragijowarricemaizebajraragijowarricemaizebajraragijowarricemaizebajraragijowarricemaizebajraragijowarricemaizebajraragijowarricemaizebajraragijowarricemaizebajraragijowarricemaizebajraragijowarricemaizebajraragijowarricemaizebajraragijowarricemaizebajraragijowarricemaizebajraragijowarricemaizebajraragijowarricemaizebajraragijowarricemaizebajraragijowarricemaizebajraragijowarricemaizebajraragijowarricemaizebajraragijowarricemaizebajraragijowarricemaizebajraragijowarricemaizebajraragijowarricemaizebajraragijowarricemaizebajraragijowarricemaizebajraragijowarricemaizebajraragijowarricemaizebajraragijowarricemaizebajraragijowarricemaizebajraragijowarricemaizebajraragijowarricemaizebajraragijowarricemaizebajraragijowarricemaizebajraragijowarricemaizebajraragijowarricemaizebajraragijowarricemaizebajraragijowarricemaizebajraragijowarricemaizebajraragijowarricemaizebajraragijowarricemaizebajraragijowarricemaizebajraragijowarricemaizebajraragijowarricemaizebajraragijowarricemaizebajraragijowarricemaizebajraragijowarricemaizebajraragijowarricemaizebajraragijowarricemaizebajraragijowarricemaizebajraragijowarricemaizebajraragijowarricemaizebajraragijowarricemaizebajraragijowarricemaizebajraragijowarricemaizebajraragijowarricemaizebajraragijowarricemaizebajraragijowarricemaizebajraragijowarricemaizebajraragijowarricemaizebajraragijowarricemaizebajraragijowarricemaizebajraragijowarricemaizebajraragijowarricemaizebajraragijowarricemaizebajraragijowarricemaizebajraragijowarricemaizebajraragijowarricemaizebajraragijowarricemaizebajraragijowarricemaizebajraragijowarricemaizebajraragijowarricemaizebajraragijowarricemaizebajraragijowarricemaizebajraragijowarricemaizebajraragijowarricemaizebajraragijowarricemaizebajraragijowarricemaizebajraragijowarricemaizebajraragijowarricemaizebajraragijowarricemaizebajraragijowarricemaizebajraragijowarricemaizebajraragijowarricemaizebajraragijowarricemaizebajraragijowarricemaizebajraragijowarricemaizebajraragijowarricemaizebajraragijowarricemaizebajraragijowarricemaizebajraragijowarricemaizebajraragijowarricemaizebajraragijowarricemaizebajraragijowarricemaizebajraragijowarricemaizebajraragijowarricemaizebajraragijowarricemaizebajraragijowarricemaizebajraragijowarricemaizebajraragijowarricemaizebajraragijowarricemaizebajraragijowarricemaizebajraragijowarricemaizebajraragijowarricemaizebajraragijowarricemaizebajraragijowarricemaizebajraragijowarricemaizebajraragijowarricemaizebajraragijowarricemaizebajraragijowarricemaizebajraragijowarricemaizebajraragijowarricemaizebajraragijowarricemaizebajraragijowarricemaizebajraragijowarricemaizebajraragijowarricemaizebajraragijowarricemaizebajraragijowarricemaizebajraragijowarricemaizebajraragijowarricemaizebajraragijowarricemaizebajraragijowarricemaizebajraragijowarricemaizebajraragijowarricemaizebajraragijowarricemaizebajraragijowarricemaizebajraragijowarricemaizebajraragijowarricemaizebajraragijowarricemaizebajraragijowarricemaizebajraragijowarricemaizebajraragijowarricemaizebajraragijowarricemaizebajraragijowarricemaizebajraragijowarricemaizebajraragijowarricemaizebajraragijowarricemaizebajraragijowarricemaizebajraragijowarricemaizebajraragijowarricemaizebajraragijowarricemaizebajraragijowarricemaizebajraragijowarricemaizebajraragijowarricemaizebajraragijowarricemaizebajraragijowarricemaizebajraragijowarricemaizebajraragijowarricemaizebajraragijowarricemaizebajraragijowarricemaizebajraragijowarricemaizebajraragijowarricemaizebajraragijowarricemaizebajraragijowarricemaizebajraragijowarricemaizebajraragijowarricemaizebajraragijowarricemaizebajraragijowarricemaizebajraragijowarricemaizebajraragijowarricemaizebajraragijowarricemaizebajraragijowarricemaizebajraragijowarricemaizebajraragijowarricemaizebajraragijowarricemaizebajraragijowarricemaizebajraragijowarricemaizebajraragijowarricemaizebajraragijowarricemaizebajraragijowarricemaizebajraragijowarricemaizebajraragijowarricemaizebajraragijowarricemaizebajraragijowarricemaizebajraragijowarricemaizebajraragijowarricemaizebajraragijowarricemaizebajraragijowarricemaizebajraragijowarricemaizebajraragijowarricemaizebajraragijowarricemaizebajraragijowarricemaizebajraragijowarricemaizebajraragijowarricemaizebajraragijowarricemaizebajraragijowarricemaizebajraragijowarricemaizebajraragijowarricemaizebajraragijowarricemaizebajraragijowarricemaizebajraragijowarricemaizebajraragijowarricemaizebajraragijowarricemaizebajraragijowarricemaizebajraragijowarricemaizebajraragijowarricemaizebajraragijowarricemaizebajraragijowarricemaizebajraragijowarricemaizebajraragijowarricemaizebajraragijowarricemaizebajraragijowarricemaizebajraragijowarricemaizebajraragijowarricemaizebajraragijowarricemaizebajraragijowarricemaizebajraragijowarricemaizebajraragijowarricemaizebajraragijowarricemaizebajraragijowarricemaizebajraragijowarricemaizebajraragijowarricemaizebajraragijowarricemaizebajraragijowarricemaizebajraragijowarricemaizebajraragijowarricemaizebajraragijowarricemaizebajraragijowarricemaizebajraragijowarricemaizebajraragijowarricemaizebajraragijowarricemaizebajraragijowarricemaizebajraragijowarricemaizebajraragijowarricemaizebajraragijowarricemaizebajraragijowarricemaizebajraragijowarricemaizebajraragijowarricemaizebajraragijowarricemaizebajraragijowarricemaizebajraragijowarricemaizebajraragijowarricemaizebajraragijowarricemaizebajraragijowarricemaizebajraragijowarricemaizebajraragijowarricemaizebajraragijowarricemaizebajraragijowarricemaizebajraragijowarricemaizebajraragijowarricemaizebajraragijowarricemaizebajraragijowarricemaizebajraragijowarricemaizebajraragijowarricemaizebajraragijowarricemaizebajraragijowarricemaizebajraragijowarricemaizebajraragijowarricemaizebajraragijowarricemaizebajraragijowarricemaizebajraragijowarricemaizebajraragijowarricemaizebajraragijowarricemaizebajraragijowarricemaizebajraragijowarricemaizebajraragijowarricemaizebajraragijowarricemaizebajraragijowarricemaizebajraragijowarricemaizebajraragijowarricemaizebajraragijowarricemaizebajraragijowarricemaizebajraragijowarricemaizebajraragijowarricemaizebajraragijowarricemaizebajraragijowarricemaizebajraragijowarricemaizebajraragijowarricemaizebajraragijowarricemaizebajraragijowarricemaizebajraragijowarricemaizebajraragijowarricemaizebajraragijowarricemaizebajraragijowarricemaizebajraragijowarricemaizebajraragijowarricemaizebajraragijowarricemaizebajraragijowarricemaizebajraragijowarricemaizebajraragijowarricemaizebajraragijowarricemaizebajraragijowarricemaizebajraragijowarricemaizebajraragijowarricemaizebajraragijowarricemaizebajraragijowarricemaizebajraragijowarricemaizebajraragijowarricemaizebajraragijowarricemaizebajraragijowarricemaizebajraragijowarricemaizebajraragijowarricemaizebajraragijowarricemaizebajraragijowarricemaizebajraragijowarricemaizebajraragijowarricemaizebajraragijowarricemaizebajraragijowarricemaizebajraragijowarricemaizebajraragijowarricemaizebajraragijowarricemaizebajraragijowarricemaizebajraragijowarricemaizebajraragijowarricemaizebajraragijowarricemaizebajraragijowarricemaizebajraragijowarricemaizebajraragijowarricemaizebajraragijowarricemaizebajraragijowarricemaizebajraragijowarricemaizebajraragijowarricemaizebajraragijowarricemaizebajraragijowarricemaizebajraragijowarricemaizebajraragijowarricemaizebajraragijowarricemaizebajraragijowarricemaizebajraragijowarricemaizebajraragijowarricemaizebajraragijowarricemaizebajraragijowarricemaizebajraragijowarricemaizebajraragijowarricemaizebajraragijowarricemaizebajraragijowarricemaizebajraragijowar,368849.0,368849.0,65515.793106,808116306.4647094,801426000.017148,38819971.109430276,43598415.80372499,13227525.299930114,14856440.85823853,27528357.026387777,32240031.90341912,10642039.199229533,12392539.858173434,2798525140552.956,2798525140056.7944,1169671.4059472498,2053573.0281986468,9326607.36054018,10922922.8088784,1062594.5812185681,1244465.231471978,1281597918.5885358,2404498128.825813,-3296488835.3541274,-3787859649.251813,368849.0,46.69998270223742,14.614361707662141,14.125439005865834,10.96013377138912,10.964372785189072,-1.7729396602228868e-08,12.972255030482513,43.042132425489534,14.61436170766214,14.61436170766215
31,west bengal,ariyalurariyalurariyalurariyalurariyalurcoimbatorecoimbatorecoimbatorecoimbatorecoimbatorecuddalorecuddalorecuddalorecuddalorecuddaloredharmapuridharmapuridharmapuridharmapuridharmapuridindiguldindiguldindiguldindiguldindigulerodeerodeerodeerodeerodekancheepuramkancheepuramkancheepuramkancheepuramkancheepuramkanniyakumarikanniyakumarikanniyakumarikanniyakumarikanniyakumarikarurkarurkarurkarurkarurkrishnagirikrishnagirikrishnagirikrishnagirikrishnagirimaduraimaduraimaduraimaduraimadurainagappattinamnagappattinamnagappattinamnagappattinamnagappattinamnamakkalnamakkalnamakkalnamakkalnamakkalperambalurperambalurperambalurperambalurperambalurpudukkottaipudukkottaipudukkottaipudukkottaipudukkottairamanathapuramramanathapuramramanathapuramramanathapuramramanathapuramsalemsalemsalemsalemsalemsivagangasivagangasivagangasivagangasivagangathanjavurthanjavurthanjavurthanjavurthanjavurthe nilgiristhe nilgiristhe nilgiristhe nilgiristhe nilgiristhenithenithenithenithenithiruvallurthiruvallurthiruvallurthiruvallurthiruvallurthiruvarurthiruvarurthiruvarurthiruvarurthiruvarurtiruchirappallitiruchirappallitiruchirappallitiruchirappallitiruchirappallitirunelvelitirunelvelitirunelvelitirunelvelitirunelvelitiruppurtiruppurtiruppurtiruppurtiruppurtiruvannamalaitiruvannamalaitiruvannamalaitiruvannamalaitiruvannamalaituticorintuticorintuticorintuticorintuticorinvellorevellorevellorevellorevelloreviluppuramviluppuramviluppuramviluppuramviluppuramvirudhunagarvirudhunagarvirudhunagarvirudhunagarvirudhunagaramritsaramritsaramritsaramritsaramritsarbarnalabarnalabarnalabarnalabarnalabathindabathindabathindabathindabathindafaridkotfaridkotfaridkotfaridkotfaridkotfatehgarh sahibfatehgarh sahibfatehgarh sahibfatehgarh sahibfatehgarh sahibfazilkafazilkafazilkafazilkafazilkafirozpurfirozpurfirozpurfirozpurfirozpurgurdaspurgurdaspurgurdaspurgurdaspurgurdaspurhoshiarpurhoshiarpurhoshiarpurhoshiarpurhoshiarpurjalandharjalandharjalandharjalandharjalandharkapurthalakapurthalakapurthalakapurthalakapurthalaludhianaludhianaludhianaludhianaludhianamansamansamansamansamansamogamogamogamogamogamuktsarmuktsarmuktsarmuktsarmuktsarpathankotpathankotpathankotpathankotpathankotpatialapatialapatialapatialapatialarupnagarrupnagarrupnagarrupnagarrupnagarsangrursangrursangrursangrursangrurshahid bhagat singh nagarshahid bhagat singh nagarshahid bhagat singh nagarshahid bhagat singh nagarshahid bhagat singh nagartarn tarantarn tarantarn tarantarn tarantarn taranambalaambalaambalaambalaambalabhiwanibhiwanibhiwanibhiwanibhiwanicharki dadricharki dadricharki dadricharki dadricharki dadrifaridabadfaridabadfaridabadfaridabadfaridabadfatehabadfatehabadfatehabadfatehabadfatehabadgurgaongurgaongurgaongurgaongurgaonhisarhisarhisarhisarhisarjhajjarjhajjarjhajjarjhajjarjhajjarjindjindjindjindjindkaithalkaithalkaithalkaithalkaithalkarnalkarnalkarnalkarnalkarnalkurukshetrakurukshetrakurukshetrakurukshetrakurukshetramewatmewatmewatmewatmewatpalwalpalwalpalwalpalwalpalwalpanchkulapanchkulapanchkulapanchkulapanchkulapanipatpanipatpanipatpanipatpanipatrewarirewarirewarirewarirewarirohtakrohtakrohtakrohtakrohtaksirsasirsasirsasirsasirsasonipatsonipatsonipatsonipatsonipatyamunanagaryamunanagaryamunanagaryamunanagaryamunanagaranantapuranantapuranantapuranantapuranantapurchittoorchittoorchittoorchittoorchittooreast godavarieast godavarieast godavarieast godavarieast godavarigunturgunturgunturgunturgunturkadapakadapakadapakadapakadapakrishnakrishnakrishnakrishnakrishnakurnoolkurnoolkurnoolkurnoolkurnoolprakasamprakasamprakasamprakasamprakasamnellorenellorenellorenellorenelloresrikakulamsrikakulamsrikakulamsrikakulamsrikakulamvisakhapatnamvisakhapatnamvisakhapatnamvisakhapatnamvisakhapatnamvizianagaramvizianagaramvizianagaramvizianagaramvizianagaramwest godavariwest godavariwest godavariwest godavariwest godavariballariballariballariballariballaribangalore ruralbangalore ruralbangalore ruralbangalore ruralbangalore ruralbelagavibelagavibelagavibelagavibelagavibengaluru urbanbengaluru urbanbengaluru urbanbengaluru urbanbengaluru urbanbidarbidarbidarbidarbidarchamarajanagarachamarajanagarachamarajanagarachamarajanagarachamarajanagarachikkaballapurachikkaballapurachikkaballapurachikkaballapurachikkaballapurachikmagalurchikmagalurchikmagalurchikmagalurchikmagalurchitradurgachitradurgachitradurgachitradurgachitradurgadakshina kannadadakshina kannadadakshina kannadadakshina kannadadakshina kannadadavangeredavangeredavangeredavangeredavangeredharwaddharwaddharwaddharwaddharwadgadaggadaggadaggadaggadaghassanhassanhassanhassanhassanhaverihaverihaverihaverihaverikalaburagikalaburagikalaburagikalaburagikalaburagikodagukodagukodagukodagukodagukolarkolarkolarkolarkolarkoppalkoppalkoppalkoppalkoppalmandyamandyamandyamandyamandyamysurumysurumysurumysurumysururaichurraichurraichurraichurraichurramanagararamanagararamanagararamanagararamanagarashivamoggashivamoggashivamoggashivamoggashivamoggatumakurutumakurutumakurutumakurutumakuruudupiudupiudupiudupiudupiuttara kannadauttara kannadauttara kannadauttara kannadauttara kannadavijayapuravijayapuravijayapuravijayapuravijayapurayadgiryadgiryadgiryadgiryadgiralmoraalmoraalmoraalmoraalmorabageshwarbageshwarbageshwarbageshwarbageshwarchamolichamolichamolichamolichamolichampawatchampawatchampawatchampawatchampawatdehradundehradundehradundehradundehradunhardwarhardwarhardwarhardwarhardwarnainitalnainitalnainitalnainitalnainitalpauri garhwalpauri garhwalpauri garhwalpauri garhwalpauri garhwalpithoragarhpithoragarhpithoragarhpithoragarhpithoragarhrudra prayagrudra prayagrudra prayagrudra prayagrudra prayagtehri garhwaltehri garhwaltehri garhwaltehri garhwaltehri garhwaludham singh nagarudham singh nagarudham singh nagarudham singh nagarudham singh nagaruttar kashiuttar kashiuttar kashiuttar kashiuttar kashispsr nellorespsr nellorespsr nellorespsr nellorespsr nellorevisakhapatanamvisakhapatanamvisakhapatanamvisakhapatanamvisakhapatanamparaganas northparaganas northparaganas northparaganas northparaganas northparaganas southparaganas southparaganas southparaganas southparaganas southalipurduaralipurduaralipurduaralipurduaralipurduarbankurabankurabankurabankurabankurabirbhumbirbhumbirbhumbirbhumbirbhumcoochbeharcoochbeharcoochbeharcoochbeharcoochbehardarjeelingdarjeelingdarjeelingdarjeelingdarjeelingdakshin dinajpurdakshin dinajpurdakshin dinajpurdakshin dinajpurdakshin dinajpuruttar dinajpuruttar dinajpuruttar dinajpuruttar dinajpuruttar dinajpurhooghlyhooghlyhooghlyhooghlyhooghlyhowrahhowrahhowrahhowrahhowrahjalpaigurijalpaigurijalpaigurijalpaigurijalpaigurijhargramjhargramjhargramjhargramjhargramkalimpongkalimpongkalimpongkalimpongkalimpongmaldahmaldahmaldahmaldahmaldahmedinipur eastmedinipur eastmedinipur eastmedinipur eastmedinipur eastmedinipur westmedinipur westmedinipur westmedinipur westmedinipur westmurshidabadmurshidabadmurshidabadmurshidabadmurshidabadnadianadianadianadianadiabarddhamanbarddhamanbarddhamanbarddhamanbarddhamanbarddhamanpuruliyapuruliyapuruliyapuruliyapuruliyaalappuzhaalappuzhaalappuzhaalappuzhaalappuzhaernakulamernakulamernakulamernakulamernakulamidukkiidukkiidukkiidukkiidukkikannurkannurkannurkannurkannurkasaragodkasaragodkasaragodkasaragodkasaragodkollamkollamkollamkollamkollamkottayamkottayamkottayamkottayamkottayamkozhikodekozhikodekozhikodekozhikodekozhikodemalappurammalappurammalappurammalappurammalappurampalakkadpalakkadpalakkadpalakkadpalakkadpathanamthittapathanamthittapathanamthittapathanamthittapathanamthittathiruvananthapuramthiruvananthapuramthiruvananthapuramthiruvananthapuramthiruvananthapuramthrissurthrissurthrissurthrissurthrissurwayanadwayanadwayanadwayanadwayanadbagalkotbagalkotbagalkotbagalkotbagalkotchikballapurachikballapurachikballapurachikballapurachikballapurachikkamagaluruchikkamagaluruchikkamagaluruchikkamagaluruchikkamagalurudavanageredavanageredavanageredavanageredavanagereyadagiriyadagiriyadagiriyadagiriyadagiriagraagraagraagraagraaligarhaligarhaligarhaligarhaligarhallahabadallahabadallahabadallahabadallahabadambedkar nagarambedkar nagarambedkar nagarambedkar nagarambedkar nagaramethiamethiamethiamethiamethiamrohaamrohaamrohaamrohaamrohaauraiyaauraiyaauraiyaauraiyaauraiyaazamgarhazamgarhazamgarhazamgarhazamgarhbaghpatbaghpatbaghpatbaghpatbaghpatbahraichbahraichbahraichbahraichbahraichballiaballiaballiaballiaballiabalrampurbalrampurbalrampurbalrampurbalrampurbandabandabandabandabandabarabankibarabankibarabankibarabankibarabankibareillybareillybareillybareillybareillybastibastibastibastibastibijnorbijnorbijnorbijnorbijnorbudaunbudaunbudaunbudaunbudaunbulandshahrbulandshahrbulandshahrbulandshahrbulandshahrchandaulichandaulichandaulichandaulichandaulichitrakootchitrakootchitrakootchitrakootchitrakootdeoriadeoriadeoriadeoriadeoriaetahetahetahetahetahetawahetawahetawahetawahetawahfaizabadfaizabadfaizabadfaizabadfaizabadfarrukhabadfarrukhabadfarrukhabadfarrukhabadfarrukhabadfatehpurfatehpurfatehpurfatehpurfatehpurfirozabadfirozabadfirozabadfirozabadfirozabadkanpur nagarkanpur nagarkanpur nagarkanpur nagarkanpur nagarghaziabadghaziabadghaziabadghaziabadghaziabadghazipurghazipurghazipurghazipurghazipurgondagondagondagondagondagorakhpurgorakhpurgorakhpurgorakhpurgorakhpurhamirpurhamirpurhamirpurhamirpurhamirpurhapurhapurhapurhapurhapurhardoihardoihardoihardoihardoihathrashathrashathrashathrashathrasjalaunjalaunjalaunjalaunjalaunjaunpurjaunpurjaunpurjaunpurjaunpurjhansijhansijhansijhansijhansikannaujkannaujkannaujkannaujkannaujkanpur dehatkanpur dehatkanpur dehatkanpur dehatkanpur dehatkasganjkasganjkasganjkasganjkasganjkaushambikaushambikaushambikaushambikaushambilakhimpur kherilakhimpur kherilakhimpur kherilakhimpur kherilakhimpur kherikushinagarkushinagarkushinagarkushinagarkushinagarlalitpurlalitpurlalitpurlalitpurlalitpurlucknowlucknowlucknowlucknowlucknowmaharajganjmaharajganjmaharajganjmaharajganjmaharajganjmahobamahobamahobamahobamahobamainpurimainpurimainpurimainpurimainpurimathuramathuramathuramathuramathuramaumaumaumaumaumeerutmeerutmeerutmeerutmeerutmirzapurmirzapurmirzapurmirzapurmirzapurmoradabadmoradabadmoradabadmoradabadmoradabadmuzaffarnagarmuzaffarnagarmuzaffarnagarmuzaffarnagarmuzaffarnagarpilibhitpilibhitpilibhitpilibhitpilibhitpratapgarhpratapgarhpratapgarhpratapgarhpratapgarhrae barelirae barelirae barelirae barelirae barelirampurrampurrampurrampurrampursaharanpursaharanpursaharanpursaharanpursaharanpursambhalsambhalsambhalsambhalsambhalsant kabeer nagarsant kabeer nagarsant kabeer nagarsant kabeer nagarsant kabeer nagarsant ravi das nagarsant ravi das nagarsant ravi das nagarsant ravi das nagarsant ravi das nagarshahajahanpurshahajahanpurshahajahanpurshahajahanpurshahajahanpurshamlishamlishamlishamlishamlishravastishravastishravastishravastishravastisiddharth nagarsiddharth nagarsiddharth nagarsiddharth nagarsiddharth nagarsitapursitapursitapursitapursitapursonbhadrasonbhadrasonbhadrasonbhadrasonbhadrasultanpursultanpursultanpursultanpursultanpurunnaounnaounnaounnaounnaovaranasivaranasivaranasivaranasivaranasiahmednagarahmednagarahmednagarahmednagarahmednagaramravatiamravatiamravatiamravatiamravatibeedbeedbeedbeedbeedbhandarabhandarabhandarabhandarabhandarachandrapurchandrapurchandrapurchandrapurchandrapurdhuledhuledhuledhuledhulegadchiroligadchiroligadchiroligadchiroligadchiroligondiagondiagondiagondiagondiakolhapurkolhapurkolhapurkolhapurkolhapurlaturlaturlaturlaturlaturnagpurnagpurnagpurnagpurnagpurnandednandednandednandednandednandurbarnandurbarnandurbarnandurbarnandurbarnashiknashiknashiknashiknashikosmanabadosmanabadosmanabadosmanabadosmanabadpalgharpalgharpalgharpalgharpalgharpunepunepunepunepuneraigadraigadraigadraigadraigadratnagiriratnagiriratnagiriratnagiriratnagirisanglisanglisanglisanglisanglisatarasatarasatarasatarasatarasindhudurgsindhudurgsindhudurgsindhudurgsindhudurgsolapursolapursolapursolapursolapurthanethanethanethanethaneanantnaganantnaganantnaganantnaganantnagbadgambadgambadgambadgambadgambandiporabandiporabandiporabandiporabandiporabaramullabaramullabaramullabaramullabaramulladodadodadodadodadodaganderbalganderbalganderbalganderbalganderbaljammujammujammujammujammukathuakathuakathuakathuakathuakishtwarkishtwarkishtwarkishtwarkishtwarkulgamkulgamkulgamkulgamkulgamkupwarakupwarakupwarakupwarakupwarapoonchpoonchpoonchpoonchpoonchpulwamapulwamapulwamapulwamapulwamarajaurirajaurirajaurirajaurirajaurirambanrambanrambanrambanrambanreasireasireasireasireasisambasambasambasambasambashopianshopianshopianshopianshopiansrinagarsrinagarsrinagarsrinagarsrinagarudhampurudhampurudhampurudhampurudhampurahmadabadahmadabadahmadabadahmadabadahmadabadanandanandanandanandanandaravalliaravalliaravalliaravalliaravallibharuchbharuchbharuchbharuchbharuchchhotaudepurchhotaudepurchhotaudepurchhotaudepurchhotaudepurdangdangdangdangdangdohaddohaddohaddohaddohadgandhinagargandhinagargandhinagargandhinagargandhinagarkhedakhedakhedakhedakhedamahesanamahesanamahesanamahesanamahesanamahisagarmahisagarmahisagarmahisagarmahisagarnarmadanarmadanarmadanarmadanarmadanavsarinavsarinavsarinavsarinavsaripanch mahalspanch mahalspanch mahalspanch mahalspanch mahalssabar kanthasabar kanthasabar kanthasabar kanthasabar kanthasuratsuratsuratsuratsuratsurendranagarsurendranagarsurendranagarsurendranagarsurendranagartapitapitapitapitapivadodaravadodaravadodaravadodaravadodaravalsadvalsadvalsadvalsadvalsadajmerajmerajmerajmerajmeralwaralwaralwaralwaralwarbanswarabanswarabanswarabanswarabanswarabaranbaranbaranbaranbaranbharatpurbharatpurbharatpurbharatpurbharatpurbhilwarabhilwarabhilwarabhilwarabhilwarabundibundibundibundibundichittorgarhchittorgarhchittorgarhchittorgarhchittorgarhdholpurdholpurdholpurdholpurdholpurdungarpurdungarpurdungarpurdungarpurdungarpurganganagarganganagarganganagarganganagarganganagarhanumangarhhanumangarhhanumangarhhanumangarhhanumangarhjhalawarjhalawarjhalawarjhalawarjhalawarkaraulikaraulikaraulikaraulikaraulikotakotakotakotakotarajsamandrajsamandrajsamandrajsamandrajsamandsawai madhopursawai madhopursawai madhopursawai madhopursawai madhopurtonktonktonktonktonkudaipurudaipurudaipurudaipurudaipurarariaarariaarariaarariaarariaarwalarwalarwalarwalarwalaurangabadaurangabadaurangabadaurangabadaurangabadbankabankabankabankabankabegusaraibegusaraibegusaraibegusaraibegusaraibhagalpurbhagalpurbhagalpurbhagalpurbhagalpurbhojpurbhojpurbhojpurbhojpurbhojpurbuxarbuxarbuxarbuxarbuxardarbhangadarbhangadarbhangadarbhangadarbhangagayagayagayagayagayagopalganjgopalganjgopalganjgopalganjgopalganjjamuijamuijamuijamuijamuijehanabadjehanabadjehanabadjehanabadjehanabadkaimurkaimurkaimurkaimurkaimurkatiharkatiharkatiharkatiharkatiharkhagariakhagariakhagariakhagariakhagariakishanganjkishanganjkishanganjkishanganjkishanganjlakhisarailakhisarailakhisarailakhisarailakhisaraimadhepuramadhepuramadhepuramadhepuramadhepuramadhubanimadhubanimadhubanimadhubanimadhubanimungermungermungermungermungermuzaffarpurmuzaffarpurmuzaffarpurmuzaffarpurmuzaffarpurnalandanalandanalandanalandanalandanawadanawadanawadanawadanawadapashchim champaranpashchim champaranpashchim champaranpashchim champaranpashchim champaranpatnapatnapatnapatnapatnapurbi champaranpurbi champaranpurbi champaranpurbi champaranpurbi champaranpurniapurniapurniapurniapurniarohtasrohtasrohtasrohtasrohtassaharsasaharsasaharsasaharsasaharsasamastipursamastipursamastipursamastipursamastipursaransaransaransaransaransheikhpurasheikhpurasheikhpurasheikhpurasheikhpurasheoharsheoharsheoharsheoharsheoharsitamarhisitamarhisitamarhisitamarhisitamarhisiwansiwansiwansiwansiwansupaulsupaulsupaulsupaulsupaulvaishalivaishalivaishalivaishalivaishalidinajpur dakshindinajpur dakshindinajpur dakshindinajpur dakshindinajpur dakshindinajpur uttardinajpur uttardinajpur uttardinajpur uttardinajpur uttarpaschim bardhamanpaschim bardhamanpaschim bardhamanpaschim bardhamanpaschim bardhamanpurba bardhamanpurba bardhamanpurba bardhamanpurba bardhamanpurba bardhamanpuruliapuruliapuruliapuruliapurulianagapattinamnagapattinamnagapattinamnagapattinamnagapattinamvirudunagarvirudunagarvirudunagarvirudunagarvirudunagaranugulanugulanugulanugulanugulbalangirbalangirbalangirbalangirbalangirbaleshwarbaleshwarbaleshwarbaleshwarbaleshwarbargarhbargarhbargarhbargarhbargarhbhadrakbhadrakbhadrakbhadrakbhadrakboudhboudhboudhboudhboudhcuttackcuttackcuttackcuttackcuttackdeogarhdeogarhdeogarhdeogarhdeogarhdhenkanaldhenkanaldhenkanaldhenkanaldhenkanalgajapatigajapatigajapatigajapatigajapatiganjamganjamganjamganjamganjamjagatsinghapurjagatsinghapurjagatsinghapurjagatsinghapurjagatsinghapurjajapurjajapurjajapurjajapurjajapurjharsugudajharsugudajharsugudajharsugudajharsugudakalahandikalahandikalahandikalahandikalahandikandhamalkandhamalkandhamalkandhamalkandhamalkendraparakendraparakendraparakendraparakendraparakendujharkendujharkendujharkendujharkendujharkhordhakhordhakhordhakhordhakhordhakoraputkoraputkoraputkoraputkoraputmalkangirimalkangirimalkangirimalkangirimalkangirimayurbhanjmayurbhanjmayurbhanjmayurbhanjmayurbhanjnabarangpurnabarangpurnabarangpurnabarangpurnabarangpurnayagarhnayagarhnayagarhnayagarhnayagarhnuapadanuapadanuapadanuapadanuapadapuripuripuripuripurirayagadarayagadarayagadarayagadarayagadasambalpursambalpursambalpursambalpursambalpursonepursonepursonepursonepursonepursundargarhsundargarhsundargarhsundargarhsundargarhbaksabaksabaksabaksabaksabarpetabarpetabarpetabarpetabarpetabongaigaonbongaigaonbongaigaonbongaigaonbongaigaoncacharcacharcacharcacharcacharchirangchirangchirangchirangchirangdarrangdarrangdarrangdarrangdarrangdhemajidhemajidhemajidhemajidhemajidhubridhubridhubridhubridhubridibrugarhdibrugarhdibrugarhdibrugarhdibrugarhdima hasaodima hasaodima hasaodima hasaodima hasaogoalparagoalparagoalparagoalparagoalparagolaghatgolaghatgolaghatgolaghatgolaghathailakandihailakandihailakandihailakandihailakandijorhatjorhatjorhatjorhatjorhatkamrupkamrupkamrupkamrupkamrupkarbi anglongkarbi anglongkarbi anglongkarbi anglongkarbi anglongkarimganjkarimganjkarimganjkarimganjkarimganjkokrajharkokrajharkokrajharkokrajharkokrajharlakhimpurlakhimpurlakhimpurlakhimpurlakhimpurmorigaonmorigaonmorigaonmorigaonmorigaonnagaonnagaonnagaonnagaonnagaonnalbarinalbarinalbarinalbarinalbarisivasagarsivasagarsivasagarsivasagarsivasagarsonitpursonitpursonitpursonitpursonitpurtinsukiatinsukiatinsukiatinsukiatinsukiaudalguriudalguriudalguriudalguriudalguribokarobokarobokarobokarobokarochatrachatrachatrachatrachatradeoghardeoghardeoghardeoghardeoghardhanbaddhanbaddhanbaddhanbaddhanbaddumkadumkadumkadumkadumkaeast singhbumeast singhbumeast singhbumeast singhbumeast singhbumgarhwagarhwagarhwagarhwagarhwagiridihgiridihgiridihgiridihgiridihgoddagoddagoddagoddagoddagumlagumlagumlagumlagumlahazaribaghhazaribaghhazaribaghhazaribaghhazaribaghjamtarajamtarajamtarajamtarajamtarakhuntikhuntikhuntikhuntikhuntikodermakodermakodermakodermakodermalateharlateharlateharlateharlateharlohardagalohardagalohardagalohardagalohardagapakurpakurpakurpakurpakurpalamupalamupalamupalamupalamuramgarhramgarhramgarhramgarhramgarhranchiranchiranchiranchiranchisahibganjsahibganjsahibganjsahibganjsahibganjsaraikelakharsawansaraikelakharsawansaraikelakharsawansaraikelakharsawansaraikelakharsawansimdegasimdegasimdegasimdegasimdegawest singhbhumwest singhbhumwest singhbhumwest singhbhumwest singhbhumbilaspurbilaspurbilaspurbilaspurbilaspurchambachambachambachambachambakangrakangrakangrakangrakangrakinnaurkinnaurkinnaurkinnaurkinnaurkullukullukullukullukullumandimandimandimandimandishimlashimlashimlashimlashimlasirmaursirmaursirmaursirmaursirmaursolansolansolansolansolanunaunaunaunaunakaimur (bhabua)kaimur (bhabua)kaimur (bhabua)kaimur (bhabua)kaimur (bhabua)baloda bazarbaloda bazarbaloda bazarbaloda bazarbaloda bazaruttar bastar kankeruttar bastar kankeruttar bastar kankeruttar bastar kankeruttar bastar kankerbemetarabemetarabemetarabemetarabemetarabijapurbijapurbijapurbijapurbijapurdantewadadantewadadantewadadantewadadantewadadhamtaridhamtaridhamtaridhamtaridhamtaridurgdurgdurgdurgdurggariabandgariabandgariabandgariabandgariabandjanjgirchampajanjgirchampajanjgirchampajanjgirchampajanjgirchampajashpurjashpurjashpurjashpurjashpurkabirdhamkabirdhamkabirdhamkabirdhamkabirdhamkondagaonkondagaonkondagaonkondagaonkondagaonkorbakorbakorbakorbakorbakoreakoreakoreakoreakoreamahasamundmahasamundmahasamundmahasamundmahasamundmungelimungelimungelimungelimungelinarayanpurnarayanpurnarayanpurnarayanpurnarayanpurraigarhraigarhraigarhraigarhraigarhraipurraipurraipurraipurraipurrajnandgaonrajnandgaonrajnandgaonrajnandgaonrajnandgaonsukmasukmasukmasukmasukmasurajpursurajpursurajpursurajpursurajpursurgujasurgujasurgujasurgujasurgujalahul and spitilahul and spitilahul and spitilahul and spitilahul and spitiarvalliarvalliarvalliarvalliarvallibanas kanthabanas kanthabanas kanthabanas kanthabanas kanthadevbhumi dwarkadevbhumi dwarkadevbhumi dwarkadevbhumi dwarkadevbhumi dwarkakachchhkachchhkachchhkachchhkachchhpatanpatanpatanpatanpatanrajkotrajkotrajkotrajkotrajkotahmadnagarahmadnagarahmadnagarahmadnagarahmadnagarakolaakolaakolaakolaakolabuldhanabuldhanabuldhanabuldhanabuldhanahingolihingolihingolihingolihingolijalgaonjalgaonjalgaonjalgaonjalgaonjalnajalnajalnajalnajalnaparbhaniparbhaniparbhaniparbhaniparbhaniwashimwashimwashimwashimwashimyavatmalyavatmalyavatmalyavatmalyavatmalagar malwaagar malwaagar malwaagar malwaagar malwaalirajpuralirajpuralirajpuralirajpuralirajpuranuppuranuppuranuppuranuppuranuppurashoknagarashoknagarashoknagarashoknagarashoknagarbalaghatbalaghatbalaghatbalaghatbalaghatbarwanibarwanibarwanibarwanibarwanibetulbetulbetulbetulbetulbhopalbhopalbhopalbhopalbhopalburhanpurburhanpurburhanpurburhanpurburhanpurchhatarpurchhatarpurchhatarpurchhatarpurchhatarpurchhindwarachhindwarachhindwarachhindwarachhindwaradamohdamohdamohdamohdamohdatiadatiadatiadatiadatiadewasdewasdewasdewasdewasdhardhardhardhardhardindoridindoridindoridindoridindorigunagunagunagunagunagwaliorgwaliorgwaliorgwaliorgwaliorhardahardahardahardahardahoshangabadhoshangabadhoshangabadhoshangabadhoshangabadindoreindoreindoreindoreindorejabalpurjabalpurjabalpurjabalpurjabalpurjhabuajhabuajhabuajhabuajhabuakatnikatnikatnikatnikatnikhandwakhandwakhandwakhandwakhandwakhargonekhargonekhargonekhargonekhargonemandlamandlamandlamandlamandlamandsaurmandsaurmandsaurmandsaurmandsaurmorenamorenamorenamorenamorenanarsinghpurnarsinghpurnarsinghpurnarsinghpurnarsinghpurneemuchneemuchneemuchneemuchneemuchpannapannapannapannapannaraisenraisenraisenraisenraisenrajgarhrajgarhrajgarhrajgarhrajgarhratlamratlamratlamratlamratlamrewarewarewarewarewasagarsagarsagarsagarsagarsatnasatnasatnasatnasatnasehoresehoresehoresehoresehoreseoniseoniseoniseoniseonishahdolshahdolshahdolshahdolshahdolshajapurshajapurshajapurshajapurshajapursheopursheopursheopursheopursheopurshivpurishivpurishivpurishivpurishivpurisidhisidhisidhisidhisidhisingraulisingraulisingraulisingraulisingraulitikamgarhtikamgarhtikamgarhtikamgarhtikamgarhujjainujjainujjainujjainujjainumariaumariaumariaumariaumariavidishavidishavidishavidishavidishabarmerbarmerbarmerbarmerbarmerchittaurgarhchittaurgarhchittaurgarhchittaurgarhchittaurgarhchuruchuruchuruchuruchurudausadausadausadausadausajaipurjaipurjaipurjaipurjaipurjalorejalorejalorejalorejalorejodhpurjodhpurjodhpurjodhpurjodhpurnagaurnagaurnagaurnagaurnagaurpalipalipalipalipalisikarsikarsikarsikarsikarsirohisirohisirohisirohisirohiharidwarharidwarharidwarharidwarharidwarudam singh nagarudam singh nagarudam singh nagarudam singh nagarudam singh nagarkanchipuramkanchipuramkanchipuramkanchipuramkanchipuramvillupuramvillupuramvillupuramvillupuramvillupurambhindbhindbhindbhindbhindbagalkotebagalkotebagalkotebagalkotebagalkotebuldanabuldanabuldanabuldanabuldanawardhawardhawardhawardhawardhasahebganjsahebganjsahebganjsahebganjsahebganjsaraikela kharsawansaraikela kharsawansaraikela kharsawansaraikela kharsawansaraikela kharsawangautam buddha nagargautam buddha nagargautam buddha nagargautam buddha nagargautam buddha nagarkherikherikherikherikherikushi nagarkushi nagarkushi nagarkushi nagarkushi nagarsant ravidas nagarsant ravidas nagarsant ravidas nagarsant ravidas nagarsant ravidas nagarmahendragarhmahendragarhmahendragarhmahendragarhmahendragarhjamnagarjamnagarjamnagarjamnagarjamnagarchamrajnagarchamrajnagarchamrajnagarchamrajnagarchamrajnagartumkurtumkurtumkurtumkurtumkurbalodbalodbalodbalodbalodbastarbastarbastarbastarbastargariyabandgariyabandgariyabandgariyabandgariyabandjanjgir-champajanjgir-champajanjgir-champajanjgir-champajanjgir-champakankerkankerkankerkankerkankeramreliamreliamreliamreliamrelibhavnagarbhavnagarbhavnagarbhavnagarbhavnagarbotadbotadbotadbotadbotadgir somnathgir somnathgir somnathgir somnathgir somnathjunagadhjunagadhjunagadhjunagadhjunagadhmorbimorbimorbimorbimorbikamrup metrokamrup metrokamrup metrokamrup metrokamrup metromarigaonmarigaonmarigaonmarigaonmarigaonbikanerbikanerbikanerbikanerbikanerjaisalmerjaisalmerjaisalmerjaisalmerjaisalmerjhunjhununjhunjhununjhunjhununjhunjhununjhunjhununshahjahanpurshahjahanpurshahjahanpurshahjahanpurshahjahanpurnicobarsnicobarsnicobarsnicobarsnicobarsnorth and middle andamannorth and middle andamannorth and middle andamannorth and middle andamannorth and middle andamansouth andamanssouth andamanssouth andamanssouth andamanssouth andamansanjawanjawanjawanjawanjawchanglangchanglangchanglangchanglangchanglangdibang valleydibang valleydibang valleydibang valleydibang valleyeast kamengeast kamengeast kamengeast kamengeast kamengeast siangeast siangeast siangeast siangeast siangkra daadikra daadikra daadikra daadikra daadikurung kumeykurung kumeykurung kumeykurung kumeykurung kumeylohitlohitlohitlohitlohitlongdinglongdinglongdinglongdinglongdinglower dibang valleylower dibang valleylower dibang valleylower dibang valleylower dibang valleylower subansirilower subansirilower subansirilower subansirilower subansirinamsainamsainamsainamsainamsaipapum parepapum parepapum parepapum parepapum paresiangsiangsiangsiangsiangtawangtawangtawangtawangtawangtiraptiraptiraptiraptirapupper siangupper siangupper siangupper siangupper siangupper subansiriupper subansiriupper subansiriupper subansiriupper subansiriwest kamengwest kamengwest kamengwest kamengwest kamengwest siangwest siangwest siangwest siangwest siangchandigarhchandigarhchandigarhchandigarhchandigarhdadra and nagar havelidadra and nagar havelidadra and nagar havelidadra and nagar havelidadra and nagar havelibishnupurbishnupurbishnupurbishnupurbishnupurchandelchandelchandelchandelchandelchurachandpurchurachandpurchurachandpurchurachandpurchurachandpurimphal eastimphal eastimphal eastimphal eastimphal eastimphal westimphal westimphal westimphal westimphal westsenapatisenapatisenapatisenapatisenapatitamenglongtamenglongtamenglongtamenglongtamenglongthoubalthoubalthoubalthoubalthoubalukhrulukhrulukhrulukhrulukhruleast garo hillseast garo hillseast garo hillseast garo hillseast garo hillseast jaintia hillseast jaintia hillseast jaintia hillseast jaintia hillseast jaintia hillseast khasi hillseast khasi hillseast khasi hillseast khasi hillseast khasi hillsnorth garo hillsnorth garo hillsnorth garo hillsnorth garo hillsnorth garo hillsri bhoiri bhoiri bhoiri bhoiri bhoisouth garo hillssouth garo hillssouth garo hillssouth garo hillssouth garo hillssouth west garo hillssouth west garo hillssouth west garo hillssouth west garo hillssouth west garo hillssouth west khasi hillssouth west khasi hillssouth west khasi hillssouth west khasi hillssouth west khasi hillswest garo hillswest garo hillswest garo hillswest garo hillswest garo hillswest jaintia hillswest jaintia hillswest jaintia hillswest jaintia hillswest jaintia hillswest khasi hillswest khasi hillswest khasi hillswest khasi hillswest khasi hillsaizawlaizawlaizawlaizawlaizawlchamphaichamphaichamphaichamphaichamphaikolasibkolasibkolasibkolasibkolasiblawngtlailawngtlailawngtlailawngtlailawngtlailungleilungleilungleilungleilungleimamitmamitmamitmamitmamitsaihasaihasaihasaihasaihaserchhipserchhipserchhipserchhipserchhipdimapurdimapurdimapurdimapurdimapurkiphirekiphirekiphirekiphirekiphirekohimakohimakohimakohimakohimalonglenglonglenglonglenglonglenglonglengmokokchungmokokchungmokokchungmokokchungmokokchungmonmonmonmonmonperenperenperenperenperenphekphekphekphekphektuensangtuensangtuensangtuensangtuensangwokhawokhawokhawokhawokhazunhebotozunhebotozunhebotozunhebotozunhebotokaraikalkaraikalkaraikalkaraikalkaraikalpondicherrypondicherrypondicherrypondicherrypondicherryyanamyanamyanamyanamyanameast districteast districteast districteast districteast districtnorth districtnorth districtnorth districtnorth districtnorth districtsouth districtsouth districtsouth districtsouth districtsouth districtwest districtwest districtwest districtwest districtwest districtadilabadadilabadadilabadadilabadadilabadbhadradribhadradribhadradribhadradribhadradrihanumakondahanumakondahanumakondahanumakondahanumakondajagitialjagitialjagitialjagitialjagitialjangoanjangoanjangoanjangoanjangoanjayashankarjayashankarjayashankarjayashankarjayashankarjogulambajogulambajogulambajogulambajogulambakamareddykamareddykamareddykamareddykamareddykarimnagarkarimnagarkarimnagarkarimnagarkarimnagarkhammamkhammamkhammamkhammamkhammamkomaram bheem asifabadkomaram bheem asifabadkomaram bheem asifabadkomaram bheem asifabadkomaram bheem asifabadmahabubabadmahabubabadmahabubabadmahabubabadmahabubabadmahbubnagarmahbubnagarmahbubnagarmahbubnagarmahbubnagarmancherialmancherialmancherialmancherialmancherialmedakmedakmedakmedakmedakmedchal malkajgirimedchal malkajgirimedchal malkajgirimedchal malkajgirimedchal malkajgirinagarkurnoolnagarkurnoolnagarkurnoolnagarkurnoolnagarkurnoolnalgondanalgondanalgondanalgondanalgondanirmalnirmalnirmalnirmalnirmalnizamabadnizamabadnizamabadnizamabadnizamabadpeddapallipeddapallipeddapallipeddapallipeddapallirajannarajannarajannarajannarajannarangareddirangareddirangareddirangareddirangareddisangareddysangareddysangareddysangareddysangareddysiddipetsiddipetsiddipetsiddipetsiddipetsuryapetsuryapetsuryapetsuryapetsuryapetvikarabadvikarabadvikarabadvikarabadvikarabadwanaparthywanaparthywanaparthywanaparthywanaparthywarangalwarangalwarangalwarangalwarangalyadadriyadadriyadadriyadadriyadadridhalaidhalaidhalaidhalaidhalaigomatigomatigomatigomatigomatikhowaikhowaikhowaikhowaikhowainorth tripuranorth tripuranorth tripuranorth tripuranorth tripurasepahijalasepahijalasepahijalasepahijalasepahijalasouth tripurasouth tripurasouth tripurasouth tripurasouth tripuraunakotiunakotiunakotiunakotiunakotiwest tripurawest tripurawest tripurawest tripurawest tripura,ricemaizebajraragijowarricemaizebajraragijowarricemaizebajraragijowarricemaizebajraragijowarricemaizebajraragijowarricemaizebajraragijowarricemaizebajraragijowarricemaizebajraragijowarricemaizebajraragijowarricemaizebajraragijowarricemaizebajraragijowarricemaizebajraragijowarricemaizebajraragijowarricemaizebajraragijowarricemaizebajraragijowarricemaizebajraragijowarricemaizebajraragijowarricemaizebajraragijowarricemaizebajraragijowarricemaizebajraragijowarricemaizebajraragijowarricemaizebajraragijowarricemaizebajraragijowarricemaizebajraragijowarricemaizebajraragijowarricemaizebajraragijowarricemaizebajraragijowarricemaizebajraragijowarricemaizebajraragijowarricemaizebajraragijowarricemaizebajraragijowarricemaizebajraragijowarricemaizebajraragijowarricemaizebajraragijowarricemaizebajraragijowarricemaizebajraragijowarricemaizebajraragijowarricemaizebajraragijowarricemaizebajraragijowarricemaizebajraragijowarricemaizebajraragijowarricemaizebajraragijowarricemaizebajraragijowarricemaizebajraragijowarricemaizebajraragijowarricemaizebajraragijowarricemaizebajraragijowarricemaizebajraragijowarricemaizebajraragijowarricemaizebajraragijowarricemaizebajraragijowarricemaizebajraragijowarricemaizebajraragijowarricemaizebajraragijowarricemaizebajraragijowarricemaizebajraragijowarricemaizebajraragijowarricemaizebajraragijowarricemaizebajraragijowarricemaizebajraragijowarricemaizebajraragijowarricemaizebajraragijowarricemaizebajraragijowarricemaizebajraragijowarricemaizebajraragijowarricemaizebajraragijowarricemaizebajraragijowarricemaizebajraragijowarricemaizebajraragijowarricemaizebajraragijowarricemaizebajraragijowarricemaizebajraragijowarricemaizebajraragijowarricemaizebajraragijowarricemaizebajraragijowarricemaizebajraragijowarricemaizebajraragijowarricemaizebajraragijowarricemaizebajraragijowarricemaizebajraragijowarricemaizebajraragijowarricemaizebajraragijowarricemaizebajraragijowarricemaizebajraragijowarricemaizebajraragijowarricemaizebajraragijowarricemaizebajraragijowarricemaizebajraragijowarricemaizebajraragijowarricemaizebajraragijowarricemaizebajraragijowarricemaizebajraragijowarricemaizebajraragijowarricemaizebajraragijowarricemaizebajraragijowarricemaizebajraragijowarricemaizebajraragijowarricemaizebajraragijowarricemaizebajraragijowarricemaizebajraragijowarricemaizebajraragijowarricemaizebajraragijowarricemaizebajraragijowarricemaizebajraragijowarricemaizebajraragijowarricemaizebajraragijowarricemaizebajraragijowarricemaizebajraragijowarricemaizebajraragijowarricemaizebajraragijowarricemaizebajraragijowarricemaizebajraragijowarricemaizebajraragijowarricemaizebajraragijowarricemaizebajraragijowarricemaizebajraragijowarricemaizebajraragijowarricemaizebajraragijowarricemaizebajraragijowarricemaizebajraragijowarricemaizebajraragijowarricemaizebajraragijowarricemaizebajraragijowarricemaizebajraragijowarricemaizebajraragijowarricemaizebajraragijowarricemaizebajraragijowarricemaizebajraragijowarricemaizebajraragijowarricemaizebajraragijowarricemaizebajraragijowarricemaizebajraragijowarricemaizebajraragijowarricemaizebajraragijowarricemaizebajraragijowarricemaizebajraragijowarricemaizebajraragijowarricemaizebajraragijowarricemaizebajraragijowarricemaizebajraragijowarricemaizebajraragijowarricemaizebajraragijowarricemaizebajraragijowarricemaizebajraragijowarricemaizebajraragijowarricemaizebajraragijowarricemaizebajraragijowarricemaizebajraragijowarricemaizebajraragijowarricericemaizebajraragijowarricemaizebajraragijowarricemaizebajraragijowarricemaizebajraragijowarricemaizebajraragijowarricemaizebajraragijowarricemaizebajraragijowarricemaizebajraragijowarricemaizebajraragijowarricemaizebajraragijowarricemaizebajraragijowarricemaizebajraragijowarricemaizebajraragijowarricemaizebajraragijowarricemaizebajraragijowarricemaizebajraragijowarricemaizebajraragijowarricemaizebajraragijowarricemaizebajraragijowarricemaizebajraragijowarricemaizebajraragijowarricemaizebajraragijowarricemaizebajraragijowarricemaizebajraragijowarricemaizebajraragijowarricemaizebajraragijowarricemaizebajraragijowarricemaizebajraragijowarricemaizebajraragijowarricemaizebajraragijowarricemaizebajraragijowarricemaizebajraragijowarricemaizebajraragijowarricemaizebajraragijowarricemaizebajraragijowarricemaizebajraragijowarricemaizebajraragijowarricemaizebajraragijowarricemaizebajraragijowarricemaizebajraragijowarricemaizebajraragijowarricemaizebajraragijowarricemaizebajraragijowarricemaizebajraragijowarricemaizebajraragijowarricemaizebajraragijowarricemaizebajraragijowarricemaizebajraragijowarricemaizebajraragijowarricemaizebajraragijowarricemaizebajraragijowarricemaizebajraragijowarricemaizebajraragijowarricemaizebajraragijowarricemaizebajraragijowarricemaizebajraragijowarricemaizebajraragijowarricemaizebajraragijowarricemaizebajraragijowarricemaizebajraragijowarricemaizebajraragijowarricemaizebajraragijowarricemaizebajraragijowarricemaizebajraragijowarricemaizebajraragijowarricemaizebajraragijowarricemaizebajraragijowarricemaizebajraragijowarricemaizebajraragijowarricemaizebajraragijowarricemaizebajraragijowarricemaizebajraragijowarricemaizebajraragijowarricemaizebajraragijowarricemaizebajraragijowarricemaizebajraragijowarricemaizebajraragijowarricemaizebajraragijowarricemaizebajraragijowarricemaizebajraragijowarricemaizebajraragijowarricemaizebajraragijowarricemaizebajraragijowarricemaizebajraragijowarricemaizebajraragijowarricemaizebajraragijowarricemaizebajraragijowarricemaizebajraragijowarricemaizebajraragijowarricemaizebajraragijowarricemaizebajraragijowarricemaizebajraragijowarricemaizebajraragijowarricemaizebajraragijowarricemaizebajraragijowarricemaizebajraragijowarricemaizebajraragijowarricemaizebajraragijowarricemaizebajraragijowarricemaizebajraragijowarricemaizebajraragijowarricemaizebajraragijowarricemaizebajraragijowarricemaizebajraragijowarricemaizebajraragijowarricemaizebajraragijowarricemaizebajraragijowarricemaizebajraragijowarricemaizebajraragijowarricemaizebajraragijowarricemaizebajraragijowarricemaizebajraragijowarricemaizebajraragijowarricemaizebajraragijowarricemaizebajraragijowarricemaizebajraragijowarricemaizebajraragijowarricemaizebajraragijowarricemaizebajraragijowarricemaizebajraragijowarricemaizebajraragijowarricemaizebajraragijowarricemaizebajraragijowarricemaizebajraragijowarricemaizebajraragijowarricemaizebajraragijowarricemaizebajraragijowarricemaizebajraragijowarricemaizebajraragijowarricemaizebajraragijowarricemaizebajraragijowarricemaizebajraragijowarricemaizebajraragijowarricemaizebajraragijowarricemaizebajraragijowarricemaizebajraragijowarricemaizebajraragijowarricemaizebajraragijowarricemaizebajraragijowarricemaizebajraragijowarricemaizebajraragijowarricemaizebajraragijowarricemaizebajraragijowarricemaizebajraragijowarricemaizebajraragijowarricemaizebajraragijowarricemaizebajraragijowarricemaizebajraragijowarricemaizebajraragijowarricemaizebajraragijowarricemaizebajraragijowarricemaizebajraragijowarricemaizebajraragijowarricemaizebajraragijowarricemaizebajraragijowarricemaizebajraragijowarricemaizebajraragijowarricemaizebajraragijowarricemaizebajraragijowarricemaizebajraragijowarricemaizebajraragijowarricemaizebajraragijowarricemaizebajraragijowarricemaizebajraragijowarricemaizebajraragijowarricemaizebajraragijowarricemaizebajraragijowarricemaizebajraragijowarricemaizebajraragijowarricemaizebajraragijowarricemaizebajraragijowarricemaizebajraragijowarricemaizebajraragijowarricemaizebajraragijowarricemaizebajraragijowarricemaizebajraragijowarricemaizebajraragijowarricemaizebajraragijowarricemaizebajraragijowarricemaizebajraragijowarricemaizebajraragijowarricemaizebajraragijowarricemaizebajraragijowarricemaizebajraragijowarricemaizebajraragijowarricemaizebajraragijowarricemaizebajraragijowarricemaizebajraragijowarricemaizebajraragijowarricemaizebajraragijowarricemaizebajraragijowarricemaizebajraragijowarricemaizebajraragijowarricemaizebajraragijowarricemaizebajraragijowarricemaizebajraragijowarricemaizebajraragijowarricemaizebajraragijowarricemaizebajraragijowarricemaizebajraragijowarricemaizebajraragijowarricemaizebajraragijowarricemaizebajraragijowarricemaizebajraragijowarricemaizebajraragijowarricemaizebajraragijowarricemaizebajraragijowarricemaizebajraragijowarricemaizebajraragijowarricemaizebajraragijowarricemaizebajraragijowarricemaizebajraragijowarricemaizebajraragijowarricemaizebajraragijowarricemaizebajraragijowarricemaizebajraragijowarricemaizebajraragijowarricemaizebajraragijowarricemaizebajraragijowarricemaizebajraragijowarricemaizebajraragijowarricemaizebajraragijowarricemaizebajraragijowarricemaizebajraragijowarricemaizebajraragijowarricemaizebajraragijowarricemaizebajraragijowarricemaizebajraragijowarricemaizebajraragijowarricemaizebajraragijowarricemaizebajraragijowarricemaizebajraragijowarricemaizebajraragijowarricemaizebajraragijowarricemaizebajraragijowarricemaizebajraragijowarricemaizebajraragijowarricemaizebajraragijowarricemaizebajraragijowarricemaizebajraragijowarricemaizebajraragijowarricemaizebajraragijowarricemaizebajraragijowarricemaizebajraragijowarricemaizebajraragijowarricemaizebajraragijowarricemaizebajraragijowarricemaizebajraragijowarricemaizebajraragijowarricemaizebajraragijowarricemaizebajraragijowarricemaizebajraragijowarricemaizebajraragijowarricemaizebajraragijowarricemaizebajraragijowarricemaizebajraragijowarricemaizebajraragijowarricemaizebajraragijowarricemaizebajraragijowarricemaizebajraragijowarricemaizebajraragijowarricemaizebajraragijowarricemaizebajraragijowarricemaizebajraragijowarricemaizebajraragijowarricemaizebajraragijowarricemaizebajraragijowarricemaizebajraragijowarricemaizebajraragijowarricemaizebajraragijowarricemaizebajraragijowarricemaizebajraragijowarricemaizebajraragijowarricemaizebajraragijowarricemaizebajraragijowarricemaizebajraragijowarricemaizebajraragijowarricemaizebajraragijowarricemaizebajraragijowarricemaizebajraragijowarricemaizebajraragijowarricemaizebajraragijowarricemaizebajraragijowarricemaizebajraragijowarricemaizebajraragijowarricemaizebajraragijowarricemaizebajraragijowarricemaizebajraragijowarricemaizebajraragijowarricemaizebajraragijowarricemaizebajraragijowarricemaizebajraragijowarricemaizebajraragijowarricemaizebajraragijowarricemaizebajraragijowarricemaizebajraragijowarricemaizebajraragijowarricemaizebajraragijowarricemaizebajraragijowarricemaizebajraragijowarricemaizebajraragijowarricemaizebajraragijowarricemaizebajraragijowarricemaizebajraragijowarricemaizebajraragijowarricemaizebajraragijowarricemaizebajraragijowarricemaizebajraragijowarricemaizebajraragijowarricemaizebajraragijowarricemaizebajraragijowarricemaizebajraragijowarricemaizebajraragijowarricemaizebajraragijowarricemaizebajraragijowarricemaizebajraragijowarricemaizebajraragijowarricemaizebajraragijowarricemaizebajraragijowarricemaizebajraragijowarricemaizebajraragijowarricemaizebajraragijowarricemaizebajraragijowarricemaizebajraragijowarricemaizebajraragijowarricemaizebajraragijowarricemaizebajraragijowarricemaizebajraragijowarricemaizebajraragijowarricemaizebajraragijowarricemaizebajraragijowarricemaizebajraragijowarricemaizebajraragijowarricemaizebajraragijowarricemaizebajraragijowarricemaizebajraragijowarricemaizebajraragijowarricemaizebajraragijowarricemaizebajraragijowarricemaizebajraragijowarricemaizebajraragijowarricemaizebajraragijowarricemaizebajraragijowarricemaizebajraragijowarricemaizebajraragijowarricemaizebajraragijowarricemaizebajraragijowarricemaizebajraragijowarricemaizebajraragijowarricemaizebajraragijowarricemaizebajraragijowarricemaizebajraragijowarricemaizebajraragijowarricemaizebajraragijowarricemaizebajraragijowarricemaizebajraragijowarricemaizebajraragijowarricemaizebajraragijowarricemaizebajraragijowarricemaizebajraragijowarricemaizebajraragijowarricemaizebajraragijowarricemaizebajraragijowarricemaizebajraragijowarricemaizebajraragijowarricemaizebajraragijowarricemaizebajraragijowarricemaizebajraragijowarricemaizebajraragijowarricemaizebajraragijowarricemaizebajraragijowarricemaizebajraragijowarricemaizebajraragijowarricemaizebajraragijowarricemaizebajraragijowarricemaizebajraragijowarricemaizebajraragijowarricemaizebajraragijowarricemaizebajraragijowarricemaizebajraragijowarricemaizebajraragijowarricemaizebajraragijowarricemaizebajraragijowarricemaizebajraragijowarricemaizebajraragijowarricemaizebajraragijowarricemaizebajraragijowarricemaizebajraragijowarricemaizebajraragijowarricemaizebajraragijowarricemaizebajraragijowarricemaizebajraragijowarricemaizebajraragijowarricemaizebajraragijowarricemaizebajraragijowarricemaizebajraragijowarricemaizebajraragijowarricemaizebajraragijowarricemaizebajraragijowarricemaizebajraragijowarricemaizebajraragijowarricemaizebajraragijowarricemaizebajraragijowarricemaizebajraragijowarricemaizebajraragijowarricemaizebajraragijowarricemaizebajraragijowarricemaizebajraragijowarricemaizebajraragijowarricemaizebajraragijowarricemaizebajraragijowarricemaizebajraragijowarricemaizebajraragijowarricemaizebajraragijowarricemaizebajraragijowarricemaizebajraragijowarricemaizebajraragijowarricemaizebajraragijowarricemaizebajraragijowarricemaizebajraragijowarricemaizebajraragijowarricemaizebajraragijowarricemaizebajraragijowarricemaizebajraragijowarricemaizebajraragijowarricemaizebajraragijowarricemaizebajraragijowarricemaizebajraragijowarricemaizebajraragijowarricemaizebajraragijowarricemaizebajraragijowarricemaizebajraragijowarricemaizebajraragijowarricemaizebajraragijowarricemaizebajraragijowarricemaizebajraragijowarricemaizebajraragijowarricemaizebajraragijowarricemaizebajraragijowarricemaizebajraragijowarricemaizebajraragijowarricemaizebajraragijowarricemaizebajraragijowarricemaizebajraragijowarricemaizebajraragijowarricemaizebajraragijowarricemaizebajraragijowarricemaizebajraragijowarricemaizebajraragijowarricemaizebajraragijowarricemaizebajraragijowarricemaizebajraragijowarricemaizebajraragijowarricemaizebajraragijowarricemaizebajraragijowarricemaizebajraragijowarricemaizebajraragijowarricemaizebajraragijowarricemaizebajraragijowarricemaizebajraragijowarricemaizebajraragijowarricemaizebajraragijowarricemaizebajraragijowarricemaizebajraragijowarricemaizebajraragijowarricemaizebajraragijowarricemaizebajraragijowarricemaizebajraragijowarricemaizebajraragijowarricemaizebajraragijowarricemaizebajraragijowarricemaizebajraragijowarricemaizebajraragijowarricemaizebajraragijowarricemaizebajraragijowarricemaizebajraragijowarricemaizebajraragijowarricemaizebajraragijowarricemaizebajraragijowarricemaizebajraragijowarricemaizebajraragijowarricemaizebajraragijowarricemaizebajraragijowarricemaizebajraragijowarricemaizebajraragijowarricemaizebajraragijowarricemaizebajraragijowarricemaizebajraragijowarricemaizebajraragijowarricemaizebajraragijowarricemaizebajraragijowarricemaizebajraragijowarricemaizebajraragijowarricemaizebajraragijowarricemaizebajraragijowarricemaizebajraragijowarricemaizebajraragijowarricemaizebajraragijowarricemaizebajraragijowarricemaizebajraragijowarricemaizebajraragijowarricemaizebajraragijowarricemaizebajraragijowarricemaizebajraragijowarricemaizebajraragijowarricemaizebajraragijowarricemaizebajraragijowarricemaizebajraragijowarricemaizebajraragijowarricemaizebajraragijowarricemaizebajraragijowarricemaizebajraragijowarricemaizebajraragijowarricemaizebajraragijowarricemaizebajraragijowarricemaizebajraragijowarricemaizebajraragijowarricemaizebajraragijowarricemaizebajraragijowarricemaizebajraragijowarricemaizebajraragijowarricemaizebajraragijowarricemaizebajraragijowarricemaizebajraragijowarricemaizebajraragijowarricemaizebajraragijowarricemaizebajraragijowarricemaizebajraragijowarricemaizebajraragijowarricemaizebajraragijowarricemaizebajraragijowarricemaizebajraragijowarricemaizebajraragijowarricemaizebajraragijowarricemaizebajraragijowarricemaizebajraragijowarricemaizebajraragijowarricemaizebajraragijowarricemaizebajraragijowarricemaizebajraragijowarricemaizebajraragijowarricemaizebajraragijowarricemaizebajraragijowarricemaizebajraragijowarricemaizebajraragijowarricemaizebajraragijowarricemaizebajraragijowarricemaizebajraragijowarricemaizebajraragijowarricemaizebajraragijowarricemaizebajraragijowarricemaizebajraragijowarricemaizebajraragijowarricemaizebajraragijowarricemaizebajraragijowarricemaizebajraragijowarricemaizebajraragijowarricemaizebajraragijowar,4713055.0,4632587.0,111522.987746,13083395783.062145,12736051000.274914,540021812.1639867,535704003.255122,206867502.9931522,209760191.328038,372641304.5054726,371459361.25157714,168559637.26899317,174003586.22726652,46186205563664.73,45317945260978.29,30874338.49517244,37612451.67398872,196381967.47438404,195759083.37958115,14421218.484361788,14375477.280436033,22247457531.276924,24679601853.76481,-4876787516.798841,-7801084776.771282,4301353.0,9.854876658461437,-0.31818911493119445,3.1286418149813278,-0.8060064667480891,1.3790454311523832,-1.9159304281919116,37.4857772175468,17.914581153124068,-0.31818911493119806,-0.31818911493118324
